10000
9.85115
9.834784
9.782573
9.812408
9.76193
9.796157
9.769919
9.749725
9.728037
9.6207
9.579985
9.5579605
9.542383
9.457875
9.483234
9.416379
9.435965
9.337936
9.245482
9.21264
9.223406
9.2529125
9.1297245
9.022024
9.120202
9.086431
9.110336
9.016135
8.935708
8.9219265
8.812958
8.815258
8.709964
8.710606
8.612623
8.611819
8.503707
8.385298
8.297808
8.352644
8.3708725
8.200481
8.099691
8.055519
8.045298
7.8912673
7.772494
7.814768
7.615682
7.538983
7.275067
7.494078
7.3266144
7.1528907
7.0724583
7.0072904
6.989929
6.853131
6.944144
6.9551187
7.0372367
7.0034404
6.9390874
6.7843614
6.9450846
6.8482366
6.826846
6.851306
6.8888493
6.957374
6.936124
7.0075603
6.957727
6.9481974
6.9973264
6.978157
7.108216
6.9913297
7.0608926
6.7981534
7.0504503
6.896993
6.978979
6.852166
7.004355
6.8453765
6.902951
7.0265236
6.9575486
6.958489
6.972999
7.231449
7.4053864
7.3997464
7.4907017
7.562601
7.587812
7.8347554
7.949043
8.242751
8.159427
8.207598
8.182024
8.03866
8.088058
8.238562
8.30039
8.274788
8.231141
8.502648
8.402311
8.3299265
8.299701
8.227026
8.177329
8.1220875
8.115603
8.192223
8.135284
8.112397
8.052794
7.974381
7.9109707
8.0499
7.9818835
7.975438
7.983373
7.904208
7.8551884
7.780817
7.7483582
7.652962
7.5956717
7.648789
7.5629787
7.586235
7.5042515
7.6164646
7.560082
7.563158
7.609323
7.590782
7.550304
7.5667105
7.5004387
7.580292
7.528419
7.5580125
7.609469
7.5432587
7.5035443
7.6096487
7.4937534
7.495057
7.4167943
7.412147
7.393706
7.415183
7.280926
7.32733
7.3724556
7.336858
7.2995834
7.3935275
7.3211474
7.2611904
7.26107
7.3407607
7.354304
7.338006
7.371748
7.3989162
7.5085735
7.5382795
7.318186
7.3887053
7.303206
7.273675
7.31677
7.265753
7.1667523
7.1271844
7.1142664
7.1241307
7.0333614
7.1051044
7.102662
7.087161
7.1214128
7.0124393
7.185804
7.0506315
7.018716
6.9175825
6.871838
6.7942686
6.778369
6.6738667
6.529503
6.8851132
6.598234
6.6966805
6.555719
6.5695443
6.5589137
6.3650293
6.366871
6.4126472
6.3875294
6.2515225
6.33621
6.2556276
6.5286727
6.4319754
6.596735
6.2236094
6.461962
6.604164
6.627711
6.6948767
6.5034795
6.6585126
6.532681
6.8279014
6.6969914
6.7249885
6.485051
6.7944827
6.5923867
6.772721
6.7344856
6.692292
6.6584997
6.6734138
6.7085695
6.6976824
6.6277723
6.5603437
6.6720443
6.7050953
6.5682883
6.64254
6.45448
6.742352
6.634712
6.850448
6.4775286
6.860688
6.791021
6.733435
6.7401915
6.3664155
6.6590037
6.549239
6.555516
6.505158
6.603066
6.5631013
6.7550783
6.7437634
6.5556264
6.506262
6.686397
6.6143847
6.7168674
6.6366215
6.5950336
6.7601714
6.7902374
6.6321297
6.701199
6.6818113
6.6338773
6.5693035
6.6790786
6.4680753
6.6167083
6.8186045
6.68343
6.5841413
6.7322283
6.724459
6.664741
6.646611
6.536518
6.63446
6.511986
6.7011623
6.692735
6.6081705
6.561344
6.5682416
6.454969
6.4396515
6.6369476
6.281979
6.4291315
6.507168
6.317816
6.4280167
6.2584996
6.3437157
6.4511986
6.1581116
6.3111753
6.1801267
6.5182295
6.4248395
6.4261236
6.380327
6.4059563
6.519003
6.4739795
6.3786917
6.5364594
6.5990415
6.608963
6.2312584
6.6776686
6.475514
6.562085
6.454319
6.562225
6.368638
6.616475
6.5516486
6.536046
6.456006
6.5062532
6.4416857
6.5468206
6.359844
6.575522
6.2867966
6.5208945
6.3057957
6.519122
6.5285006
6.3564816
6.4044414
6.4281197
6.5021772
6.4454904
6.3732595
6.2881556
6.2879634
6.3591413
6.3798475
6.367887
6.3125076
6.4389625
6.351494
6.355627
6.2002606
6.467164
6.4583964
6.494078
6.5378394
6.611025
6.519663
6.5245395
6.596137
6.596649
6.6742144
6.9217477
6.8479133
6.874313
6.8145046
6.8872128
6.8603764
6.845878
6.8879466
6.911015
6.9418383
7.1262574
6.944337
7.1158953
6.9473257
7.013167
6.8575616
6.905264
6.932623
6.954968
6.836418
6.797912
6.9139223
6.966109
6.850079
6.8911376
6.802228
6.8075504
6.8001013
6.704019
6.68007
6.5885134
6.6320596
6.643763
6.719209
6.702659
6.6061573
6.8852987
6.586328
6.694207
6.6625605
6.6636376
6.4949703
6.598936
6.647771
6.5296535
6.558962
6.655817
6.573342
6.6678395
6.7061257
6.7005744
6.7708807
6.7366595
6.6336184
6.682967
6.6513424
6.827997
6.5871363
6.645178
6.633705
6.656221
6.65831
6.76727
6.6020784
6.645553
6.729904
6.7892537
6.639538
6.7972198
6.895112
6.819358
6.715527
6.6345506
6.7005577
7.0111237
6.8884068
6.8154635
6.872031
6.965854
6.8291483
6.8885765
6.941314
7.0111976
6.936375
7.134065
7.024029
6.9004345
6.8111424
6.88928
6.90771
6.7172756
6.796837
6.928889
6.8869324
6.882315
6.901626
6.8530273
6.98505
6.7749953
7.014936
6.816595
6.842294
6.8968105
6.7188787
6.937812
6.779313
6.6582675
6.9054103
6.925023
6.7462626
6.8247576
6.8514943
6.8422956
7.0558834
6.7643676
6.8618984
6.8176975
6.936271
6.716045
6.9345555
6.8192296
6.955829
6.898033
6.971205
6.9676976
6.903743
7.0596743
7.0230374
6.948043
7.0922146
7.0309763
7.1723957
7.2883997
7.0069513
7.408152
7.3022842
7.2692137
7.2283134
7.324689
7.1845617
7.279195
7.178805
7.396058
7.3781695
7.454353
7.4154687
7.433808
7.3434305
7.1625776
7.206651
7.1148596
7.3481417
7.388713
7.40462
7.2389145
7.1461034
7.20543
7.383248
7.123318
7.153014
7.1410527
7.103907
6.927346
6.9893365
6.987215
6.983072
7.000312
7.052447
6.9956813
7.156557
6.920123
6.933627
6.925622
6.9332843
7.0479226
6.9682827
6.9055653
6.9273815
6.9002366
6.932348
6.9848175
6.9324756
6.9935207
7.012253
6.915947
6.8771524
6.783892
6.927506
7.021883
6.960073
6.8568196
6.849154
6.873972
6.805917
7.0232115
6.97678
7.16208
6.9855556
7.0594296
7.172694
7.1170774
7.0843368
6.984052
7.0516562
7.0818553
7.133222
7.2461815
7.2531333
7.444718
7.247713
7.3858895
7.3881087
7.348056
7.3549685
7.3069634
7.2952166
7.4084334
7.407217
7.324089
7.1349263
7.1402617
7.3487496
7.3269434
7.3860707
7.3014164
7.3528376
7.167401
7.1541977
7.311532
7.228701
7.3276124
7.320257
7.2325883
6.8604736
6.957327
7.0647793
6.9903207
7.0709896
7.0421762
6.9497786
6.856217
6.7020073
6.862446
6.834863
6.796754
6.854114
6.8429766
6.716637
6.964934
6.880407
6.763183
6.892437
6.9221554
6.8674173
6.875664
6.75
7.0340557
6.87978
6.8427796
6.8998938
6.9315357
6.9357543
7.0191708
6.788474
7.026787
6.933237
7.057438
6.8728147
6.965386
6.9490204
7.0729847
6.8139877
7.2045674
7.1989484
6.894645
7.145666
7.28504
7.214948
7.1803966
7.190363
7.221906
7.0842934
7.2787485
7.4612107
7.2996225
7.34708
7.33488
7.2516317
7.411116
7.5629244
7.23818
7.4148855
7.379903
7.461579
7.168164
7.3870625
7.4742928
7.2105694
7.400642
7.0926905
7.298292
7.242469
7.1140523
7.238624
7.4234266
7.225812
6.9695287
7.2774076
7.175296
7.0697455
7.024978
7.0699005
6.8483715
7.067928
6.917652
6.945844
6.913781
6.8493686
6.6752424
6.835205
6.784733
6.667381
6.8529696
6.9087625
6.8223224
6.8256965
6.6718616
6.895091
7.0389957
6.9423466
6.895696
6.9024124
6.7002783
6.9331446
6.9757667
6.887731
6.9331684
6.7963448
7.045505
6.9058967
7.0414257
6.802536
7.034432
6.9754944
6.8580413
6.9868546
6.8923697
7.04471
7.052365
7.0257015
7.0992293
6.9292536
7.180144
6.9961534
7.229883
7.1912346
7.0433044
7.1280365
7.0670624
7.0812387
7.398457
7.041354
7.394635
7.085927
7.394384
7.329342
7.3698835
7.451016
7.1843543
7.320585
7.2969694
7.2240562
7.314762
7.2277727
7.147297
7.163952
7.2190957
7.1032486
7.0997686
7.1372786
7.1497273
7.216674
7.224738
7.1509666
7.2114916
7.029899
7.1189218
6.938781
7.114427
6.9217205
7.0514627
6.9409738
6.982426
6.8646073
6.8617015
6.813444
6.6456375
6.711903
6.746003
6.8812976
6.9162316
6.8846245
6.742034
6.8368626
7.0857
6.868595
7.175076
7.162793
7.1122103
7.1094284
6.8478637
6.562831
6.4609714
6.6370587
6.6050415
6.1913953
6.006913
0
5.242012
0
0
0
0
0
0
0
0
0
0
0
0
0
0
0
0
0
0
0
0
0
0
0
0
0
0
4.2478867
0
0
0
0
0
0
0
6.024943
0
0
0
0
0
0
6.4145374
6.893013
6.859946
6.752738
6.6443586
6.9518867
6.996563
6.8806
7.017452
7.07559
6.7941723
7.0638323
7.0384784
6.9253144
6.943091
7.025194
7.108457
7.238917
7.0878873
6.986942
7.04405
7.201939
7.162219
7.1532154
7.182156
7.0555735
7.1430206
7.1743364
6.9285583
7.1145577
6.990157
6.9951377
7.131516
6.887855
7.219595
7.2454243
7.3518424
7.221885
7.3919835
7.354891
7.3736706
7.314578
7.448211
7.4164114
7.5612965
7.4612083
7.4989038
7.5900283
7.6095114
7.5738277
7.5038395
7.615343
7.544966
7.4399967
7.557116
7.5061026
7.59118
7.530481
7.511351
7.499913
7.569424
7.6324368
7.525416
7.4083967
7.5375876
7.4507904
7.405865
7.3580947
7.481227
7.260393
7.4757533
7.1954274
7.2257977
7.245054
7.4229994
7.3153925
7.2764125
7.2758813
7.301647
7.270054
7.406751
7.3772397
7.3677197
7.2372513
7.2973814
7.4463835
7.494557
7.542546
7.3652887
7.59723
7.3770313
7.514834
7.4418635
7.5556436
7.5697837
7.524147
7.477612
7.5531707
7.468978
7.467077
7.566723
7.492859
7.648319
7.5767193
7.550719
7.717645
7.763604
7.7395835
7.621982
7.837902
7.8117933
7.693829
7.845232
7.6696863
7.679143
7.6310625
7.6282578
7.3748465
7.3386216
7.4923077
7.529471
7.523521
7.387892
7.321271
7.4150853
7.4114094
7.519378
7.2126803
7.3969116
7.2467027
7.309502
7.1679835
7.3711643
7.29107
7.077004
7.4626975
7.3342147
7.470936
7.265662
7.376078
7.215205
7.382907
7.4298844
7.242277
7.3865204
7.2245064
7.281367
7.368306
7.351298
7.417593
7.4328804
7.5435047
7.338385
7.50403
7.4667397
7.6079173
7.5725183
7.4279037
7.4701037
7.692876
7.661355
7.867953
7.7525373
7.783986
7.729047
7.7809134
7.830212
7.7209396
7.8470726
7.753545
7.6742797
7.6047764
7.5533204
7.370031
7.612258
7.5512447
7.6438746
7.689051
7.5253286
7.6253476
7.5334306
7.4333677
7.4769545
7.261244
7.400292
7.327406
7.376317
7.2505603
7.3694735
7.4370365
7.415917
7.447755
7.443513
7.647872
7.3030396
7.3538136
7.4298754
7.488877
7.607155
7.5405397
7.5966253
7.6299133
7.6365795
7.7397976
7.7329392
7.9191113
7.6882963
7.666362
7.644744
7.758226
7.796104
7.8271236
7.890718
7.802017
7.790799
7.792652
7.7031336
7.747017
7.6635094
7.7020974
7.6069803
7.521132
7.7768617
7.685294
7.6521206
7.678842
7.5897036
7.6185617
7.606712
7.3715916
7.3475046
7.469761
7.3431487
7.5004535
7.444505
7.262101
7.5527544
7.517894
7.4644036
7.476863
7.3172255
7.297748
7.5091143
7.445422
7.391803
7.579545
7.770858
7.6071687
7.8377094
7.6678934
7.7372365
7.7505283
7.868189
7.7873507
7.866742
7.85312
7.9572587
7.86729
7.9149117
7.746461
7.678451
7.773123
7.75354
7.4751554
7.664221
7.5587535
7.6232214
7.627061
7.4197755
7.523154
7.439075
7.4317975
7.440396
7.3807225
7.5763717
7.320739
7.4153256
7.5340853
7.2745485
7.1859922
7.305147
7.3248806
7.3663344
7.480292
7.289534
7.40555
7.388708
7.5061007
7.5746684
7.6728516
7.581013
7.6640215
7.612394
7.779827
7.9385505
7.8921623
8.010026
7.982779
7.9940753
7.7815876
7.865984
7.992872
7.953969
7.841526
7.9473367
7.710168
7.622199
7.65743
7.7399583
7.745425
7.4444747
7.5391054
7.5079584
7.4466166
7.4103956
7.3195057
7.256733
7.3067408
7.3633003
7.236957
7.3641424
7.233613
7.3211436
7.182787
7.427793
7.4199142
7.4343233
7.263718
7.5417714
7.3450456
7.656311
7.707493
7.5271034
7.7244987
7.688452
7.5889535
7.7439957
7.64563
7.713335
7.594354
7.6459274
7.6221437
7.545988
7.668865
7.648674
7.5786514
7.4646826
7.4077396
7.44576
7.099548
7.3369117
7.213027
7.025077
7.2828684
7.1281595
7.2384644
7.077723
7.038489
7.089416
7.102317
7.1571712
7.0894628
7.1689167
7.125295
7.36432
7.3632317
7.449354
7.4409513
7.495263
7.423251
7.537633
7.48368
7.429467
7.5686913
7.4625607
7.7307825
7.5448112
7.713511
7.7659326
7.461809
7.551593
7.548613
7.686155
7.582288
7.62374
7.3210826
7.3785777
7.5969496
7.22102
7.06207
7.4201155
7.000248
7.1041155
7.293684
7.0407233
6.9519
6.9848595
7.093064
6.8121624
7.088511
7.094851
7.0252028
7.011919
7.050541
6.977159
7.141078
7.0668054
7.1332703
7.3005347
7.1334243
7.211918
7.6098623
7.302988
7.6697187
7.60182
7.6149287
7.620208
7.6683826
7.1247764
7.3259325
7.392929
7.1322947
7.436654
7.416857
7.0976505
7.189362
7.1151533
7.2062325
7.078673
7.3527555
7.2746534
7.2178125
6.914599
7.100869
7.3122463
6.891471
6.8512287
6.739485
6.9869123
6.7950544
6.8251057
7.1534133
6.8649087
7.126243
7.0510187
6.8168736
7.0991445
6.947605
7.052026
7.13541
7.257167
7.342503
7.2925873
7.444721
7.566735
7.258111
7.5669417
7.0804143
7.1435423
7.348897
7.3778105
7.0697575
7.257531
7.493317
7.2995443
7.1720986
7.05078
7.104171
7.173611
7.167746
6.872797
6.6237683
6.873761
6.950882
6.8775806
6.8166633
6.7520084
6.631676
6.7285376
6.6570797
6.693593
6.565445
7.1081314
6.9033957
7.271134
7.052842
7.0524607
7.083725
7.1606297
7.0193067
7.077327
7.0232196
7.0376487
6.9260635
7.0349016
7.038598
6.680408
6.758284
6.7515955
7.1475058
6.758486
6.6772165
6.8120666
6.7167783
6.5830336
6.413191
6.546913
6.558421
6.499806
6.534453
6.4036245
6.700487
6.750311
6.387022
6.540971
6.577408
6.61761
6.7363534
6.754846
6.663767
6.810859
6.9387617
6.912033
6.917564
6.9678288
7.0662766
6.611734
6.793668
6.756173
6.549724
6.5498223
6.563964
6.806781
6.6024423
6.391081
6.7270412
6.757131
6.3079042
6.4251266
6.476649
6.3064423
6.269549
6.2141666
6.375204
6.3339972
6.0566854
0
6.230676
6.2542596
6.2868786
6.0574408
6.286896
6.4496226
6.0213785
6.2865467
6.037856
6.212927
6.110852
6.122197
6.289112
6.2271996
6.055034
6.2778935
6.377668
6.23338
6.3438993
6.302638
6.4381514
6.157003
6.186104
6.174097
6.0977335
6.2039995
6.3425684
6.315939
6.3423877
6.3264523
6.30497
6.1077833
6.2237177
6.144213
6.190896
6.2792106
0
6.073773
0
4.396237
0
4.848786
0
0
0
0
0
5.234734
0
0
0
5.697834
0
6.0474777
0
0
6.105587
6.2734413
6.0623903
6.1187096
6.226185
6.0295496
6.1576834
6.089753
6.144364
6.0486717
0
6.1586986
6.331168
6.1810455
6.5265255
6.4380727
6.1933975
6.073096
6.31264
6.285951
6.4796424
6.28125
6.6495347
6.4075546
6.4009876
6.437563
6.5525365
6.4215775
6.436257
6.3182683
6.403171
6.4481235
6.4550667
6.62871
6.4456396
6.4139147
6.39993
6.357012
6.441831
6.348273
6.6071806
6.620873
6.380853
6.465871
6.445282
6.53068
6.4158936
6.4160953
6.3836985
6.171505
6.158265
6.139414
6.3688607
6.594993
6.4854627
6.3858333
6.4578633
6.5072904
6.5708165
6.4654684
6.43081
6.51181
6.2698574
6.3878326
6.3519645
6.4225087
6.5764685
6.2825613
6.1772623
6.3064055
6.6661034
6.541001
6.607376
6.647751
6.634291
6.5009823
6.5312657
6.5144944
6.571569
6.4397507
6.8649416
6.8825717
6.62044
6.901694
6.820492
7.0797215
6.5277057
6.6176558
6.766831
6.7340293
6.633869
6.3649607
6.7258506
6.3809457
6.640466
6.3002663
6.449905
6.48667
6.497517
6.4598136
6.6766253
6.7621017
6.5863357
6.621177
6.501522
6.57859
6.4203773
6.5899973
6.568533
6.66014
6.9108047
6.7306404
6.6982813
7.005095
6.6511955
6.743743
6.756101
6.879436
6.7693834
6.6784987
6.6651692
6.8379703
6.7218494
6.7478437
6.85136
6.959934
6.7791753
6.920747
6.7004795
6.807317
6.5681877
6.9227653
6.581028
6.547478
6.5030036
6.725047
7.000605
6.820783
7.0936437
6.896355
6.815297
6.9233866
6.7274833
6.8578243
6.704599
6.79195
6.9417944
6.8023953
6.724648
6.8333187
6.7872205
6.620551
6.3911057
6.445096
6.324313
6.554945
6.576068
6.6203856
6.641862
6.6326523
6.5354505
6.3949213
6.5227246
6.1805897
6.3671126
0
6.044854
0
0
0
6.1209283
6.0507703
6.0859985
6.151611
6.035271
6.167017
6.075637
0
5.962607
6.0148926
6.2373295
6.034003
6.074763
6.1856513
6.0209036
6.0210376
0
0
6.0512695
0
6.2107425
6.2026153
6.175655
0
6.0860806
6.1668634
6.0272293
6.0870886
6.1927457
6.1532373
6.005171
6.077086
6.2302017
6.0803967
6.027038
5.6429925
0
0
0
5.4524636
6.1849976
5.2672567
0
0
0
0
5.9882693
5.930193
0
5.7767563
0
0
0
0
0
0
0
0
0
0
0
0
5.7529316
0
0
0
0
0
0
0
0
5.2234797
0
5.6462336
0
0
0
5.450739
5.222868
5.789427
0
0
5.7218566
0
0
0
5.692931
0
5.524577
5.400121
0
4.4375587
0
4.3711643
4.6956787
0
0
5.1446714
0
0
5.262685
5.3379946
0
0
4.302116
0
0
0
4.5020003
0
5.25578
0
0
4.3742676
0
4.537069
0
0
0
4.217277
0
5.0330515
4.784756
5.156711
4.1261683
0
4.747395
0
0
0
4.712555
0
0
0
0
0
0
0
0
0
0
4.9087977
4.9548426
0
4.944896
0
5.111658
0
0
0
0
0
0
4.5022087
5.046016
0
0
4.529922
0
4.958268
0
0
5.0704355
5.068824
0
0
0
0
5.0462246
0
4.579003
0
0
0
0
0
0
0
0
0
0
0
0
0
0
0
0
0
0
0
0
0
0
0
0
0
0
0
0
5.7293267
0
0
0
0
0
0
0
0
4.9459743
0
5.6279936
5.569339
0
0
0
0
0
0
0
0
0
0
6.017738
0
0
0
0
0
5.3777575
0
0
0
5.7513633
0
4.7350507
0
0
0
0
0
0
5.7307115
4.4009724
0
0
0
0
5.468908
0
0
0
0
0
0
0
0
0
0
0
0
0
0
0
0
0
0
0
0
0
0
0
0
0
0
0
0
0
0
0
0
0
