10000
0
5.1199193
5.178372
5.1731377
0
0
5.220826
5.144794
5.1792026
5.0859065
0
0
5.099639
5.0511274
5.1350627
5.3339243
0
5.124343
0
0
0
5.1762652
0
5.0063105
5.167676
5.139362
5.215248
5.154031
0
5.1197243
5.210805
5.104982
5.191717
5.2616563
0
5.177397
5.2321095
0
5.257908
5.221304
5.1682124
5.1667147
5.1798425
0
4.85151
5.210976
5.225995
5.16673
0
5.1163163
5.110241
5.288162
5.0444717
0
0
4.8760786
4.9886923
5.015772
4.9475613
4.8377156
5.1399956
5.0239716
4.7673316
4.616383
0
4.8579025
4.8927197
4.7700014
4.9994206
4.941835
4.8555293
4.898986
4.8518944
4.7212057
0
4.936581
4.7957687
4.7561035
4.894883
4.734269
4.7866287
4.741635
4.7740507
4.7729836
4.7945375
4.741677
0
0
4.704919
4.636411
4.6110773
4.6715884
4.590264
4.5647545
4.6608777
0
4.654222
4.7147827
4.649573
4.47892
4.671441
4.673762
0
4.6959243
4.591611
4.5848885
4.5903287
0
0
0
4.765214
0
0
0
4.575193
0
4.4193873
4.440426
4.3138933
4.311654
4.3350143
4.253077
0
0
4.1392975
0
0
0
0
0
0
0
0
0
0
0
0
0
0
0
0
0
0
0
0
0
0
0
0
0
0
0
0
0
0
0
0
0
0
0
0
0
0
0
0
0
0
0
0
0
0
0
0
0
0
0
0
0
0
0
0
0
0
0
0
0
0
0
0
0
0
0
0
0
0
0
0
0
0
0
0
0
0
0
0
0
0
0
0
0
0
0
0
0
0
0
0
0
0
0
0
0
0
0
0
0
0
0
0
0
0
0
0
0
0
0
0
0
0
0
0
0
0
0
0
0
0
0
0
4.3321
4.390222
0
4.318381
0
0
0
4.292486
4.1557016
4.2716947
4.2080607
4.307802
4.2379785
0
4.237026
4.1813574
4.1232843
0
0
0
0
0
0
0
0
0
0
0
0
4.455113
4.4241085
4.540357
0
0
0
0
0
0
0
0
0
4.2361593
0
4.6400876
4.6628428
4.568141
4.6031084
4.4274335
4.6058607
4.6204157
0
4.649192
0
4.5084476
4.5871778
4.5491467
4.524097
4.5908103
4.5463924
4.5194798
4.328692
4.561714
0
4.5698247
4.4506006
4.488912
4.573956
4.5417285
4.535788
4.375274
4.5452566
4.599621
4.6761446
4.5752926
4.5911894
4.507976
4.487741
4.684181
4.641773
0
4.5095196
4.641333
4.5571985
4.7015667
0
4.6022525
4.6854367
4.6235065
0
4.3994503
0
0
0
0
0
0
0
0
0
0
0
0
0
0
0
0
0
0
0
0
0
0
0
0
0
0
0
0
0
0
0
0
0
0
0
0
0
0
0
0
0
0
0
0
0
0
0
0
0
4.12866
4.150803
0
0
0
0
0
0
0
0
0
0
0
0
0
0
0
0
0
0
0
0
0
0
0
0
0
0
0
0
0
0
0
0
0
4.104691
4.2128105
4.114577
0
0
0
0
0
4.2554665
4.1992636
4.2009354
0
0
0
0
0
0
4.2069025
4.2577076
0
0
0
0
0
0
0
0
0
0
0
0
0
0
0
0
0
0
0
0
0
0
0
4.15069
4.2056303
4.269016
0
4.437634
4.4773583
4.525641
4.6700473
4.626086
4.5974874
4.7039256
4.6953273
4.617274
0
4.6918197
4.5583053
4.613033
4.701442
4.5669427
4.632434
4.5967274
4.5454535
4.676487
4.6576147
4.576445
0
4.6684327
4.6268473
4.616761
4.6149497
4.5298967
4.446411
4.507684
4.5606155
4.467856
4.5402174
4.5708895
4.44569
4.510196
0
0
4.4941435
4.488463
4.579867
4.4390635
0
0
4.4872675
4.4705687
4.5192757
0
4.4362082
4.402414
4.41588
0
0
0
0
0
0
0
0
0
0
0
0
4.498108
4.4995017
0
4.640607
4.639259
4.571995
4.648352
4.8126407
5.0573883
4.815476
0
4.626315
0
4.694157
4.6513205
4.80734
4.809698
0
4.196709
4.186079
4.170558
0
0
0
0
0
4.1731887
4.290109
0
4.4762993
0
4.4787183
4.4917283
4.5496826
0
4.5619526
4.523959
4.504232
4.535823
0
4.5935216
0
4.504247
4.55175
4.538091
4.3439317
4.6997547
4.6289253
4.659623
4.694706
4.734808
4.7047377
4.6207533
4.5114403
4.626032
4.554947
4.5973735
4.506556
0
4.5576878
4.408867
0
0
4.6498637
4.5258846
0
4.687384
4.598215
4.698735
4.639719
4.4278536
4.4860854
4.530428
4.6009636
4.5720496
4.617825
4.600068
4.572722
4.379728
4.4060283
4.398552
0
4.4565496
4.4514537
4.443628
4.404802
4.308896
0
0
0
0
0
0
0
4.2669125
0
4.0718336
4.161255
4.199705
4.2778845
4.228663
0
4.2668366
0
0
0
0
0
0
0
4.1631203
0
0
0
0
0
0
0
0
0
0
0
0
0
0
0
0
0
0
0
0
0
0
0
0
0
0
0
0
0
0
0
0
0
0
0
0
0
0
0
0
0
0
0
0
0
0
0
0
0
0
0
0
0
0
0
0
0
0
0
0
0
0
0
4.265417
0
0
0
0
0
4.169252
0
0
0
0
0
0
0
0
0
0
0
4.229534
0
0
0
0
0
0
0
0
0
0
0
0
0
0
0
0
0
0
0
0
0
0
0
0
0
0
0
0
0
0
0
0
0
0
0
0
0
0
0
0
0
0
0
0
0
0
0
0
0
0
0
0
0
0
0
0
0
0
0
0
0
0
0
0
0
0
0
0
0
0
0
0
0
0
0
0
0
0
0
0
0
0
0
0
0
0
0
0
0
0
0
0
0
0
0
0
0
0
0
0
0
0
0
0
0
0
0
0
0
0
0
0
0
0
0
0
0
0
0
0
0
0
0
0
0
0
0
0
0
0
0
0
0
0
0
0
0
0
0
0
0
0
0
0
0
0
0
0
0
0
0
0
0
0
0
0
0
0
0
0
0
0
0
0
0
0
0
0
0
0
0
0
0
0
0
0
0
0
0
0
0
0
0
0
0
0
0
0
0
0
0
0
0
0
0
0
0
0
0
0
0
0
0
0
0
0
0
0
0
0
0
0
0
0
0
0
0
0
0
0
0
0
0
0
0
0
0
0
0
0
0
0
0
0
0
0
0
0
0
0
0
0
0
0
0
0
0
0
0
0
0
0
0
0
0
0
0
0
0
0
0
0
0
0
0
0
0
0
0
0
0
0
0
0
0
0
0
0
0
0
0
0
0
0
0
0
0
0
0
0
0
0
0
0
0
0
0
0
0
0
0
0
0
0
0
0
0
0
0
0
0
0
0
0
0
0
0
0
0
0
0
0
0
0
0
0
0
0
0
0
0
0
0
0
0
0
0
0
0
0
0
0
0
0
0
0
0
0
0
0
0
0
0
0
0
0
0
0
0
0
0
0
0
0
0
0
0
0
0
0
0
0
0
0
0
0
0
0
0
0
0
0
0
0
0
0
0
0
0
0
0
0
0
0
0
0
0
0
0
0
0
0
0
0
0
0
0
0
0
0
0
0
0
0
0
0
0
0
0
0
0
0
0
0
0
0
0
0
0
0
0
0
0
0
0
0
0
0
0
0
0
0
0
0
0
0
0
0
0
0
0
0
0
0
0
0
0
0
0
0
0
0
0
0
0
0
0
0
0
0
0
0
0
0
0
0
0
0
0
0
0
0
0
0
0
0
0
0
0
0
0
0
0
0
0
0
0
0
0
0
0
0
0
0
0
0
0
0
0
0
0
0
0
0
0
0
0
0
0
0
0
0
0
0
0
0
0
0
0
0
0
0
0
0
0
0
0
0
0
0
0
0
0
0
0
0
0
0
0
0
0
0
0
0
0
0
0
0
0
0
0
0
0
0
0
0
0
0
0
0
0
0
0
0
0
0
0
0
0
0
0
0
0
0
0
0
0
0
0
0
0
0
0
0
0
0
0
0
0
0
0
0
0
0
0
0
0
0
0
0
0
0
0
0
0
0
0
0
0
0
0
0
0
0
0
0
0
0
0
0
0
0
0
0
0
0
0
0
0
0
0
0
0
0
0
0
0
0
0
0
0
0
0
0
0
0
0
0
0
0
0
0
0
0
0
0
0
0
0
0
0
0
0
0
0
0
0
0
0
0
0
0
0
0
0
0
0
0
0
0
0
0
0
0
0
0
0
0
0
0
0
0
0
0
0
0
0
0
0
0
0
0
0
0
0
0
0
0
0
0
0
0
0
0
0
0
0
0
0
0
0
0
0
0
0
0
0
0
0
0
0
0
0
0
0
0
0
0
0
0
0
0
0
0
0
0
0
0
0
0
0
0
0
0
0
0
0
0
0
0
0
0
0
0
0
