10000
5.186678
5.213691
0
5.144485
5.1062236
5.113426
3.2494314
3.329107
5.2212133
5.2060804
3.4003515
5.133215
5.1752987
5.291176
5.2193856
3.420167
5.1552415
3.264277
4.004883
5.2411675
3.4064925
5.257719
5.163708
5.2382812
5.23935
3.2225463
0
5.152951
3.283343
3.533673
0
3.4842153
4.9169316
5.188638
5.171995
4.6376657
5.2335014
5.1616707
3.268721
5.3082123
5.2386503
5.218539
3.3733
5.2195673
5.185377
5.0909853
4.0709124
0
5.1897626
3.4248767
5.148311
5.1562204
5.0022297
3.3837373
4.940378
3.3828578
5.033985
4.32267
4.98724
3.463276
3.277138
3.2165344
4.915767
4.8581057
4.865902
3.207991
3.418818
0
4.9435554
3.34171
4.944208
5.033392
4.858144
4.9413614
3.5908988
3.219877
3.3259182
4.7871447
3.3139517
4.2197456
3.2511623
3.3309407
3.3916764
4.6711364
4.7103524
3.1698112
4.739761
3.211992
4.7652054
4.620116
4.6600666
4.552831
3.195121
4.7028217
4.6710796
3.300798
4.717125
4.6505203
4.603111
4.5601254
4.5884113
4.691679
3.2898042
3.1910355
3.3529596
4.4694867
4.6162157
3.3553636
3.2170482
4.718729
3.2515526
3.1428823
4.3367643
3.2830114
4.5705323
3.122137
3.2889616
4.4527583
4.3068
4.3856754
3.321813
4.163123
4.216803
4.110465
4.0504417
0
3.1465955
3.3675423
0
3.3601053
3.84122
0
3.7211967
0
3.6368535
3.5346518
3.2560694
3.2457345
3.2449489
3.6719835
3.4991155
3.3299754
3.5269122
3.495844
3.4614182
3.2601218
3.5898201
0
3.6869993
3.1808715
3.1746235
3.4176996
3.7638266
3.6015563
3.208263
3.2392392
3.241078
3.1359196
3.7177033
3.211804
3.5866714
3.7310212
3.76889
3.8281722
3.743688
3.617322
3.6551821
3.642377
3.666352
3.7805488
0
3.184154
3.1436958
3.7229838
3.1537933
3.1964417
3.6634996
3.7526422
3.1990118
3.1899204
3.74373
3.141022
3.7813435
3.235487
3.7838776
3.7749481
3.2207267
3.206863
3.7907717
3.8224695
3.421655
3.309695
3.7091694
3.255888
3.7482429
3.3345025
3.8062272
3.1770034
0
3.2297006
3.7999341
3.6891804
3.2510262
3.6324272
3.576572
3.2935138
3.2063622
3.7530847
3.216297
0
3.6427538
0
3.2582648
3.5309858
3.248349
3.502061
3.621574
3.2550373
3.2547789
3.6885633
3.2120047
0
3.20277
3.2358508
3.5212724
3.5630167
3.5210414
3.301474
0
3.2887356
3.3449526
3.4093883
3.4596677
3.4180768
3.440438
3.3594933
3.2820282
3.278986
3.4708903
3.1788914
3.2644145
0
3.4699855
3.5331478
3.2458835
3.6060505
3.1965406
3.5862136
3.9920638
3.3234894
3.2150364
3.2144492
4.40715
3.1369395
0
4.386838
4.2963557
4.296434
3.203426
4.2599225
3.171283
4.017908
4.0834823
3.3804398
4.1654944
3.2220006
3.8067963
3.761709
3.1354449
3.2049432
3.7561612
3.4929504
3.7849984
3.8129594
3.7167444
3.6694496
3.9077697
3.3049693
3.2306852
4.534381
3.0535827
4.364817
3.8238332
0
3.3200936
3.8157673
3.1667805
3.778605
3.6901932
3.223499
3.927053
4.589478
3.293901
4.52279
3.3291993
4.5573688
4.5769353
4.468526
3.1236584
3.247819
3.2945347
3.3096259
4.54736
3.2453942
4.5696645
4.5700517
4.545491
4.4344897
3.3491778
4.607501
3.5950928
3.4133
4.547875
4.540803
3.3764415
3.512498
3.4003801
4.436812
4.391945
3.5428543
4.5591702
4.681824
3.4708178
4.6244764
4.4122877
4.591889
3.4121733
4.4351187
4.5635686
4.5405393
4.5365744
4.5742583
0
4.6090302
4.548822
3.2664027
4.5588794
3.8037932
3.504824
3.4567783
3.7789397
3.4681206
0
3.4515755
3.5089774
3.457807
3.5631256
3.2788076
3.4989133
3.5140796
3.6114259
3.5561526
0
3.115653
3.0827868
3.3228915
3.108714
3.4779274
0
0
3.1342463
3.1147363
3.1259828
3.6360781
3.6833482
0
0
3.5555985
3.6995196
3.651754
3.7052276
3.1484418
3.34547
3.629546
3.5593162
3.665793
0
3.595839
3.8097916
3.2527902
3.3101687
3.3273082
0
3.181063
3.3318927
3.3386636
3.5635424
3.2538204
3.538094
4.087911
3.6731262
3.2637935
0
3.2217772
3.2114077
0
3.2218041
3.2372713
3.244787
0
3.2851162
3.6889136
3.725654
3.8350563
3.7653148
3.7401776
3.700683
3.29149
3.5636322
3.30299
3.3473682
3.8338675
3.5919323
3.2637978
3.3363256
3.2854471
0
3.3440251
3.4115262
3.3961644
3.2372015
3.4679725
3.8080742
4.0889816
3.9906223
4.0464296
4.053702
4.1421123
4.1033964
0
4.2661285
0
3.5273252
0
3.3054786
3.4123106
3.3629699
3.218797
3.3846216
3.2612493
4.036816
4.1524305
4.035177
3.374403
3.277266
3.5657809
3.5647626
0
0
0
0
3.4746845
3.4517403
3.322768
3.5271208
3.5991983
3.6045372
3.5877
3.55331
3.7162776
3.6296027
3.60767
0
3.5299783
3.472502
3.1978192
3.1999297
3.6241825
3.5991697
3.595315
3.6494198
3.5413523
3.6706831
3.4075484
3.6693084
3.5567827
3.5468216
3.518609
3.5768163
3.5723178
3.6964848
3.6460676
3.3741436
3.7552266
3.8794997
3.8761358
3.5112178
3.1151276
3.707474
3.5764093
3.5331907
3.5898423
3.9000053
3.9503846
3.993353
3.4950075
4.0726256
4.018181
4.1667843
4.1727276
4.1613255
4.1872654
3.7003057
4.1563835
4.26922
3.716043
4.2560024
3.641037
3.6126916
4.291496
4.3728757
3.605463
4.3546715
4.3631516
0
4.392139
4.441291
4.3733153
3.168738
3.5915108
3.1480343
3.8674784
4.135482
3.824174
3.8014488
3.6472995
3.2736087
3.297167
3.5799894
3.923798
3.401294
4.3843045
4.421127
3.2433665
4.588318
0
4.1568727
3.2801769
3.0775378
4.9501157
3.1770828
3.7027814
0
4.585378
3.0991893
4.64204
4.5073576
4.846502
3.2232304
4.206145
4.170334
3.7169588
3.3612037
3.8987136
3.9518843
3.2777803
3.8810415
4.086962
4.2177925
4.4520974
0
4.603732
4.531602
4.340018
3.9902234
4.1882133
4.5542917
4.5176063
4.6520066
4.574978
3.7632298
3.2097247
4.6350617
0
4.3554554
4.427928
4.62306
4.298197
4.6856437
4.6815815
4.240965
4.6698127
4.2570467
3.585395
3.6312244
0
3.2677412
3.260982
4.4928346
4.565409
3.2891686
3.7268534
4.4843283
3.64024
4.359139
3.6523354
3.6932044
3.690438
4.5300217
4.5081882
4.4432936
3.692355
4.421986
4.4155607
4.380523
3.635954
4.460602
4.4101896
0
3.2716136
4.374039
4.3120675
4.248685
4.175791
4.3603463
4.091556
4.1484017
3.8297527
4.0781107
3.8276281
3.7492406
3.708017
3.8065128
3.386553
4.0379276
3.9774742
3.912076
3.9356673
3.2202435
3.3386426
3.0979383
3.1219778
0
3.3308213
4.0380707
3.9800684
3.4165106
0
0
3.720682
4.064741
4.066101
0
3.2729821
3.6685054
0
3.812197
0
0
3.5548127
3.5968604
3.7223704
0
0
0
0
0
0
3.322157
3.2887044
3.3695812
0
0
3.29359
0
3.3615308
0
3.3228734
3.3749669
0
0
0
3.2204096
3.322691
3.2738814
0
3.3219335
3.2294896
3.117952
3.3660548
0
0
3.3846753
0
0
3.2906315
3.2940822
0
3.3730316
3.2767363
0
3.3847725
3.292249
0
3.3625798
0
3.5436013
0
3.3733242
3.5990665
3.2953327
0
3.3346193
3.2970834
3.3264832
0
3.1556044
3.2408628
0
3.535312
4.0061407
3.6687403
3.991209
0
3.2225955
0
3.534184
3.291708
3.211509
3.489294
0
0
0
3.7898045
3.8370085
3.549926
3.1893177
0
0
3.1102948
3.2276764
0
3.3459194
0
0
0
0
0
3.7321172
0
0
0
0
3.6894119
0
4.003622
0
3.7191827
0
3.5490465
0
0
0
0
0
0
0
0
0
0
0
0
0
0
0
0
0
0
0
0
0
0
0
0
0
0
0
0
0
0
0
0
0
0
0
0
0
0
0
3.329122
3.1832356
0
0
0
0
0
0
0
0
3.3275127
0
0
3.3107512
0
0
0
0
0
0
0
0
3.3268056
3.4484622
0
3.5905316
3.619837
3.4268522
0
0
0
0
0
0
0
0
0
0
3.892578
3.7529292
0
0
0
0
0
0
0
0
0
0
0
3.4116006
0
0
0
0
0
0
0
0
0
0
0
3.1048667
0
3.3849812
0
0
0
0
3.0825782
0
3.5414321
3.3157325
3.2643902
0
3.8031733
0
0
0
0
0
0
3.2261183
3.1837804
0
0
0
0
0
0
0
0
0
0
0
3.371902
3.3707907
0
0
0
0
0
4.0659785
4.121179
0
0
0
0
0
0
0
0
0
0
3.9281557
0
0
3.9837873
0
0
3.6180277
3.2205164
3.3415427
0
0
3.7562895
0
4.0582986
0
0
4.064518
3.6088512
3.7773464
0
0
0
0
0
0
0
0
0
0
0
0
3.7678304
0
0
0
0
0
0
0
3.595537
3.6622853
0
0
0
0
0
0
0
0
0
0
0
3.6150577
0
3.726608
0
0
0
3.7992034
0
0
0
0
3.6996179
0
0
0
0
4.010593
0
0
0
0
3.2813535
0
0
0
4.1536307
0
0
3.9765515
0
0
0
0
0
0
3.6014352
3.5813887
0
0
0
0
0
0
0
0
0
0
0
0
0
0
0
3.1810884
3.29079
0
0
0
3.2632332
3.2390096
0
0
0
0
0
0
3.5448263
0
0
0
3.3287206
4.0068164
3.7618742
0
0
0
4.0238914
0
3.8531244
3.8996172
3.6105528
0
4.1294274
0
3.1975913
3.6014254
0
0
0
3.202447
3.3815644
0
0
0
3.4710948
4.1487846
3.409372
0
3.3145814
3.417465
0
0
0
3.4201627
3.2344384
3.2415285
0
3.4562387
0
3.178829
0
3.9011035
3.4495664
0
3.4427025
3.4432971
3.443896
3.155582
0
0
3.7861478
3.1603374
3.1841493
4.024759
3.997187
0
0
0
3.5187643
3.39359
3.273084
3.1877007
3.1328566
0
0
3.35536
0
3.4596004
0
0
0
3.2317543
0
3.24321
3.301519
3.4293158
3.4777062
0
3.1690836
0
3.3008122
0
0
0
0
0
0
0
0
0
0
0
0
0
3.0942628
0
0
0
3.190999
3.0889528
3.148287
0
0
0
0
0
0
3.4409533
0
0
0
0
0
0
0
3.298377
0
0
3.3540788
0
0
0
0
3.2714977
0
3.1753201
3.2560933
0
3.0961895
0
3.3183856
3.0703835
3.2914627
3.6598825
0
0
3.4710178
0
0
3.249199
0
3.2926574
3.2109659
0
0
0
0
0
0
3.0731285
3.1467001
3.5452979
0
3.3966877
0
0
3.5524173
0
0
3.279861
3.4277618
3.1609266
0
0
3.268556
0
0
3.837359
0
0
3.0428772
0
0
3.6792817
3.2237217
0
3.096858
0
0
0
0
0
0
0
0
0
0
0
0
0
3.3744118
0
3.014952
0
0
0
0
0
3.082482
3.4309926
0
0
0
3.2463694
0
0
3.7008326
0
0
3.5438814
3.2905803
0
0
0
0
0
3.4544387
0
0
3.327178
0
0
0
0
0
3.4940686
0
0
0
3.3234134
0
0
3.2809343
0
3.4230065
3.4582245
0
0
0
3.2428665
3.3631663
3.0942194
3.4963937
0
0
0
3.0955408
0
0
0
0
0
0
0
0
0
0
0
0
0
0
0
0
0
0
0
0
0
0
0
0
0
0
0
0
0
0
0
0
0
0
0
0
0
0
0
0
0
0
0
0
0
0
0
0
0
0
0
0
0
3.163939
0
0
0
0
0
0
0
0
0
0
0
0
0
0
0
0
0
0
0
0
0
0
3.1130323
0
0
0
0
0
0
0
0
0
0
0
0
0
0
0
0
0
0
0
0
0
0
0
0
0
0
0
0
0
0
0
0
0
0
0
0
0
0
0
0
0
0
0
0
0
0
0
0
0
0
0
0
0
0
0
0
0
3.0183015
0
0
0
0
0
0
0
0
0
0
0
0
0
0
0
0
0
0
0
0
0
0
0
0
0
0
0
0
0
0
0
0
0
0
0
0
0
0
0
0
0
0
0
0
0
0
0
0
0
0
0
0
0
0
0
0
0
0
0
0
0
0
0
0
0
0
0
0
0
0
0
0
0
0
0
0
0
0
0
0
0
3.0702105
0
0
0
0
0
0
3.1500728
0
0
0
