563.0,311.0,103.0,123.0
567.6110012354045,311.93420486731617,103.0,123.0
574.0661717551826,311.5429041481557,105.27887725830078,125.72137451171875
nan,nan,nan,nan
558.5962873997137,317.65657338990474,105.27887725830078,125.72137451171875
552.712555015049,319.4007176437995,105.27887725830078,125.72137451171875
545.7155807371773,318.6764733586184,107.60816955566406,128.50296020507812
997.9862577144486,399.18177490388075,107.60816955566406,128.50296020507812
1187.0247656181689,153.533263187068,107.60816955566406,128.50296020507812
527.7726874489002,326.15167791412944,107.60816955566406,128.50296020507812
535.5086820558009,325.1053250662778,107.60816955566406,128.50296020507812
1176.009976254857,159.44586505584547,107.60816955566406,128.50296020507812
535.948381081248,327.93644651587243,107.60816955566406,128.50296020507812
542.9746161487029,325.3474640634368,107.60816955566406,128.50296020507812
545.3505235449118,326.587259594909,107.60816955566406,128.50296020507812
551.6740899980653,332.8151776055028,107.60816955566406,128.50296020507812
1176.9294897573043,154.87742827487304,107.60816955566406,128.50296020507812
550.3487748834493,334.53469275922555,107.60816955566406,128.50296020507812
1015.805926392256,419.672583337736,107.60816955566406,128.50296020507812
567.9166300965244,330.16559768111733,109.98899841308594,131.34608459472656
551.4068513532619,330.65840349990947,109.98899841308594,131.34608459472656
1182.8007266201919,161.77512679457757,107.64344787597656,128.5450897216797
566.8913509489524,328.16557611133373,107.64344787597656,128.5450897216797
568.507727449922,333.2584620914995,107.64344787597656,128.5450897216797
565.3603511878649,332.2102108957576,107.64344787597656,128.5450897216797
570.847533701513,335.67016495927624,107.64344787597656,128.5450897216797
1029.899111625675,421.37223673603,107.64344787597656,128.5450897216797
nan,nan,nan,nan
580.539713395806,332.31810226531786,107.64344787597656,128.5450897216797
1048.237741431195,411.5788611947438,107.64344787597656,128.5450897216797
1189.106023426348,149.4516336207567,105.3479232788086,125.80382537841797
nan,nan,nan,nan
1184.6761631310835,147.50100249421422,105.3479232788086,125.80382537841797
566.827734942784,321.93561516404486,107.67874908447266,128.5872344970703
572.7995463529721,318.0961153462299,107.67874908447266,128.5872344970703
569.1241203160226,317.12425246190554,107.67874908447266,128.5872344970703
569.1269326835792,305.6515699532327,110.06114196777344,131.43222045898438
567.9905911537501,317.46934494558434,110.06114196777344,131.43222045898438
566.3640468787515,311.1139064398915,110.06114196777344,131.43222045898438
1029.2032618585595,399.3043920154237,110.06114196777344,131.43222045898438
573.3349329195294,313.15168699520643,110.06114196777344,131.43222045898438
581.2135073028978,312.1072376752405,110.06114196777344,131.43222045898438
574.2303264758439,314.9699957483165,110.06114196777344,131.43222045898438
1175.582461603163,132.9322392343459,110.06114196777344,131.43222045898438
579.6326468000769,314.18709103908617,110.06114196777344,131.43222045898438
578.9760601353373,315.2455960499552,110.06114196777344,131.43222045898438
580.5246902962957,312.66112871272367,110.06114196777344,131.43222045898438
563.6139472603318,321.5028163451973,112.49624633789062,134.3401641845703
nan,nan,nan,nan
580.607484417833,314.3326942215898,112.49624633789062,134.3401641845703
1044.0890724148794,158.06725257994415,112.49624633789062,134.3401641845703
577.2669746190226,314.09505582778866,112.49624633789062,134.3401641845703
581.7586950678875,312.9633012473379,110.09722900390625,131.47532653808594
579.1551389782448,317.532247488878,110.09722900390625,131.47532653808594
1183.429686118908,124.78097244890841,110.09722900390625,131.47532653808594
591.308699280492,316.95349960433526,110.09722900390625,131.47532653808594
1176.8170151441045,130.55377156992216,110.09722900390625,131.47532653808594
584.8333040736718,317.84363732668254,110.09722900390625,131.47532653808594
582.6358084153592,327.6021740577035,112.53313446044922,134.38421630859375
581.9708675022057,311.5374389982096,112.53313446044922,134.38421630859375
1178.6770193750353,136.6907931735283,112.53313446044922,134.38421630859375
1028.673776738664,413.87971235658637,112.53313446044922,134.38421630859375
1027.5305257934663,410.955664066624,112.53313446044922,134.38421630859375
569.8336974926283,325.22522020823334,112.53313446044922,134.38421630859375
575.2555773480394,322.7861353136417,112.53313446044922,134.38421630859375
572.5309458010413,324.0229020746164,112.53313446044922,134.38421630859375
1022.0739166110636,418.48957533490983,112.53313446044922,134.38421630859375
1181.8395074738062,149.61841051000442,112.53313446044922,134.38421630859375
nan,nan,nan,nan
577.515486517072,331.28878528657947,112.53313446044922,134.38421630859375
1173.3697434344497,167.3370123106476,112.53313446044922,134.38421630859375
570.9288579617682,335.7375891336971,112.53313446044922,134.38421630859375
568.0053417567316,341.48176803362935,112.53313446044922,134.38421630859375
563.7857015645894,335.10169461980826,112.53313446044922,134.38421630859375
560.3023675967283,334.4071247258438,112.53313446044922,134.38421630859375
533.4805349329885,339.809322085965,115.02293395996094,137.3574676513672
1008.0621422399477,428.1185772192066,115.02293395996094,137.3574676513672
1178.3540938067974,156.0402601555973,115.02293395996094,137.3574676513672
548.8337791561669,341.00381243263956,115.02293395996094,137.3574676513672
1168.3943538703998,152.32069959921597,115.02293395996094,137.3574676513672
556.7271035360858,334.3396616825206,117.56781768798828,140.39649963378906
905.9274642525206,451.91964696697323,117.56781768798828,140.39649963378906
1173.3076764900532,165.41913907811136,117.56781768798828,140.39649963378906
1171.8105774002838,161.82369528121362,117.56781768798828,140.39649963378906
548.122439019585,337.8748618560333,117.56781768798828,140.39649963378906
556.907905441767,332.00218487768865,117.56781768798828,140.39649963378906
1011.6694005111774,410.83444889968894,120.16900634765625,143.50277709960938
563.0719604240556,331.94961678023844,120.16900634765625,143.50277709960938
1020.5191078214211,421.0352036056473,120.16900634765625,143.50277709960938
567.4330780898995,328.4063343748991,120.16900634765625,143.50277709960938
572.6752448779432,326.8536687228155,120.16900634765625,143.50277709960938
575.6965926640148,331.91508190898776,120.16900634765625,143.50277709960938
579.573749738024,330.28809130097164,117.60636901855469,140.44253540039062
1019.3275403732134,424.7013854188625,117.60636901855469,140.44253540039062
578.792072952205,330.28147324020335,117.60636901855469,140.44253540039062
585.1390339955844,332.62210017676466,117.60636901855469,140.44253540039062
1175.3688583208864,147.0158128100248,117.60636901855469,140.44253540039062
579.0081081428219,330.97696954196766,117.60636901855469,140.44253540039062
575.1171208802442,328.5240520263745,117.60636901855469,140.44253540039062
577.4887865382207,330.64600289191844,117.60636901855469,140.44253540039062
578.1655848834249,324.5536794902671,117.60636901855469,140.44253540039062
576.4024332672648,320.8968870517131,117.60636901855469,140.44253540039062
580.0717302156633,315.07615208181227,117.60636901855469,140.44253540039062
1031.0150133470338,406.15220286564306,117.60636901855469,140.44253540039062
1177.7188990482823,128.80017933871486,115.09838104248047,137.4475555419922
1179.9326785120752,134.68549924792813,115.09838104248047,137.4475555419922
592.6217700968159,305.82278733839735,117.64493560791016,140.48858642578125
596.7415028638951,304.37795746639205,117.64493560791016,140.48858642578125
911.8883216433469,416.4116556719681,117.64493560791016,140.48858642578125
1044.1236603053417,401.4568855229138,117.64493560791016,140.48858642578125
609.8988975841111,306.0800032524819,117.64493560791016,140.48858642578125
999.8074494696427,412.2919274534208,117.64493560791016,140.48858642578125
1177.819654349083,131.18125873366068,115.13612365722656,137.4926300048828
606.546637580582,307.93011869345406,117.68350982666016,140.53465270996094
1175.7738305886346,138.4199067767558,117.68350982666016,140.53465270996094
601.7879767417711,317.1133049798211,117.68350982666016,140.53465270996094
1181.495874599461,139.49074600959548,115.17387390136719,137.53770446777344
1041.5837830955245,413.0690066149286,115.17387390136719,137.53770446777344
599.5545934601084,325.47061151540044,115.17387390136719,137.53770446777344
613.8732033649967,327.9303185053667,112.71775817871094,134.60467529296875
608.1704709621717,329.21111443328726,112.71775817871094,134.60467529296875
1047.9700033499548,413.1894275960019,112.71775817871094,134.60467529296875
604.4777131035098,328.81549162207574,115.21163940429688,137.5828094482422
595.8588392063577,324.4405907225948,115.21163940429688,137.5828094482422
615.4288103573008,325.8198778547152,115.21163940429688,137.5828094482422
610.6328183440072,326.56004889082,115.21163940429688,137.5828094482422
nan,nan,nan,nan
1026.8140749472514,423.74975921571905,115.21163940429688,137.5828094482422
1181.8267145620312,147.61510355561893,112.75471496582031,134.64881896972656
nan,nan,nan,nan
1180.472778364601,159.66465620483194,112.75471496582031,134.64881896972656
620.2981133890669,326.15267204373475,112.75471496582031,134.64881896972656
nan,nan,nan,nan
613.2921438729177,317.47331162493674,112.75471496582031,134.64881896972656
nan,nan,nan,nan
595.9962023116798,324.7574100150648,110.35018920898438,131.7773895263672
580.0845793439335,327.968604735364,110.35018920898438,131.7773895263672
989.8858403057409,427.00346392500524,110.35018920898438,131.7773895263672
995.4357780351909,429.81279990028224,110.35018920898438,131.7773895263672
999.8294905020525,422.3719121039389,110.35018920898438,131.7773895263672
575.7741260283724,337.0154359901987,110.35018920898438,131.7773895263672
1173.4515002069134,177.45130682492004,110.35018920898438,131.7773895263672
572.6165783412591,340.9137164466466,110.35018920898438,131.7773895263672
1178.8668848019558,180.14289555087234,110.35018920898438,131.7773895263672
1181.5159108776093,180.14909513421821,110.35018920898438,131.7773895263672
1182.316341685955,179.17850456117,107.99694061279297,128.96719360351562
984.6688424093938,443.23628128842466,107.99694061279297,128.96719360351562
582.2456814326999,344.6317365233856,105.69387817382812,126.21693420410156
nan,nan,nan,nan
1181.950703989497,190.11425671527496,105.69387817382812,126.21693420410156
989.4427845601438,432.0954962368988,105.69387817382812,126.21693420410156
971.5914794435247,440.5169385724256,105.69387817382812,126.21693420410156
579.3902262157646,341.3000339200062,105.69387817382812,126.21693420410156
1185.8695827550944,187.11412459089485,105.69387817382812,126.21693420410156
1186.518294282516,186.81113275949082,105.69387817382812,126.21693420410156
980.3400470274282,426.4229319446271,105.69387817382812,126.21693420410156
583.1979007914783,344.03006345308495,105.69387817382812,126.21693420410156
854.3897657331612,470.77905371490635,105.69387817382812,126.21693420410156
854.8870688210447,466.2126571422476,105.69387817382812,126.21693420410156
1179.663848256653,203.89020999379562,105.69387817382812,126.21693420410156
970.2050413678724,446.75806975967527,105.69387817382812,126.21693420410156
1176.924253794459,189.20548615396638,105.69387817382812,126.21693420410156
1180.3004495720186,210.21190641532462,108.03235626220703,129.00949096679688
1177.2381653230075,191.90819322343512,108.03235626220703,129.00949096679688
1175.1743979192802,201.95853075105026,108.03235626220703,129.00949096679688
1180.97298544334,190.24102899587868,108.03235626220703,129.00949096679688
1176.9636562794153,199.6605781809576,110.42256927490234,131.86383056640625
1179.0868537071497,202.96218765613082,110.42256927490234,131.86383056640625
1175.3260936780584,198.42622345053195,110.42256927490234,131.86383056640625
1175.7645358887012,197.03311769322391,110.42256927490234,131.86383056640625
1174.628620777671,199.4857258076159,110.42256927490234,131.86383056640625
nan,nan,nan,nan
963.5872160729098,436.6327135451422,110.42256927490234,131.86383056640625
450.3001511983918,396.93570270854866,108.06777954101562,129.0518035888672
1177.1099478436613,194.9565248620779,108.06777954101562,129.0518035888672
459.8195748468361,382.0398711130736,108.06777954101562,129.0518035888672
448.9950702268234,389.4746809471833,108.06777954101562,129.0518035888672
1175.3872052163622,201.70566952625444,108.06777954101562,129.0518035888672
1183.4386201814814,195.4965307573762,108.06777954101562,129.0518035888672
453.13796162979975,397.3723189084093,108.06777954101562,129.0518035888672
463.11087511847643,372.1337970012961,108.06777954101562,129.0518035888672
1174.9079862816861,208.87382239182625,108.06777954101562,129.0518035888672
957.4752850731549,450.66406867120736,110.45877838134766,131.90707397460938
1176.00067768118,194.12225100113517,110.45877838134766,131.90707397460938
961.4735435868831,450.64505363211947,110.45877838134766,131.90707397460938
1185.7979868060715,196.16913260265926,110.45877838134766,131.90707397460938
1173.942814258942,201.87884252718663,110.45877838134766,131.90707397460938
972.430200362496,441.683646494847,110.45877838134766,131.90707397460938
961.533144065959,451.4454760774563,110.45877838134766,131.90707397460938
1176.2655676688776,195.60338409627565,110.45877838134766,131.90707397460938
1181.9145783951988,201.951268308961,110.45877838134766,131.90707397460938
1176.6627804475097,187.94391183840213,112.90267944335938,134.8255157470703
1177.4073670470993,184.05453860065904,115.40065002441406,137.80853271484375
1172.465428450625,205.969896442863,115.40065002441406,137.80853271484375
961.4791528100288,449.7096521908427,115.40065002441406,137.80853271484375
1171.154913794244,200.75953684423916,117.95388793945312,140.8575439453125
1166.7733933856252,213.393339008289,120.5636215209961,143.97401428222656
1171.267733099053,205.23495444500855,120.5636215209961,143.97401428222656
929.5937654563636,452.4671542798451,120.5636215209961,143.97401428222656
nan,nan,nan,nan
941.0401292047145,457.604957122197,120.5636215209961,143.97401428222656
1170.005724956997,196.82266751934765,120.5636215209961,143.97401428222656
1171.6645085384628,209.29901853821167,120.5636215209961,143.97401428222656
940.5810048909733,454.72101191372644,120.5636215209961,143.97401428222656
1168.81432006633,190.58848446325158,120.5636215209961,143.97401428222656
1169.2918429192482,196.49201915050241,120.5636215209961,143.97401428222656
905.4952798577043,458.82206233259274,120.5636215209961,143.97401428222656
441.89297124637756,377.2898435293405,120.5636215209961,143.97401428222656
1165.9518410599492,202.48823238488626,120.5636215209961,143.97401428222656
442.01319653071505,360.9111633175793,120.5636215209961,143.97401428222656
nan,nan,nan,nan
1163.0510784509227,196.53844000064282,120.5636215209961,143.97401428222656
nan,nan,nan,nan
934.315887913859,452.8220375550611,120.5636215209961,143.97401428222656
1164.7604795160169,186.40685217795658,120.5636215209961,143.97401428222656
931.8463492498186,447.7684965342478,120.5636215209961,143.97401428222656
1164.6814154685505,199.6242835742736,120.5636215209961,143.97401428222656
1166.4116683372429,179.94216740725204,120.5636215209961,143.97401428222656
935.8707916485067,444.28762562809175,120.5636215209961,143.97401428222656
932.3998430692344,440.2061786686957,120.5636215209961,143.97401428222656
1160.178386368531,188.26482225591258,120.5636215209961,143.97401428222656
297.2030360578416,396.4990316497758,117.99256896972656,140.9037322998047
nan,nan,nan,nan
441.893463160276,370.4113347690284,117.99256896972656,140.9037322998047
439.14443317336406,374.5401214501572,115.4763412475586,137.89892578125
1166.4086279210412,208.28544010831752,115.4763412475586,137.89892578125
1175.5982915858237,182.54274232575904,115.4763412475586,137.89892578125
1166.663367759333,193.08492511431461,115.4763412475586,137.89892578125
438.39488597895695,365.5655419552232,115.4763412475586,137.89892578125
nan,nan,nan,nan
437.7425867790565,377.75880984542914,115.4763412475586,137.89892578125
933.6629550540839,450.4182681857467,115.4763412475586,137.89892578125
1173.601141530671,193.04116771367694,115.4763412475586,137.89892578125
1153.3615723062292,202.92487218461213,115.4763412475586,137.89892578125
1170.656915881118,197.46853265632961,115.4763412475586,137.89892578125
1173.943222383927,188.15803568803642,115.4763412475586,137.89892578125
1179.1584916003178,212.06532625737879,113.0137710571289,134.95819091796875
931.2608358978379,448.8842396287414,113.0137710571289,134.95819091796875
444.23636352282494,364.4885990535259,113.0137710571289,134.95819091796875
1172.4523018507566,199.46413099040484,113.0137710571289,134.95819091796875
936.9683449161898,446.0473765122679,113.0137710571289,134.95819091796875
432.1451300708012,376.2103464477553,113.0137710571289,134.95819091796875
nan,nan,nan,nan
1176.1391806813267,176.5745438202017,113.0137710571289,134.95819091796875
1158.8763476033898,187.23263793606912,113.0137710571289,134.95819091796875
917.7222775269803,438.160275566895,113.0137710571289,134.95819091796875
1180.535084408237,185.4917873155487,113.0137710571289,134.95819091796875
372.63893396062383,378.03035660156115,113.0137710571289,134.95819091796875
1180.8495724286213,381.9952629170736,113.0137710571289,134.95819091796875
1177.5893353229249,396.5224543296972,113.0137710571289,134.95819091796875
1163.0612069513713,214.18257491688883,115.51419830322266,137.9441375732422
802.4512492442993,449.52778952860274,115.51419830322266,137.9441375732422
794.7653755896428,454.3329561825408,115.51419830322266,137.9441375732422
1144.907313000093,394.20924942584105,115.51419830322266,137.9441375732422
299.383072488482,380.00445200168383,115.51419830322266,137.9441375732422
nan,nan,nan,nan
1146.7529591688406,397.3242657894275,115.51419830322266,137.9441375732422
1159.8513579694345,397.56268518184345,115.51419830322266,137.9441375732422
1163.6738493616804,389.7240467793891,115.51419830322266,137.9441375732422
1166.1821242740345,177.31842277174306,118.06995391845703,140.99615478515625
1155.7240249922688,360.25138366439023,118.06995391845703,140.99615478515625
820.90148803944,289.4370306731806,118.06995391845703,140.99615478515625
1166.0242403002612,168.15495913166558,120.6822509765625,144.11569213867188
1172.575303424662,354.25113031646356,120.6822509765625,144.11569213867188
1080.996799860029,167.5366844885855,120.6822509765625,144.11569213867188
1173.5605528888887,349.04472134473076,120.6822509765625,144.11569213867188
838.2665089983076,394.14644467362695,120.6822509765625,144.11569213867188
1179.860269367082,335.4391049161983,118.1086654663086,141.04238891601562
1177.8563338018955,336.456695603981,118.1086654663086,141.04238891601562
359.77337575478987,317.81669386599475,118.1086654663086,141.04238891601562
869.0992437765585,398.1314641681086,118.1086654663086,141.04238891601562
1186.4062371519856,318.1904935205863,118.1086654663086,141.04238891601562
1178.91213973627,313.9838388670009,118.1086654663086,141.04238891601562
1166.3599808899203,124.16083302066369,118.1086654663086,141.04238891601562
1166.736480063037,105.41418079832505,115.5899658203125,138.0346221923828
1149.3451295224738,117.82653446635553,115.5899658203125,138.0346221923828
1157.8583775563252,108.88423548034251,115.5899658203125,138.0346221923828
1181.3513785291946,303.20624293286573,115.5899658203125,138.0346221923828
806.6520765557775,362.18253333421853,115.5899658203125,138.0346221923828
794.4321174562307,370.8657180180141,115.5899658203125,138.0346221923828
1124.6362592640512,317.9380819737238,115.5899658203125,138.0346221923828
270.9417901231566,312.03482618496867,115.5899658203125,138.0346221923828
1150.7760127462952,329.0878673548244,115.5899658203125,138.0346221923828
1183.1406324892173,341.8507608360307,115.5899658203125,138.0346221923828
nan,nan,nan,nan
925.4882304327311,400.9310813531599,115.5899658203125,138.0346221923828
1174.6182380518158,141.7383190130923,115.5899658203125,138.0346221923828
424.52088019272026,333.80614393019926,115.5899658203125,138.0346221923828
1175.1146255624494,157.8693750794971,113.1249771118164,135.0909881591797
1176.9596437911669,154.06486757220813,113.1249771118164,135.0909881591797
934.1345416567646,415.86341865986464,113.1249771118164,135.0909881591797
1153.528256491019,371.05195989857987,115.62786865234375,138.0798797607422
1073.3891746988625,401.1730818390414,115.62786865234375,138.0798797607422
663.3602960734357,491.58690860722027,115.62786865234375,138.0798797607422
927.7865147018452,449.3787652823371,115.62786865234375,138.0798797607422
587.0152847604891,525.7701875988223,115.62786865234375,138.0798797607422
887.7154199155141,477.06166478098396,115.62786865234375,138.0798797607422
910.0578584923999,466.54038227664273,115.62786865234375,138.0798797607422
964.2975440790595,470.6424827418549,118.1861343383789,141.13490295410156
145.88326011712576,447.55247968396543,118.1861343383789,141.13490295410156
1173.064163378543,288.19545723514153,118.1861343383789,141.13490295410156
618.820908062623,544.6423325326729,118.1861343383789,141.13490295410156
722.7483938420044,499.9018829214117,118.1861343383789,141.13490295410156
1042.9147174674963,423.8840351562862,118.1861343383789,141.13490295410156
738.7606039230687,469.52819733386184,118.1861343383789,141.13490295410156
1028.2082986145338,400.4299427415186,118.1861343383789,141.13490295410156
1010.3211178160232,405.7789165822893,118.1861343383789,141.13490295410156
997.8826003317347,403.25869599912073,118.1861343383789,141.13490295410156
993.6919113201384,396.9944753876872,118.1861343383789,141.13490295410156
600.8668497196269,460.28584421124833,118.1861343383789,141.13490295410156
1002.1091847741645,377.38547944048736,118.1861343383789,141.13490295410156
1171.2923898062443,200.85218409610468,118.1861343383789,141.13490295410156
1164.3025856415552,199.53418945218152,120.8010025024414,144.25750732421875
1081.3729615360407,348.70936130075864,120.8010025024414,144.25750732421875
1081.56097364405,326.19909179020715,120.8010025024414,144.25750732421875
800.0179773406346,381.7154668996406,120.8010025024414,144.25750732421875
838.6360751255373,359.8837152147822,120.8010025024414,144.25750732421875
850.5663460566117,356.49699230265855,120.8010025024414,144.25750732421875
1132.2475971655347,295.48401649996754,120.8010025024414,144.25750732421875
1135.7898386131303,291.64951090702345,120.8010025024414,144.25750732421875
1159.9775450320983,114.49603228081975,120.8010025024414,144.25750732421875
1043.2950117848104,328.6370855827994,120.8010025024414,144.25750732421875
967.9534243948199,383.6873925949159,120.8010025024414,144.25750732421875
1014.1139416112051,230.10963284448553,120.8010025024414,144.25750732421875
919.8852550024503,413.2638771477581,120.8010025024414,144.25750732421875
917.9255571408428,420.4022126513066,120.8010025024414,144.25750732421875
955.2288373596031,412.2795833886185,120.8010025024414,144.25750732421875
760.9760995632134,473.81660414355815,120.8010025024414,144.25750732421875
1047.0512178526292,413.8012859100504,120.8010025024414,144.25750732421875
1162.6242279004123,244.2675199505823,120.8010025024414,144.25750732421875
1049.4522230127427,405.57040739916357,120.8010025024414,144.25750732421875
1042.1268820796956,399.45772135876405,120.8010025024414,144.25750732421875
1032.9258430490409,414.7159185339588,120.8010025024414,144.25750732421875
nan,nan,nan,nan
1023.4611317922675,407.86165637016956,120.8010025024414,144.25750732421875
1023.8879543504406,404.6932619931549,118.22488403320312,141.18116760253906
1167.5544372880586,229.42055981161008,118.22488403320312,141.18116760253906
1092.9795556741967,401.3610579101567,118.22488403320312,141.18116760253906
1107.1911899102824,408.7968489507374,120.84060668945312,144.30479431152344
890.1477761098874,458.10229936919245,120.84060668945312,144.30479431152344
1172.0434892927565,193.8711070106085,120.84060668945312,144.30479431152344
1172.7551300083223,371.31496294296323,120.84060668945312,144.30479431152344
969.9133145567027,429.7576706237384,120.84060668945312,144.30479431152344
nan,nan,nan,nan
967.5338174449703,431.4523444657936,120.84060668945312,144.30479431152344
978.7315303806784,435.4825613451065,120.84060668945312,144.30479431152344
972.1165582145632,430.5287634456561,120.84060668945312,144.30479431152344
975.3269205122833,436.1640522038049,120.84060668945312,144.30479431152344
1165.5739682159372,179.52098840086603,120.84060668945312,144.30479431152344
975.9591565546966,441.1910774403916,120.84060668945312,144.30479431152344
1015.1649381827181,441.4718794579187,120.84060668945312,144.30479431152344
1068.9015680269895,437.26517667658845,120.84060668945312,144.30479431152344
1143.1434204942989,421.515002716889,120.84060668945312,144.30479431152344
nan,nan,nan,nan
537.8756663211384,333.8739292950256,120.84060668945312,144.30479431152344
539.4172288866029,321.08641442335676,120.84060668945312,144.30479431152344
1162.0903764846253,409.2528937927376,120.84060668945312,144.30479431152344
541.683234512526,316.4707777572637,120.84060668945312,144.30479431152344
1152.2194584453014,421.2928434850803,120.84060668945312,144.30479431152344
nan,nan,nan,nan
nan,nan,nan,nan
437.1392320967534,334.2695002870518,120.84060668945312,144.30479431152344
417.50846486155365,355.3165095058207,120.84060668945312,144.30479431152344
427.1330907487046,346.0780072676778,120.84060668945312,144.30479431152344
1092.9337480593367,442.32199160280095,120.84060668945312,144.30479431152344
1098.9674942389772,435.02413136407193,120.84060668945312,144.30479431152344
nan,nan,nan,nan
nan,nan,nan,nan
1106.962726494225,445.2826920393529,120.84060668945312,144.30479431152344
1086.9254549861676,443.5115851571303,120.84060668945312,144.30479431152344
1070.731180085284,447.04284158949156,120.84060668945312,144.30479431152344
1040.9961945278442,430.93112104483134,120.84060668945312,144.30479431152344
302.5735294783133,377.72759107468244,123.51420593261719,147.49754333496094
1160.614397576749,195.3402693092375,123.51420593261719,147.49754333496094
1177.9112867997471,362.3265181972123,123.51420593261719,147.49754333496094
1007.2654837094926,440.4150561324832,126.24695587158203,150.76092529296875
1030.9769908598084,434.93551098188186,126.24695587158203,150.76092529296875
nan,nan,nan,nan
1148.622915796068,172.72791614120862,126.24695587158203,150.76092529296875
1142.2676124802874,413.43996391473536,126.24695587158203,150.76092529296875
453.6416396811303,337.83392443623035,126.24695587158203,150.76092529296875
454.0184144656396,313.5498757846371,126.24695587158203,150.76092529296875
452.78631824685806,305.5455753705495,126.24695587158203,150.76092529296875
nan,nan,nan,nan
1164.6346519147376,115.23311573772531,126.24695587158203,150.76092529296875
1144.8452879271256,127.34752263073474,129.04017639160156,154.0965118408203
1159.9016077326605,130.14968548351328,129.04017639160156,154.0965118408203
1003.0544089964512,421.71373635168675,126.28836059570312,150.81036376953125
239.80606672847227,402.8714464128184,126.28836059570312,150.81036376953125
973.0781511731859,482.561040071922,126.28836059570312,150.81036376953125
1163.3804450588127,417.81838273737674,123.59522247314453,147.5942840576172
985.2185314217302,494.48340426076174,123.59522247314453,147.5942840576172
318.08175134877473,411.8525740336584,123.59522247314453,147.5942840576172
nan,nan,nan,nan
1168.267049492724,444.38215011298666,123.59522247314453,147.5942840576172
374.0164786003,388.0029867492295,123.59522247314453,147.5942840576172
nan,nan,nan,nan
540.0023752271761,338.7221210671512,123.59522247314453,147.5942840576172
535.2943140138841,336.0467778006247,126.32976531982422,150.85980224609375
517.5662335374401,327.77688386649714,126.32976531982422,150.85980224609375
nan,nan,nan,nan
1159.8959915923222,410.3078957434626,126.32976531982422,150.85980224609375
1168.2991040613383,151.5786961571611,123.63574981689453,147.64266967773438
1159.0187181889623,165.86529994697628,126.3711929321289,150.90927124023438
1158.7621377803473,417.3415634222897,126.3711929321289,150.90927124023438
1164.837838482593,168.81781287642434,126.3711929321289,150.90927124023438
1158.8052677624955,163.01685442834514,126.3711929321289,150.90927124023438
1168.209398961329,157.90910408198323,126.3711929321289,150.90927124023438
1151.317718227776,156.76942160826496,129.1671600341797,154.24813842773438
1150.6306346910806,392.737062028276,129.1671600341797,154.24813842773438
406.39329678624796,303.58815723306645,129.1671600341797,154.24813842773438
397.4224936403842,328.53191661642177,129.1671600341797,154.24813842773438
1154.2881820768064,383.85690574558225,129.1671600341797,154.24813842773438
1161.7633555936118,133.80576328079945,129.1671600341797,154.24813842773438
1152.4447824455685,140.35952836533318,129.1671600341797,154.24813842773438
273.0682117704888,321.0768364135491,129.1671600341797,154.24813842773438
1042.322913068071,391.0269744413687,129.1671600341797,154.24813842773438
nan,nan,nan,nan
1045.241973548088,396.3596571353338,129.1671600341797,154.24813842773438
297.8763601825251,297.7051221705695,129.1671600341797,154.24813842773438
273.134743115082,323.6705618347245,132.0249786376953,157.66087341308594
872.6069084863085,232.51433575184336,132.0249786376953,157.66087341308594
254.54078528199182,322.2680461166444,134.94602966308594,161.1491241455078
1109.380607035162,303.5867177743257,132.06826782226562,157.7125701904297
1008.1058046664198,341.8928823499962,132.06826782226562,157.7125701904297
907.759993468961,393.0318403445647,129.2518768310547,154.34930419921875
790.6399779299046,462.00760410098746,129.2518768310547,154.34930419921875
693.858830279361,512.6828269266019,129.2518768310547,154.34930419921875
637.0768651398673,544.050794689428,129.2518768310547,154.34930419921875
638.3424666724818,552.7949432876306,129.2518768310547,154.34930419921875
nan,nan,nan,nan
736.9813013159817,570.4952425370309,129.2518768310547,154.34930419921875
nan,nan,nan,nan
9.405883489326598,488.47272999849076,129.2518768310547,154.34930419921875
nan,nan,nan,nan
191.38997395643378,362.69397174152357,129.2518768310547,154.34930419921875
251.3626151169666,319.4453628160274,129.2518768310547,154.34930419921875
268.356431340001,285.9794789010467,132.111572265625,157.7642822265625
290.3133390877264,249.36302468257588,132.111572265625,157.7642822265625
1174.7229594555533,247.7721369495912,129.29425048828125,154.39991760253906
221.31944131612624,250.43556586372694,132.15489196777344,157.81600952148438
1097.5479825313575,247.63848987413053,132.15489196777344,157.81600952148438
1068.7858223357687,238.79912453672506,132.15489196777344,157.81600952148438
1074.3314084062656,258.1266508895394,129.33665466308594,154.45053100585938
165.03157714002026,249.4965568219041,129.33665466308594,154.45053100585938
1055.9470872618522,313.90297377438264,129.33665466308594,154.45053100585938
1157.312074603554,253.0585910593635,129.33665466308594,154.45053100585938
418.6824396154186,144.86978168129764,129.33665466308594,154.45053100585938
nan,nan,nan,nan
nan,nan,nan,nan
nan,nan,nan,nan
nan,nan,nan,nan
390.9207909640493,111.1377247626065,129.33665466308594,154.45053100585938
322.54386465140607,154.05406294987833,132.19822692871094,157.8677520751953
1066.4295844237774,240.69365757559643,135.12310791015625,161.36058044433594
249.56368439014028,168.8961454049292,138.11270141601562,164.93067932128906
231.32190409098553,175.9196906647593,138.11270141601562,164.93067932128906
219.54362796838893,172.6562913299851,138.11270141601562,164.93067932128906
233.2842356764521,183.17336199304202,138.11270141601562,164.93067932128906
234.978555208557,175.81381383046028,138.11270141601562,164.93067932128906
1076.9143225398657,271.5995173877361,138.11270141601562,164.93067932128906
1074.6764108538664,305.96090689419174,138.11270141601562,164.93067932128906
252.55365100922,298.68839271431614,138.11270141601562,164.93067932128906
nan,nan,nan,nan
257.94340767624004,355.11048457524544,141.16844177246094,168.57977294921875
261.3195705516554,392.90940533828393,141.16844177246094,168.57977294921875
653.4631058863602,325.59741431916905,141.16844177246094,168.57977294921875
1151.6442463360354,192.39470572446953,141.16844177246094,168.57977294921875
271.1356032095167,407.649383563824,141.16844177246094,168.57977294921875
289.3180691509551,398.04357897826407,141.16844177246094,168.57977294921875
290.7650887643359,352.2072626549465,141.16844177246094,168.57977294921875
292.58961021963296,347.2373974697333,141.16844177246094,168.57977294921875
1132.3123593234443,398.6234725540264,141.16844177246094,168.57977294921875
298.5418285227751,342.55304446887817,144.2917938232422,172.30960083007812
686.0021965112784,275.9903148896821,141.21473693847656,168.6350555419922
316.29941704197824,320.9142660782825,141.21473693847656,168.6350555419922
696.3774491641799,280.6341886926776,138.2032928466797,165.0388641357422
322.41217603836697,346.58050997287927,138.2032928466797,165.0388641357422
332.30996702935545,354.6153646193105,135.25607299804688,161.5193634033203
327.0961357325076,343.395453469842,138.2486114501953,165.09298706054688
315.4834125682675,339.89103136509175,138.2486114501953,165.09298706054688
301.3585447045861,358.0171663981125,138.2486114501953,165.09298706054688
682.4170768326028,297.55485560684644,135.3004150390625,161.57232666015625
1150.573372094637,160.93538802650272,135.3004150390625,161.57232666015625
691.6255572057885,304.4164146839394,132.41510009765625,158.1267547607422
682.3202862453987,301.46253863911113,132.41510009765625,158.1267547607422
696.9063324950712,310.89929878043597,129.59130859375,154.75465393066406
1148.7877667521009,164.82519834452927,129.59130859375,154.75465393066406
1148.2894308931384,437.0976115154581,129.59130859375,154.75465393066406
721.1042551837095,306.7606634290837,129.59130859375,154.75465393066406
350.5099622689147,387.82657447115116,129.59130859375,154.75465393066406
360.5910005421051,372.3426631064205,132.45851135253906,158.17860412597656
357.71026369104254,404.3806526079918,132.45851135253906,158.17860412597656
728.6435174664932,340.754593000771,132.45851135253906,158.17860412597656
712.1833097685436,348.3781753895161,129.6337890625,154.80540466308594
704.8104961288318,352.87763515930584,126.86930847167969,151.50413513183594
327.0692834350026,418.8862938000362,126.86930847167969,151.50413513183594
678.8160945491575,351.381679147561,124.16378021240234,148.2732696533203
663.8857703512472,353.46389724018223,124.16378021240234,148.2732696533203
650.0688096402996,344.02802784622907,121.51595306396484,145.11129760742188
645.1480869189331,342.03029298653604,121.51595306396484,145.11129760742188
638.0511694137244,319.76363356068254,121.51595306396484,145.11129760742188
645.2712295101754,313.20088986919507,118.92459106445312,142.01675415039062
1124.2717243924023,427.71340455920387,118.92459106445312,142.01675415039062
642.3269152697943,304.6639780422413,118.92459106445312,142.01675415039062
644.6139822004536,302.7508131666769,116.38848876953125,138.9882049560547
1129.8381412558972,425.4550022288427,116.38848876953125,138.9882049560547
648.2238626612493,302.00295921112877,113.9064712524414,136.0242462158203
1124.9597344809124,433.0041521170242,113.9064712524414,136.0242462158203
1121.2503063032602,427.86682420912047,113.9064712524414,136.0242462158203
635.6452518002187,305.24698403578276,111.47738647460938,133.1234893798828
630.918634319071,304.1236065289416,111.47738647460938,133.1234893798828
1112.4453376191561,433.73982572032276,111.47738647460938,133.1234893798828
628.5832431744113,309.44756604324573,109.10009765625,130.2845916748047
626.8718093571485,319.7886715427754,106.77350616455078,127.50623321533203
nan,nan,nan,nan
633.2559216076424,323.3839839602608,104.49652862548828,124.78712463378906
630.8656202418521,327.83452315939167,104.49652862548828,124.78712463378906
633.091323236887,325.0655042424425,102.26811218261719,122.1259994506836
282.383640408495,403.0029888991677,102.26811218261719,122.1259994506836
1133.9395316861712,454.32890659569375,104.53079223632812,124.82804107666016
302.5487599753716,381.70471579560615,104.53079223632812,124.82804107666016
639.3839622546384,347.75176574051864,102.30164337158203,122.16604614257812
638.2059591337045,339.2910588646099,102.30164337158203,122.16604614257812
638.2431644102153,348.0122769146185,100.12003326416016,119.56082153320312
641.5336578828014,344.9409821649284,100.12003326416016,119.56082153320312
641.3652681399483,346.3620827177913,100.12003326416016,119.56082153320312
263.703130297402,423.3184544737262,100.12003326416016,119.56082153320312
304.20799731866487,420.5391870958599,100.12003326416016,119.56082153320312
676.8363729689805,348.9183274085657,102.33518981933594,122.20610809326172
693.4774619236213,350.8235818437868,102.33518981933594,122.20610809326172
1171.8654913175774,480.7522668296699,102.33518981933594,122.20610809326172
709.4475683441661,360.21874529306353,102.33518981933594,122.20610809326172
713.4555303386345,357.1505268891276,102.33518981933594,122.20610809326172
367.7745893507434,399.10018242527843,102.33518981933594,122.20610809326172
718.087716327735,349.2053758426471,102.33518981933594,122.20610809326172
nan,nan,nan,nan
724.2419870189182,338.83063825471413,104.59935760498047,124.90991973876953
359.0034549593956,390.57446677915016,104.59935760498047,124.90991973876953
1175.0260660421604,457.0181501369135,104.59935760498047,124.90991973876953
678.394846895162,339.6611686802045,104.59935760498047,124.90991973876953
315.56420775606307,396.0878905200097,104.59935760498047,124.90991973876953
1156.118742669158,459.80624885321276,104.59935760498047,124.90991973876953
nan,nan,nan,nan
629.4861576507342,344.5625502655723,104.59935760498047,124.90991973876953
1179.7965800066354,193.36482415841314,104.59935760498047,124.90991973876953
625.9176899764727,347.0705073249513,104.59935760498047,124.90991973876953
627.7017863368756,344.0580056864421,106.91361999511719,127.67355346679688
623.6696370510604,340.1557416641047,106.91361999511719,127.67355346679688
301.89817485910527,379.8471334259814,106.91361999511719,127.67355346679688
647.7810227328505,341.1459245414337,106.91361999511719,127.67355346679688
661.4033496955178,334.6529701717462,106.91361999511719,127.67355346679688
1176.6148433265062,454.5976157070602,106.91361999511719,127.67355346679688
1162.682545491306,455.7848718138647,106.91361999511719,127.67355346679688
666.405065980851,322.49811149170984,106.91361999511719,127.67355346679688
675.1273238218387,314.1259547904323,106.91361999511719,127.67355346679688
1170.7883114987565,456.9895442391088,106.91361999511719,127.67355346679688
688.3971702767554,319.1927774388095,104.63365936279297,124.95087432861328
683.8717875150948,316.3248328939481,102.40231323242188,122.28626251220703
557.6650048092362,350.32571430224607,100.21855163574219,119.67847442626953
668.8055563979362,322.2713425393519,98.08135986328125,117.12629699707031
nan,nan,nan,nan
658.8491929112166,319.8430365629971,98.08135986328125,117.12629699707031
651.9614960156988,327.29146194337073,98.08135986328125,117.12629699707031
650.6250357867713,322.2279226834979,100.25141143798828,119.71772003173828
485.10380826318305,350.3164691006752,100.25141143798828,119.71772003173828
468.51084674018796,352.51804965032636,100.25141143798828,119.71772003173828
654.3043589790107,327.39035718328046,100.25141143798828,119.71772003173828
653.5101772157838,337.4862102712687,98.11351776123047,117.16470336914062
654.6067493355852,329.8037063151659,96.0212173461914,114.66613006591797
646.5571227128279,332.42022452230765,96.0212173461914,114.66613006591797
1175.1645838381921,464.8225115000163,96.0212173461914,114.66613006591797
296.4667066178112,404.2549505817532,96.0212173461914,114.66613006591797
635.5134011723607,333.36866624893355,96.0212173461914,114.66613006591797
nan,nan,nan,nan
612.1669720834568,334.64947673317977,98.14569091796875,117.20311737060547
321.3230958899341,360.71178257299937,98.14569091796875,117.20311737060547
609.813886257602,333.5685754040826,96.05270385742188,114.70372772216797
316.20756805616406,376.56341642480373,98.17787170410156,117.24154663085938
606.0877472169369,336.7399562047807,98.17787170410156,117.24154663085938
605.0017097829594,341.36622319588304,98.17787170410156,117.24154663085938
602.3483395769199,346.2282784546615,100.35005950927734,119.83551788330078
597.6660796109404,339.11925489947043,100.35005950927734,119.83551788330078
599.0853832302884,334.39138883653857,102.57030487060547,122.48687744140625
1119.3893593254818,473.52330097992785,102.57030487060547,122.48687744140625
1100.5866194595571,472.09314837503894,102.57030487060547,122.48687744140625
nan,nan,nan,nan
251.0891157864624,391.6135135484583,102.57030487060547,122.48687744140625
242.1488191437203,407.44337997791365,102.57030487060547,122.48687744140625
588.9925256163605,346.3963791992064,102.57030487060547,122.48687744140625
583.6620891494082,348.84788963649464,102.57030487060547,122.48687744140625
236.7717802703956,414.8830722906369,102.57030487060547,122.48687744140625
1098.967625213972,476.43041645742505,102.57030487060547,122.48687744140625
578.2857488658697,348.9767139689387,102.57030487060547,122.48687744140625
1096.0928549036712,479.42476598091423,104.83967590332031,125.1968994140625
575.577693611542,352.9037175868061,104.83967590332031,125.1968994140625
1090.3907596870638,479.39888194795435,104.83967590332031,125.1968994140625
1079.6993213608062,478.77075206698896,104.83967590332031,125.1968994140625
1096.1459477270967,472.9286570431992,104.83967590332031,125.1968994140625
570.5918921362816,350.17765495400397,104.83967590332031,125.1968994140625
574.086021903151,350.76103541601736,104.83967590332031,125.1968994140625
568.8078205584657,350.30625276139097,104.83967590332031,125.1968994140625
575.9553786532404,346.4199988860748,107.15925598144531,127.96688079833984
568.6071605174787,347.6777700016887,107.15925598144531,127.96688079833984
563.7667991467409,344.98156371812667,107.15925598144531,127.96688079833984
558.431659533023,339.81723238299867,107.15925598144531,127.96688079833984
1093.2518528608405,470.39445782747,107.15925598144531,127.96688079833984
562.6552167408383,349.07900962456984,107.15925598144531,127.96688079833984
564.4929657639289,345.91257739319013,104.87405395507812,125.23795318603516
nan,nan,nan,nan
237.95746003754755,400.396543292164,104.87405395507812,125.23795318603516
565.3906385840819,342.16680741440376,104.87405395507812,125.23795318603516
567.9894524710917,348.8576869762915,102.63758087158203,122.56721496582031
590.0260959473354,344.6164307467437,102.63758087158203,122.56721496582031
596.1537116986418,344.6929519342797,104.90843963623047,125.27901458740234
597.8782835000998,344.6285676753858,104.90843963623047,125.27901458740234
605.6710233991384,346.2123736510679,104.90843963623047,125.27901458740234
610.399848920554,343.04039625266506,102.67123413085938,122.60740661621094
1157.0081387992327,476.2199285130988,102.67123413085938,122.60740661621094
602.0344435909365,347.2774431992872,102.67123413085938,122.60740661621094
1159.4733760160166,474.52856793761714,102.67123413085938,122.60740661621094
590.8202680506424,339.24204188408163,102.67123413085938,122.60740661621094
1152.8257479327187,474.78243940834466,104.94283294677734,125.32009887695312
1154.197091215105,476.70516568429866,104.94283294677734,125.32009887695312
290.2935251241246,398.74182054763486,104.94283294677734,125.32009887695312
570.2126767611079,339.8036705719929,104.94283294677734,125.32009887695312
568.5403135733151,335.69239192541335,104.94283294677734,125.32009887695312
576.1812108968745,343.14399610022673,104.94283294677734,125.32009887695312
588.9988254153773,344.66608336117366,102.70489501953125,122.64761352539062
353.12754903723203,420.0409356975599,100.51468658447266,120.03211975097656
367.16836152259725,410.8330821943749,100.51468658447266,120.03211975097656
1184.150032359798,496.073494187013,100.51468658447266,120.03211975097656
392.7702617296276,394.32416533100627,100.51468658447266,120.03211975097656
nan,nan,nan,nan
393.57999264798286,426.05910893698115,100.51468658447266,120.03211975097656
615.788982004323,343.66252146365014,100.51468658447266,120.03211975097656
622.2999937336849,346.6033186664597,100.51468658447266,120.03211975097656
1182.794851708189,218.0395287896328,100.51468658447266,120.03211975097656
nan,nan,nan,nan
nan,nan,nan,nan
651.0251332473831,354.0523293304586,100.51468658447266,120.03211975097656
658.0469300242837,356.6561878662709,100.51468658447266,120.03211975097656
667.7230292152656,351.4822024231407,98.37118530273438,117.47239685058594
nan,nan,nan,nan
537.7943036393355,418.19944708978943,98.37118530273438,117.47239685058594
675.3813933057095,345.9352526062103,98.37118530273438,117.47239685058594
nan,nan,nan,nan
758.4420031136972,239.60183151674238,96.27339172363281,114.9672622680664
nan,nan,nan,nan
nan,nan,nan,nan
636.1934631185746,352.44970299792277,96.27339172363281,114.9672622680664
621.1696692356043,355.162973711567,94.2203369140625,112.51554870605469
616.9035447590213,362.1590163932335,92.2110595703125,110.11611938476562
nan,nan,nan,nan
nan,nan,nan,nan
nan,nan,nan,nan
nan,nan,nan,nan
nan,nan,nan,nan
nan,nan,nan,nan
480.8473149546137,453.53285870785146,92.2110595703125,110.11611938476562
611.4412568326018,428.71037974671435,92.2110595703125,110.11611938476562
628.4260047159703,412.236870149313,92.2110595703125,110.11611938476562
nan,nan,nan,nan
nan,nan,nan,nan
674.2265191321947,434.262010635047,92.2110595703125,110.11611938476562
nan,nan,nan,nan
742.8894882513307,422.52459610862684,92.2110595703125,110.11611938476562
nan,nan,nan,nan
786.436645921236,425.75737116882755,92.2110595703125,110.11611938476562
806.5531493937524,438.66343250944954,92.2110595703125,110.11611938476562
nan,nan,nan,nan
nan,nan,nan,nan
nan,nan,nan,nan
868.9867871662357,422.00566247909626,92.2110595703125,110.11611938476562
865.8871366011549,438.25596477760365,92.2110595703125,110.11611938476562
888.8243650836868,424.48339013253815,92.2110595703125,110.11611938476562
nan,nan,nan,nan
899.6736610929985,427.0952534319522,92.2110595703125,110.11611938476562
892.7825869418948,442.7442787943931,94.25122833251953,112.55243682861328
926.1968163946162,424.7299082379393,94.25122833251953,112.55243682861328
923.7520134219824,434.2703241950907,94.25122833251953,112.55243682861328
nan,nan,nan,nan
nan,nan,nan,nan
950.5950272811738,442.37804491802615,94.25122833251953,112.55243682861328
nan,nan,nan,nan
nan,nan,nan,nan
1186.585117156099,265.4946871668202,94.25122833251953,112.55243682861328
1180.6614081106052,264.1847386669865,92.24129486083984,110.1522216796875
nan,nan,nan,nan
1188.0905915641777,269.33825486772275,92.24129486083984,110.1522216796875
1189.4200090604922,263.2179402701711,92.24129486083984,110.1522216796875
nan,nan,nan,nan
989.7927593780244,469.58036159318976,92.24129486083984,110.1522216796875
1200.2190011562795,259.89406125830106,92.24129486083984,110.1522216796875
nan,nan,nan,nan
900.7243451616234,482.26574478356656,92.24129486083984,110.1522216796875
nan,nan,nan,nan
1196.1642910247367,256.1805244990362,94.28213500976562,112.58934020996094
nan,nan,nan,nan
1187.1436152459785,248.47137499434746,96.36812591552734,115.08038330078125
1193.9035112896129,244.60928110581403,96.36812591552734,115.08038330078125
1099.582452249011,458.20037699681404,96.36812591552734,115.08038330078125
nan,nan,nan,nan
1121.6910167876595,453.93405358402464,96.36812591552734,115.08038330078125
1127.7189195735868,458.92854395944846,96.36812591552734,115.08038330078125
1148.3650145016231,442.34637505040905,96.36812591552734,115.08038330078125
nan,nan,nan,nan
1187.0051665339608,240.69254812780156,96.36812591552734,115.08038330078125
1190.3543032117814,248.7066541476462,96.36812591552734,115.08038330078125
nan,nan,nan,nan
1189.5914019251666,464.16439586356614,96.36812591552734,115.08038330078125
581.5789950679862,368.0769976168504,96.36812591552734,115.08038330078125
595.9501367706667,366.7273233606476,98.50027465820312,117.62654113769531
630.7134702686958,355.9592907022507,98.50027465820312,117.62654113769531
nan,nan,nan,nan
655.2076660232722,363.87737044069326,100.67959594726562,120.2290267944336
nan,nan,nan,nan
685.3444470237391,360.10245358030056,100.67959594726562,120.2290267944336
684.9551310626259,365.82763792092817,98.53257751464844,117.66510772705078
696.2691589121047,366.94750679722483,96.43134307861328,115.15586853027344
694.5031429623709,368.102307454447,96.43134307861328,115.15586853027344
nan,nan,nan,nan
nan,nan,nan,nan
nan,nan,nan,nan
708.981176714979,370.5612384978895,96.43134307861328,115.15586853027344
687.5453502913896,374.14816703547893,96.43134307861328,115.15586853027344
685.8143152433466,372.30174851018324,96.43134307861328,115.15586853027344
683.618916753917,366.6779128182302,96.43134307861328,115.15586853027344
nan,nan,nan,nan
nan,nan,nan,nan
670.5065300496271,369.4757995012853,94.37491607666016,112.70013427734375
663.946505207989,372.99128216200285,94.37491607666016,112.70013427734375
nan,nan,nan,nan
649.724513252301,372.87218600279266,94.37491607666016,112.70013427734375
nan,nan,nan,nan
nan,nan,nan,nan
nan,nan,nan,nan
nan,nan,nan,nan
nan,nan,nan,nan
643.3715573958801,360.0070490163115,94.37491607666016,112.70013427734375
nan,nan,nan,nan
nan,nan,nan,nan
nan,nan,nan,nan
nan,nan,nan,nan
586.741482607721,348.8701415245746,94.37491607666016,112.70013427734375
nan,nan,nan,nan
577.0177905064631,352.42789831851303,94.37491607666016,112.70013427734375
nan,nan,nan,nan
564.9364009615301,359.03720386546854,94.37491607666016,112.70013427734375
nan,nan,nan,nan
551.6979093745981,363.3102964087161,94.37491607666016,112.70013427734375
nan,nan,nan,nan
nan,nan,nan,nan
nan,nan,nan,nan
nan,nan,nan,nan
nan,nan,nan,nan
nan,nan,nan,nan
nan,nan,nan,nan
nan,nan,nan,nan
nan,nan,nan,nan
nan,nan,nan,nan
nan,nan,nan,nan
nan,nan,nan,nan
nan,nan,nan,nan
nan,nan,nan,nan
nan,nan,nan,nan
nan,nan,nan,nan
nan,nan,nan,nan
nan,nan,nan,nan
nan,nan,nan,nan
nan,nan,nan,nan
nan,nan,nan,nan
nan,nan,nan,nan
nan,nan,nan,nan
nan,nan,nan,nan
nan,nan,nan,nan
nan,nan,nan,nan
nan,nan,nan,nan
nan,nan,nan,nan
nan,nan,nan,nan
nan,nan,nan,nan
nan,nan,nan,nan
nan,nan,nan,nan
nan,nan,nan,nan
nan,nan,nan,nan
nan,nan,nan,nan
nan,nan,nan,nan
nan,nan,nan,nan
nan,nan,nan,nan
nan,nan,nan,nan
568.8722597603547,348.68288544121594,94.37491607666016,112.70013427734375
559.1157185796359,346.85275769804156,94.37491607666016,112.70013427734375
nan,nan,nan,nan
nan,nan,nan,nan
nan,nan,nan,nan
nan,nan,nan,nan
nan,nan,nan,nan
nan,nan,nan,nan
nan,nan,nan,nan
nan,nan,nan,nan
556.8416529538924,354.7332827509795,94.37491607666016,112.70013427734375
nan,nan,nan,nan
nan,nan,nan,nan
567.8152119735954,351.6127140126794,92.36234283447266,110.29676818847656
nan,nan,nan,nan
nan,nan,nan,nan
nan,nan,nan,nan
nan,nan,nan,nan
nan,nan,nan,nan
nan,nan,nan,nan
nan,nan,nan,nan
nan,nan,nan,nan
595.8305979318862,343.84917085044793,90.39269256591797,107.94465637207031
600.2095640478791,342.49189658057276,90.39269256591797,107.94465637207031
nan,nan,nan,nan
615.8753260894784,347.12097196089496,90.39269256591797,107.94465637207031
619.7638198835035,344.7659159168286,88.46504211425781,105.64270782470703
635.3497542454033,341.972876363271,88.46504211425781,105.64270782470703
nan,nan,nan,nan
nan,nan,nan,nan
nan,nan,nan,nan
nan,nan,nan,nan
nan,nan,nan,nan
nan,nan,nan,nan
nan,nan,nan,nan
nan,nan,nan,nan
nan,nan,nan,nan
nan,nan,nan,nan
656.3204682554256,351.0081752968522,88.46504211425781,105.64270782470703
659.478478070895,353.4009917521678,86.57849884033203,103.38984680175781
nan,nan,nan,nan
nan,nan,nan,nan
nan,nan,nan,nan
nan,nan,nan,nan
nan,nan,nan,nan
nan,nan,nan,nan
nan,nan,nan,nan
nan,nan,nan,nan
nan,nan,nan,nan
nan,nan,nan,nan
nan,nan,nan,nan
657.6577501157763,340.7551470198533,86.57849884033203,103.38984680175781
nan,nan,nan,nan
nan,nan,nan,nan
nan,nan,nan,nan
nan,nan,nan,nan
nan,nan,nan,nan
nan,nan,nan,nan
nan,nan,nan,nan
nan,nan,nan,nan
nan,nan,nan,nan
nan,nan,nan,nan
nan,nan,nan,nan
612.415553627295,333.7567968732384,86.57849884033203,103.38984680175781
nan,nan,nan,nan
606.0992342907941,342.4505509595832,86.57849884033203,103.38984680175781
nan,nan,nan,nan
nan,nan,nan,nan
nan,nan,nan,nan
nan,nan,nan,nan
603.0559584561831,346.65907516441155,86.57849884033203,103.38984680175781
nan,nan,nan,nan
606.4322444884965,349.9757847156093,84.73218536376953,101.18502807617188
600.6741456911705,348.6215154043002,82.92524719238281,99.02722930908203
594.9113435920641,352.32434643835836,81.15684509277344,96.91544342041016
nan,nan,nan,nan
597.9452163094926,355.3991999166472,79.42615509033203,94.84869384765625
nan,nan,nan,nan
nan,nan,nan,nan
nan,nan,nan,nan
nan,nan,nan,nan
nan,nan,nan,nan
nan,nan,nan,nan
644.4216870129326,344.3211200348639,79.42615509033203,94.84869384765625
647.4523513058177,345.7576422144689,77.73236846923828,92.82601928710938
nan,nan,nan,nan
nan,nan,nan,nan
nan,nan,nan,nan
nan,nan,nan,nan
nan,nan,nan,nan
nan,nan,nan,nan
nan,nan,nan,nan
nan,nan,nan,nan
nan,nan,nan,nan
nan,nan,nan,nan
nan,nan,nan,nan
624.3596136154742,362.0474988083132,77.73236846923828,92.82601928710938
637.0934833779299,358.44420347025573,76.07469940185547,90.84647369384766
nan,nan,nan,nan
nan,nan,nan,nan
nan,nan,nan,nan
nan,nan,nan,nan
nan,nan,nan,nan
638.8403329035363,363.27827609316995,74.45238494873047,88.90914916992188
649.7284918064843,363.33922047714117,72.86466979980469,87.01313781738281
nan,nan,nan,nan
nan,nan,nan,nan
nan,nan,nan,nan
nan,nan,nan,nan
nan,nan,nan,nan
nan,nan,nan,nan
nan,nan,nan,nan
nan,nan,nan,nan
nan,nan,nan,nan
nan,nan,nan,nan
664.949751267427,373.2175795093553,71.31080627441406,85.15755462646484
nan,nan,nan,nan
nan,nan,nan,nan
667.6757513299829,380.1839530024864,71.31080627441406,85.15755462646484
nan,nan,nan,nan
nan,nan,nan,nan
671.3548022151815,370.8320780040118,71.31080627441406,85.15755462646484
672.4387634332679,368.70312841655283,69.79008483886719,83.34154510498047
673.5852750631628,368.96574296682434,69.79008483886719,83.34154510498047
nan,nan,nan,nan
nan,nan,nan,nan
664.5095407571071,366.71743819884307,68.30178833007812,81.56426239013672
nan,nan,nan,nan
665.2768581347723,362.10078883203755,68.30178833007812,81.56426239013672
nan,nan,nan,nan
nan,nan,nan,nan
667.7486590769779,365.5443014463854,68.30178833007812,81.56426239013672
664.489610748275,365.3787434665992,68.30178833007812,81.56426239013672
668.7030201696292,365.3108599524985,68.30178833007812,81.56426239013672
nan,nan,nan,nan
nan,nan,nan,nan
nan,nan,nan,nan
nan,nan,nan,nan
nan,nan,nan,nan
nan,nan,nan,nan
nan,nan,nan,nan
nan,nan,nan,nan
nan,nan,nan,nan
nan,nan,nan,nan
nan,nan,nan,nan
nan,nan,nan,nan
622.7657520584694,368.36915195839225,68.30178833007812,81.56426239013672
nan,nan,nan,nan
nan,nan,nan,nan
nan,nan,nan,nan
nan,nan,nan,nan
nan,nan,nan,nan
nan,nan,nan,nan
nan,nan,nan,nan
595.316892559473,353.7284633544265,69.8129653930664,83.3688735961914
601.6001388720694,351.95266476840175,69.8129653930664,83.3688735961914
nan,nan,nan,nan
nan,nan,nan,nan
nan,nan,nan,nan
nan,nan,nan,nan
nan,nan,nan,nan
nan,nan,nan,nan
nan,nan,nan,nan
nan,nan,nan,nan
nan,nan,nan,nan
nan,nan,nan,nan
nan,nan,nan,nan
670.9532877350819,344.279555387829,68.32418060302734,81.59101104736328
nan,nan,nan,nan
672.6505734945601,342.00438459646824,68.32418060302734,81.59101104736328
nan,nan,nan,nan
nan,nan,nan,nan
nan,nan,nan,nan
672.1621008194039,349.78948478660186,68.32418060302734,81.59101104736328
nan,nan,nan,nan
nan,nan,nan,nan
nan,nan,nan,nan
nan,nan,nan,nan
671.0626854499435,358.8094365767272,66.86714935302734,79.85105895996094
nan,nan,nan,nan
nan,nan,nan,nan
nan,nan,nan,nan
nan,nan,nan,nan
661.3185404349305,366.50163147895756,66.86714935302734,79.85105895996094
nan,nan,nan,nan
nan,nan,nan,nan
nan,nan,nan,nan
nan,nan,nan,nan
656.2292569971813,361.7238862440582,66.86714935302734,79.85105895996094
nan,nan,nan,nan
nan,nan,nan,nan
nan,nan,nan,nan
626.0536766383277,358.3721448087242,66.86714935302734,79.85105895996094
nan,nan,nan,nan
nan,nan,nan,nan
591.570787111114,358.72518172242354,66.86714935302734,79.85105895996094
nan,nan,nan,nan
nan,nan,nan,nan
nan,nan,nan,nan
nan,nan,nan,nan
nan,nan,nan,nan
nan,nan,nan,nan
628.6618363269315,353.05008842467686,66.86714935302734,79.85105895996094
651.8373074210044,349.45155685392945,66.86714935302734,79.85105895996094
nan,nan,nan,nan
nan,nan,nan,nan
nan,nan,nan,nan
nan,nan,nan,nan
nan,nan,nan,nan
nan,nan,nan,nan
nan,nan,nan,nan
nan,nan,nan,nan
nan,nan,nan,nan
nan,nan,nan,nan
nan,nan,nan,nan
nan,nan,nan,nan
nan,nan,nan,nan
nan,nan,nan,nan
nan,nan,nan,nan
688.5407852016333,339.78731565810125,66.86714935302734,79.85105895996094
49.65267534161208,224.5011897657817,66.86714935302734,79.85105895996094
nan,nan,nan,nan
nan,nan,nan,nan
nan,nan,nan,nan
106.70648020268803,227.4793877610532,66.86714935302734,79.85105895996094
120.31344467051645,228.08660186920162,65.4411849975586,78.14820861816406
nan,nan,nan,nan
nan,nan,nan,nan
nan,nan,nan,nan
nan,nan,nan,nan
nan,nan,nan,nan
nan,nan,nan,nan
633.487182458969,342.4093987878976,64.0456314086914,76.48167419433594
nan,nan,nan,nan
nan,nan,nan,nan
nan,nan,nan,nan
210.21038904256446,223.25860390049417,64.0456314086914,76.48167419433594
618.6477129697697,344.14313262290784,64.0456314086914,76.48167419433594
623.489872593215,342.2203733263024,64.0456314086914,76.48167419433594
nan,nan,nan,nan
nan,nan,nan,nan
nan,nan,nan,nan
675.8416011934124,338.26503931303023,64.0456314086914,76.48167419433594
nan,nan,nan,nan
689.365898553793,341.66423135322214,64.0456314086914,76.48167419433594
689.8554863499497,341.86999720018616,62.679840087890625,74.85067749023438
694.4091772378199,342.78274239133896,61.34317398071289,73.25446319580078
nan,nan,nan,nan
694.8614958944144,341.4372021576613,61.34317398071289,73.25446319580078
nan,nan,nan,nan
497.0827772436735,236.10762284605408,61.34317398071289,73.25446319580078
703.6724505247914,347.6369559363537,60.035011291503906,71.69229125976562
nan,nan,nan,nan
nan,nan,nan,nan
nan,nan,nan,nan
584.9096412536628,473.3132557146509,60.035011291503906,71.69229125976562
581.6113726655194,248.28683255101527,61.363285064697266,73.27848052978516
nan,nan,nan,nan
nan,nan,nan,nan
nan,nan,nan,nan
611.9819852535772,243.42643556290443,62.720947265625,74.89976501464844
659.6306927092011,345.886228509784,61.38340377807617,73.30250549316406
629.6400225146202,244.37130571385472,61.38340377807617,73.30250549316406
nan,nan,nan,nan
647.5627288498379,353.2884456594651,62.741512298583984,74.92432403564453
653.7081193785109,244.91936866005005,62.741512298583984,74.92432403564453
nan,nan,nan,nan
nan,nan,nan,nan
nan,nan,nan,nan
682.6446339359394,249.8234905265423,62.741512298583984,74.92432403564453
47.445559872019274,371.1839377373212,62.741512298583984,74.92432403564453
708.1799825864455,257.4577037779236,62.741512298583984,74.92432403564453
nan,nan,nan,nan
729.1192490883269,262.1705550734382,62.741512298583984,74.92432403564453
nan,nan,nan,nan
115.66659503216673,384.99739024712574,62.741512298583984,74.92432403564453
nan,nan,nan,nan
604.7311706537699,366.1373835305728,62.741512298583984,74.92432403564453
599.1705407342905,365.5996530650697,64.12966918945312,76.58202362060547
nan,nan,nan,nan
833.0189257164244,262.2303343307743,62.7620849609375,74.94889068603516
847.7268525772466,255.98849430590082,62.7620849609375,74.94889068603516
610.6899145567619,341.92882186823084,62.7620849609375,74.94889068603516
228.82586560410454,364.18873114937907,62.7620849609375,74.94889068603516
nan,nan,nan,nan
nan,nan,nan,nan
612.3743474077778,316.2313101145828,62.7620849609375,74.94889068603516
280.31722214620794,349.8873426776518,62.7620849609375,74.94889068603516
297.4217297531665,347.61767999068866,62.7620849609375,74.94889068603516
620.4162769670654,315.26235156504333,62.7620849609375,74.94889068603516
620.4102395302529,318.1060064967152,62.7620849609375,74.94889068603516
nan,nan,nan,nan
nan,nan,nan,nan
nan,nan,nan,nan
640.3513108536904,310.47382180214845,64.15069580078125,76.60713195800781
643.7747773962614,312.4605691931275,64.15069580078125,76.60713195800781
419.42958839187276,344.35601995987594,64.15069580078125,76.60713195800781
441.97194188909316,346.5634837602489,64.15069580078125,76.60713195800781
456.36918493667656,341.9502942682419,64.15069580078125,76.60713195800781
nan,nan,nan,nan
nan,nan,nan,nan
1141.5983172906367,222.85088490195994,64.15069580078125,76.60713195800781
nan,nan,nan,nan
1154.8111556098524,220.123328049948,64.15069580078125,76.60713195800781
nan,nan,nan,nan
nan,nan,nan,nan
nan,nan,nan,nan
522.5120463875812,341.7753240903706,64.15069580078125,76.60713195800781
nan,nan,nan,nan
1170.9274356521857,224.4925226256978,64.15069580078125,76.60713195800781
1177.6490364115423,223.89936235178737,62.78266525268555,74.97346496582031
1187.4823642948595,223.30809100967474,62.78266525268555,74.97346496582031
1212.409888145106,221.08116116261448,62.78266525268555,74.97346496582031
nan,nan,nan,nan
576.9558075484407,348.59622352849755,62.78266525268555,74.97346496582031
nan,nan,nan,nan
643.2130778739779,296.6952386497369,62.78266525268555,74.97346496582031
nan,nan,nan,nan
nan,nan,nan,nan
nan,nan,nan,nan
nan,nan,nan,nan
nan,nan,nan,nan
nan,nan,nan,nan
nan,nan,nan,nan
nan,nan,nan,nan
nan,nan,nan,nan
nan,nan,nan,nan
nan,nan,nan,nan
nan,nan,nan,nan
nan,nan,nan,nan
1205.5743592704755,571.3425990812945,61.44380569458008,73.3746337890625
nan,nan,nan,nan
nan,nan,nan,nan
nan,nan,nan,nan
1209.7885675873345,585.7073728290544,62.80324935913086,74.998046875
780.0362884751681,392.6130828648064,64.1927719116211,76.65737915039062
1205.0002462049486,586.5549214204741,64.1927719116211,76.65737915039062
nan,nan,nan,nan
nan,nan,nan,nan
nan,nan,nan,nan
nan,nan,nan,nan
nan,nan,nan,nan
nan,nan,nan,nan
513.7538964681436,338.08493402662236,64.1927719116211,76.65737915039062
nan,nan,nan,nan
nan,nan,nan,nan
nan,nan,nan,nan
nan,nan,nan,nan
nan,nan,nan,nan
nan,nan,nan,nan
nan,nan,nan,nan
722.1065618559859,433.0178646733604,64.1927719116211,76.65737915039062
nan,nan,nan,nan
nan,nan,nan,nan
702.2135701681258,443.1158266025089,64.1927719116211,76.65737915039062
nan,nan,nan,nan
nan,nan,nan,nan
nan,nan,nan,nan
nan,nan,nan,nan
678.894767950752,456.46396158706943,64.1927719116211,76.65737915039062
nan,nan,nan,nan
1008.7327099191587,30.428569794669855,64.1927719116211,76.65737915039062
647.7469473127627,459.17182002196733,64.1927719116211,76.65737915039062
nan,nan,nan,nan
960.8993327060571,15.580044377682576,64.1927719116211,76.65737915039062
nan,nan,nan,nan
596.0145864476057,457.66122158989526,64.1927719116211,76.65737915039062
1216.6460988102488,651.0810318546215,62.8238410949707,75.02263641357422
1212.1210181117988,339.39179767277335,62.8238410949707,75.02263641357422
1212.2517986785756,329.9798120988487,62.8238410949707,75.02263641357422
nan,nan,nan,nan
nan,nan,nan,nan
1164.5494060933336,331.9521746820155,61.48410415649414,73.42276000976562
nan,nan,nan,nan
nan,nan,nan,nan
476.85308112901714,449.6765624427383,61.48410415649414,73.42276000976562
nan,nan,nan,nan
457.7149821075827,440.8219380257169,61.48410415649414,73.42276000976562
-10.941597061558305,651.2848951535818,61.48410415649414,73.42276000976562
nan,nan,nan,nan
nan,nan,nan,nan
nan,nan,nan,nan
nan,nan,nan,nan
nan,nan,nan,nan
nan,nan,nan,nan
777.2728668437386,624.6113218792125,61.48410415649414,73.42276000976562
758.7143156053617,622.4136704016985,61.48410415649414,73.42276000976562
985.9305361782303,306.7710090190347,61.48410415649414,73.42276000976562
nan,nan,nan,nan
955.9187146241862,303.03496826288307,60.17293930053711,71.85699462890625
nan,nan,nan,nan
nan,nan,nan,nan
925.246613445629,308.8949810082544,58.889732360839844,70.32462310791016
nan,nan,nan,nan
nan,nan,nan,nan
244.18312035834845,423.15452938203555,58.889732360839844,70.32462310791016
882.5766850115072,306.833601938311,60.19266891479492,71.88055419921875
218.15578822886602,422.9009605011137,60.19266891479492,71.88055419921875
nan,nan,nan,nan
nan,nan,nan,nan
848.7989665672417,303.4092745576912,60.19266891479492,71.88055419921875
nan,nan,nan,nan
nan,nan,nan,nan
799.0290073832196,304.0492274853842,60.19266891479492,71.88055419921875
nan,nan,nan,nan
nan,nan,nan,nan
711.2111507788201,309.5804408042824,60.19266891479492,71.88055419921875
nan,nan,nan,nan
nan,nan,nan,nan
719.0592424759149,312.78841427313523,60.19266891479492,71.88055419921875
61.688201284190086,428.3025903438734,60.19266891479492,71.88055419921875
nan,nan,nan,nan
688.9525334849272,545.8848602533203,60.19266891479492,71.88055419921875
nan,nan,nan,nan
nan,nan,nan,nan
nan,nan,nan,nan
nan,nan,nan,nan
nan,nan,nan,nan
nan,nan,nan,nan
nan,nan,nan,nan
nan,nan,nan,nan
nan,nan,nan,nan
nan,nan,nan,nan
nan,nan,nan,nan
nan,nan,nan,nan
nan,nan,nan,nan
435.2467957423543,322.26152423161824,60.19266891479492,71.88055419921875
nan,nan,nan,nan
182.8423815387196,635.8030872579104,60.19266891479492,71.88055419921875
nan,nan,nan,nan
nan,nan,nan,nan
nan,nan,nan,nan
nan,nan,nan,nan
nan,nan,nan,nan
412.9994110020247,559.0642734717538,60.19266891479492,71.88055419921875
411.3985083587571,329.4337088466837,60.19266891479492,71.88055419921875
nan,nan,nan,nan
nan,nan,nan,nan
nan,nan,nan,nan
420.90385177983643,323.5349617587368,60.19266891479492,71.88055419921875
nan,nan,nan,nan
nan,nan,nan,nan
408.8888611565041,324.4893481039102,60.19266891479492,71.88055419921875
nan,nan,nan,nan
nan,nan,nan,nan
392.6679534451304,319.91996897117866,60.19266891479492,71.88055419921875
381.53009083544845,315.30078605390423,60.19266891479492,71.88055419921875
nan,nan,nan,nan
nan,nan,nan,nan
nan,nan,nan,nan
nan,nan,nan,nan
nan,nan,nan,nan
333.08379661311085,313.32634957755124,60.19266891479492,71.88055419921875
nan,nan,nan,nan
nan,nan,nan,nan
334.0350267388961,314.086778533729,60.19266891479492,71.88055419921875
nan,nan,nan,nan
nan,nan,nan,nan
nan,nan,nan,nan
nan,nan,nan,nan
nan,nan,nan,nan
359.1662601177963,305.58021093554413,60.19266891479492,71.88055419921875
nan,nan,nan,nan
nan,nan,nan,nan
nan,nan,nan,nan
234.46374134375156,302.355232435831,60.19266891479492,71.88055419921875
nan,nan,nan,nan
nan,nan,nan,nan
159.9946473173293,311.15531757270605,60.19266891479492,71.88055419921875
nan,nan,nan,nan
120.11454388562919,318.4700745461317,60.19266891479492,71.88055419921875
106.48090657497215,316.83563052767965,60.19266891479492,71.88055419921875
nan,nan,nan,nan
nan,nan,nan,nan
nan,nan,nan,nan
50.20974982284008,318.60536836254414,61.52443313598633,73.47090911865234
29.14993276657718,321.76009732743057,62.88566207885742,75.09645080566406
1088.9746253963513,-2.399427277156825,62.88566207885742,75.09645080566406
10.4971371539946,317.9547320332331,62.88566207885742,75.09645080566406
nan,nan,nan,nan
nan,nan,nan,nan
nan,nan,nan,nan
1026.2797681945442,-0.31782134841678555,62.88566207885742,75.09645080566406
nan,nan,nan,nan
nan,nan,nan,nan
nan,nan,nan,nan
nan,nan,nan,nan
nan,nan,nan,nan
nan,nan,nan,nan
nan,nan,nan,nan
nan,nan,nan,nan
nan,nan,nan,nan
nan,nan,nan,nan
nan,nan,nan,nan
nan,nan,nan,nan
nan,nan,nan,nan
nan,nan,nan,nan
nan,nan,nan,nan
nan,nan,nan,nan
nan,nan,nan,nan
nan,nan,nan,nan
nan,nan,nan,nan
nan,nan,nan,nan
nan,nan,nan,nan
nan,nan,nan,nan
nan,nan,nan,nan
nan,nan,nan,nan
nan,nan,nan,nan
nan,nan,nan,nan
nan,nan,nan,nan
nan,nan,nan,nan
nan,nan,nan,nan
nan,nan,nan,nan
nan,nan,nan,nan
nan,nan,nan,nan
nan,nan,nan,nan
nan,nan,nan,nan
nan,nan,nan,nan
nan,nan,nan,nan
nan,nan,nan,nan
nan,nan,nan,nan
nan,nan,nan,nan
nan,nan,nan,nan
nan,nan,nan,nan
nan,nan,nan,nan
nan,nan,nan,nan
nan,nan,nan,nan
nan,nan,nan,nan
nan,nan,nan,nan
nan,nan,nan,nan
nan,nan,nan,nan
nan,nan,nan,nan
nan,nan,nan,nan
nan,nan,nan,nan
nan,nan,nan,nan
nan,nan,nan,nan
1217.9757454860674,652.5485384176252,61.54460525512695,73.4949951171875
nan,nan,nan,nan
nan,nan,nan,nan
nan,nan,nan,nan
nan,nan,nan,nan
nan,nan,nan,nan
nan,nan,nan,nan
nan,nan,nan,nan
nan,nan,nan,nan
nan,nan,nan,nan
nan,nan,nan,nan
nan,nan,nan,nan
nan,nan,nan,nan
nan,nan,nan,nan
nan,nan,nan,nan
nan,nan,nan,nan
nan,nan,nan,nan
nan,nan,nan,nan
nan,nan,nan,nan
nan,nan,nan,nan
nan,nan,nan,nan
nan,nan,nan,nan
nan,nan,nan,nan
1225.2136009198305,650.1031384559967,61.54460525512695,73.4949951171875
nan,nan,nan,nan
nan,nan,nan,nan
nan,nan,nan,nan
nan,nan,nan,nan
nan,nan,nan,nan
nan,nan,nan,nan
nan,nan,nan,nan
nan,nan,nan,nan
nan,nan,nan,nan
nan,nan,nan,nan
nan,nan,nan,nan
nan,nan,nan,nan
nan,nan,nan,nan
nan,nan,nan,nan
nan,nan,nan,nan
nan,nan,nan,nan
nan,nan,nan,nan
nan,nan,nan,nan
nan,nan,nan,nan
nan,nan,nan,nan
nan,nan,nan,nan
nan,nan,nan,nan
nan,nan,nan,nan
nan,nan,nan,nan
nan,nan,nan,nan
nan,nan,nan,nan
nan,nan,nan,nan
nan,nan,nan,nan
nan,nan,nan,nan
nan,nan,nan,nan
nan,nan,nan,nan
nan,nan,nan,nan
nan,nan,nan,nan
nan,nan,nan,nan
nan,nan,nan,nan
nan,nan,nan,nan
nan,nan,nan,nan
nan,nan,nan,nan
nan,nan,nan,nan
nan,nan,nan,nan
nan,nan,nan,nan
nan,nan,nan,nan
nan,nan,nan,nan
nan,nan,nan,nan
nan,nan,nan,nan
nan,nan,nan,nan
nan,nan,nan,nan
nan,nan,nan,nan
nan,nan,nan,nan
nan,nan,nan,nan
nan,nan,nan,nan
nan,nan,nan,nan
nan,nan,nan,nan
nan,nan,nan,nan
nan,nan,nan,nan
nan,nan,nan,nan
nan,nan,nan,nan
1138.7833474335591,168.12319361173215,61.54460525512695,73.4949951171875
nan,nan,nan,nan
nan,nan,nan,nan
nan,nan,nan,nan
nan,nan,nan,nan
nan,nan,nan,nan
nan,nan,nan,nan
nan,nan,nan,nan
nan,nan,nan,nan
nan,nan,nan,nan
nan,nan,nan,nan
nan,nan,nan,nan
nan,nan,nan,nan
nan,nan,nan,nan
nan,nan,nan,nan
nan,nan,nan,nan
nan,nan,nan,nan
nan,nan,nan,nan
nan,nan,nan,nan
nan,nan,nan,nan
nan,nan,nan,nan
nan,nan,nan,nan
nan,nan,nan,nan
nan,nan,nan,nan
nan,nan,nan,nan
nan,nan,nan,nan
nan,nan,nan,nan
nan,nan,nan,nan
nan,nan,nan,nan
nan,nan,nan,nan
nan,nan,nan,nan
nan,nan,nan,nan
nan,nan,nan,nan
nan,nan,nan,nan
nan,nan,nan,nan
nan,nan,nan,nan
nan,nan,nan,nan
nan,nan,nan,nan
nan,nan,nan,nan
nan,nan,nan,nan
nan,nan,nan,nan
nan,nan,nan,nan
nan,nan,nan,nan
nan,nan,nan,nan
nan,nan,nan,nan
nan,nan,nan,nan
nan,nan,nan,nan
nan,nan,nan,nan
nan,nan,nan,nan
nan,nan,nan,nan
nan,nan,nan,nan
nan,nan,nan,nan
nan,nan,nan,nan
nan,nan,nan,nan
nan,nan,nan,nan
nan,nan,nan,nan
nan,nan,nan,nan
nan,nan,nan,nan
nan,nan,nan,nan
nan,nan,nan,nan
nan,nan,nan,nan
nan,nan,nan,nan
nan,nan,nan,nan
nan,nan,nan,nan
nan,nan,nan,nan
nan,nan,nan,nan
nan,nan,nan,nan
nan,nan,nan,nan
nan,nan,nan,nan
nan,nan,nan,nan
nan,nan,nan,nan
nan,nan,nan,nan
nan,nan,nan,nan
nan,nan,nan,nan
nan,nan,nan,nan
nan,nan,nan,nan
nan,nan,nan,nan
nan,nan,nan,nan
nan,nan,nan,nan
nan,nan,nan,nan
nan,nan,nan,nan
nan,nan,nan,nan
810.3727122007558,197.56750664137053,61.54460525512695,73.4949951171875
nan,nan,nan,nan
nan,nan,nan,nan
nan,nan,nan,nan
nan,nan,nan,nan
nan,nan,nan,nan
nan,nan,nan,nan
769.9682092831908,199.34773830863017,61.54460525512695,73.4949951171875
nan,nan,nan,nan
nan,nan,nan,nan
nan,nan,nan,nan
