10000
9.851135
9.834766
9.7826
9.812404
9.761913
9.796151
9.769941
9.749742
9.72802
9.620723
9.579968
9.557966
9.54239
9.457876
9.483251
9.416343
9.435958
9.33791
9.245484
9.21265
9.223407
9.252904
9.129716
9.022005
9.120185
9.0864525
9.110329
9.01615
8.93571
8.921912
8.812967
8.815266
8.709947
8.7106285
8.61261
8.61184
8.503707
8.385309
8.297817
8.352648
8.370876
8.200477
8.099693
8.0555105
8.045296
7.891269
7.772477
7.8147774
7.615676
7.5389867
7.275063
7.4940777
7.3266
7.152875
7.0724635
7.0072904
7.0892987
7.2115803
6.978561
7.1275473
6.882655
6.946351
6.8087425
7.0573745
7.088243
6.7373915
6.873213
6.805554
6.7828293
6.8844256
6.938043
6.9035854
6.831948
6.9358816
6.97033
7.0387907
6.9909115
7.0602603
7.0932484
7.0275784
6.963972
7.060299
7.0543475
6.8157187
6.9014688
6.9667015
7.025668
6.9799075
7.0343256
7.027189
7.067943
7.3057837
7.4688325
7.377946
7.4907064
7.47478
7.634175
7.985792
8.087712
8.217253
8.114417
8.09569
8.159555
8.020843
8.139102
8.214167
8.180043
8.336196
8.257306
8.507842
8.402312
8.3115835
8.245864
8.245202
8.101404
8.153287
8.057008
8.103485
8.136812
8.119851
8.035943
7.974387
7.9175143
8.049883
7.9931684
7.915237
7.972042
7.9372454
7.9484797
7.8741794
7.870608
7.731128
7.746462
7.7066073
7.7582016
7.673607
7.6337123
7.616461
7.4948406
7.5149693
7.721341
7.56991
7.5660295
7.5667048
7.584237
7.5177817
7.4500875
7.511436
7.4652
7.574441
7.5954266
7.53306
7.532366
7.495058
7.4167833
7.412147
7.3937025
7.4151955
7.280909
7.327331
7.372446
7.336854
7.299584
7.393531
7.3211503
7.261202
7.2610583
7.3407564
7.3543005
7.338009
7.371734
7.3989005
7.5085726
7.538269
7.318198
7.388715
7.3032146
7.273678
7.3167667
7.265762
7.140431
7.156207
7.255026
7.24533
7.1731234
7.161775
7.099511
7.0871644
7.1214395
7.0124307
7.185801
7.050622
7.0187244
6.959243
6.8806
6.8940487
6.7629986
6.773487
6.71979
6.7117753
6.5485387
6.534527
6.6393943
6.489999
6.39456
6.503754
6.6225195
6.395181
6.3104696
6.4406376
6.373865
6.482057
6.4745603
6.3503957
6.5938215
6.50118
6.482748
6.7156467
6.4973364
6.4140525
6.6498613
6.5867267
6.43887
6.559025
6.515369
6.649564
6.5660696
6.6803436
6.7958703
6.8151894
6.818668
6.614664
6.7904754
6.81907
6.8092084
6.7269025
6.745824
6.840169
6.7863493
6.9191732
6.672119
6.6953883
6.6691833
6.7325234
6.6058016
6.771334
6.634809
6.698751
6.7930293
6.674791
6.710314
6.6632257
6.5971756
6.5521502
6.551561
6.6277895
6.3802967
6.622503
6.729838
6.606335
6.5120344
6.6011696
6.699817
6.759195
6.5845165
6.712914
6.7891088
6.7091966
6.6039543
6.480916
6.633088
6.6932306
6.701291
6.5846286
6.575989
6.5570016
6.662049
6.4671407
6.5486774
6.516813
6.715701
6.7729793
6.6369157
6.5106864
6.520703
6.6569376
6.5736365
6.5922217
6.7631726
6.468457
6.467435
6.4422827
6.27184
6.215534
6.34603
6.206984
6.303159
6.506578
6.4334044
6.4637194
6.466263
6.3955956
6.2507653
6.254389
6.3272605
6.0862007
6.2411923
6.3769865
6.384911
6.5040174
6.7167497
6.4543405
6.542552
6.566448
6.308462
6.4632387
6.6437664
6.5716343
6.65324
6.3946786
6.4639325
6.4152064
6.569294
6.736352
6.4565663
6.5651655
6.475732
6.3504863
6.403228
6.381452
6.3226237
6.387724
6.452192
6.494277
6.5207143
6.419753
6.4630218
6.367874
6.3600297
6.3289876
6.4203444
6.351964
6.4918203
6.3591967
6.3446045
6.3438864
6.4374685
6.196453
6.287337
6.207833
6.454712
6.179354
6.5242805
6.523086
6.2875724
6.422064
6.439581
6.44702
6.4919972
6.4670763
6.438447
6.567013
6.639672
6.895899
6.8852224
6.862553
6.7851458
6.924755
6.9493785
7.196472
7.070726
6.9772515
6.8584156
7.0376544
7.088352
6.862061
7.0205417
6.9580793
7.019531
6.957824
6.9883776
7.152883
6.824919
6.8635573
6.7781944
6.9300933
7.16956
6.865476
6.8394337
6.840726
6.9838767
6.74916
6.8184576
6.7156143
6.5678105
6.6883025
6.643443
6.6208444
6.558199
6.522524
6.960061
6.663537
6.629483
6.762098
6.649635
6.427033
6.6062183
6.565024
6.448861
6.4675684
6.703678
6.6041317
6.432497
6.66508
6.572462
6.64619
6.721431
6.6910925
6.682564
6.830413
6.793585
6.692363
6.682404
6.6479073
6.715526
6.588433
6.629092
6.6519036
6.701127
6.8494163
6.7732434
6.8454647
6.881786
6.95246
7.0218816
6.766488
6.8624973
6.813648
7.077088
7.0165625
6.9357114
6.9743657
7.0634117
6.832756
6.948054
6.9493046
7.0184174
7.0297513
7.0356483
7.064322
7.1461296
7.055595
7.0648246
6.9896226
6.8408685
6.980333
7.0402174
7.029359
7.0655785
7.0726805
7.0152707
6.8829527
6.9615974
6.972665
6.7095137
6.7951646
6.7623177
6.5678387
6.8128467
6.7765174
6.58355
6.751771
6.81931
6.8091545
6.6156535
6.6270947
6.7628016
6.912315
6.6376667
6.620387
6.731337
6.7895107
6.787519
6.770119
6.7585707
6.772382
6.701603
6.8785987
6.94694
6.830253
6.9028125
6.918659
6.8661213
6.8751864
7.0653944
6.993706
7.117448
7.138887
7.3772726
7.353002
7.3528137
7.215267
7.3049965
7.2473783
7.12306
7.1531777
7.2587237
7.3115864
7.387491
7.393087
7.3888817
7.2398524
7.3023787
7.379971
7.220528
7.3673553
7.2893457
7.31597
7.2250476
7.1004143
7.2013383
7.220889
7.105644
7.0849323
7.256706
7.081532
6.962155
6.964818
6.92874
6.869433
7.005901
6.937252
6.751345
7.0230575
6.879234
6.694016
6.725514
6.9413843
6.795948
6.73503
6.7251816
6.77363
6.8451724
6.907416
6.971589
6.9109516
7.0090847
7.091221
6.9430556
6.940593
6.7105656
6.837049
7.021462
7.0266223
6.912381
6.9520397
6.916409
6.8180065
7.0093107
6.9811773
7.167148
7.0356865
7.0091095
7.087239
7.0722647
7.0148745
6.9451303
7.047004
7.086291
7.0976305
7.2314253
7.263465
7.3746157
7.2450676
7.430323
7.454144
7.4758286
7.3150167
7.410064
7.4174423
7.516429
7.4151063
7.43006
7.4835663
7.175372
7.4549484
7.459819
7.280599
7.31192
7.219683
7.327076
7.276784
7.1417694
7.3494864
7.3125567
7.3459177
7.2084208
6.879796
6.843548
7.064784
7.1325455
7.0156994
7.042195
6.9306836
6.865206
6.771782
6.897092
6.934457
6.866846
6.9118385
6.710186
6.648461
6.9288816
6.9168158
6.8999457
6.8500338
6.874984
6.911513
7.003242
6.8447456
7.204839
6.9440007
6.950576
6.891326
7.0151787
7.0099363
6.9703703
6.903492
7.0268
6.974719
7.101805
6.962837
6.898088
6.9296303
7.1229925
7.0189633
7.2045674
7.033442
7.0294557
7.0904784
7.2363553
7.1131353
7.180384
7.190381
7.221891
7.0842915
7.278745
7.3090086
7.3817596
7.347078
7.3348756
7.208612
7.447771
7.432735
7.326153
7.390384
7.503241
7.306125
7.217731
7.2931266
7.6186466
7.2271204
7.2941513
7.092689
7.2982945
7.0639973
7.2222905
7.3114324
7.38271
7.393129
7.1255474
7.2316623
7.0825486
7.166543
7.1446285
7.0658183
7.025345
7.000473
7.0495315
6.9234695
6.932766
6.954757
6.953006
6.955375
6.9679155
6.8801026
6.9254165
6.9028215
6.92769
6.8511143
6.7798157
6.9748354
7.0638857
6.95302
6.9138126
7.101964
6.9454384
6.8858624
6.9570675
6.919653
7.0474205
7.014792
6.9673996
7.047956
7.0414276
7.179114
7.0483103
7.06331
7.0226088
7.018609
6.894432
7.086047
6.9607754
7.1462355
7.135506
7.1479006
7.1100407
7.0514417
7.0405526
7.0240006
7.1521254
7.0107756
7.06705
7.0812383
7.1018295
7.4058127
7.3401423
7.338914
7.335064
7.3525167
7.3698993
7.4313774
7.1682177
7.229844
7.1828513
7.242878
7.297678
7.2234964
7.2008967
7.1807103
7.2276287
7.103254
7.099771
7.137253
7.149731
7.2166767
7.2247224
7.1509676
7.2114935
7.02081
7.098694
7.1642237
7.1144285
7.2358065
7.0682445
7.0225544
7.0144567
6.924722
7.070709
7.129704
6.975321
6.817628
6.7542424
6.7545867
6.898782
6.9184914
6.8355274
6.9739256
6.9907265
6.918103
7.0019608
7.0880547
7.0214453
7.071807
6.852714
6.6348276
6.573691
6.611921
6.528526
5.9538064
5.9196725
5.383099
5.072219
5.0433025
4.6590433
4.504432
4.1375966
0
0
0
0
0
0
0
0
0
0
0
0
0
0
0
0
4.307879
4.0940366
4.1689734
4.3156104
4.0753736
0
4.272847
4.1703997
4.167069
4.0296297
0
4.2476864
4.2627277
0
4.0520887
4.138772
4.1066294
0
0
0
0
0
0
0
0
0
0
0
6.7020426
7.038489
7.1156936
6.938558
7.0290756
7.060823
7.1153417
7.084487
7.080391
7.122513
7.140355
7.0943737
7.000853
7.094762
7.004365
7.137359
7.111888
7.189346
7.0305395
7.0069127
7.104817
7.1645226
7.1086645
7.15287
7.139722
7.159448
7.0795507
7.1041427
7.30611
7.3815093
7.2664433
7.240502
7.357651
7.391554
7.208139
7.312353
7.430353
7.488229
7.5597787
7.4219737
7.6242666
7.643087
7.6060877
7.6038837
7.6045446
7.58895
7.6399603
7.5674496
7.5822573
7.5810165
7.516814
7.5680175
7.5109434
7.613575
7.532507
7.529106
7.4714127
7.51113
7.512935
7.5455613
7.358072
7.2915063
7.4406385
7.3209777
7.3583694
7.0676303
7.342088
7.322308
7.447442
7.159128
7.2758894
7.3016233
7.3326874
7.4067607
7.291947
7.3743224
7.263278
7.262157
7.2441826
7.4453907
7.4019322
7.3413596
7.4412947
7.28456
7.394465
7.4369416
7.318207
7.5098443
7.4551187
7.4776316
7.553157
7.46897
7.467076
7.566722
7.492865
7.6483197
7.576729
7.5507364
7.7176375
7.76361
7.739575
7.621963
7.8378935
7.811792
7.693826
7.845222
7.6696663
7.6791506
7.631078
7.628255
7.3748426
7.3386326
7.4923205
7.5294685
7.5235314
7.38788
7.3212795
7.4150906
7.4114165
7.519374
7.212676
7.3969083
7.2466965
7.3095136
7.1679907
7.371164
7.2910705
7.347763
7.4559526
7.4255476
7.450195
7.453112
7.2770305
7.327107
7.294797
7.328253
7.2187033
7.36191
7.25763
7.26432
7.34445
7.497364
7.3139896
7.4187803
7.580489
7.435231
7.3841357
7.491264
7.6616592
7.5999985
7.5017548
7.5202956
7.62468
7.616317
7.8575654
7.703741
7.802161
7.691521
7.8056836
7.8009243
7.7398763
7.8693066
7.7470655
7.58319
7.5239496
7.5562234
7.475195
7.643383
7.639039
7.589935
7.585478
7.5618877
7.6359096
7.4516335
7.4190617
7.5066385
7.330598
7.4685607
7.370447
7.4374022
7.284652
7.3892293
7.3778486
7.4233923
7.4226227
7.4681563
7.6939387
7.371641
7.465261
7.4053545
7.52171
7.5683613
7.511705
7.530825
7.6833196
7.7732015
7.790925
7.7667828
7.909628
7.6980386
7.7042074
7.7530646
7.7550807
7.8077374
7.859478
7.876626
7.7399025
7.7538395
7.8538094
7.596338
7.8037696
7.6364064
7.589228
7.683708
7.4681396
7.694454
7.443997
7.554851
7.49024
7.4154983
7.4767504
7.4127574
7.2741623
7.3084426
7.4909515
7.2647047
7.4974494
7.319879
7.249773
7.4495535
7.37929
7.4644065
7.424455
7.2141705
7.386483
7.509114
7.4454145
7.366319
7.3597927
7.701411
7.607151
7.837715
7.6679096
7.737232
7.750525
7.868206
7.7656364
7.866756
7.782263
7.9652195
7.8147216
7.9071074
7.7097783
7.6756907
7.665673
7.7760844
7.458007
7.718975
7.68681
7.5777354
7.585796
7.5145125
7.502271
7.5104036
7.389349
7.428396
7.57129
7.5597444
7.399354
7.513785
7.61569
7.467678
7.458991
7.502597
7.475762
7.336076
7.423739
7.371106
7.2307544
7.503012
7.549719
7.514737
7.605178
7.838258
7.513274
7.6052504
7.770401
8.00033
7.7617526
7.878912
7.957901
7.906829
7.8641953
7.814709
7.8447123
7.8534393
7.773761
8.034822
7.565255
7.5634665
7.7611303
7.599298
7.7331867
7.494993
7.6249104
7.4682984
7.4521117
7.3849516
7.156244
7.2662745
7.4199333
7.3276873
7.1802306
7.3642063
7.1992273
7.268438
7.122048
7.3683815
7.3475976
7.3977885
7.2444363
7.430039
7.3450394
7.656326
7.7074885
7.5271106
7.7245083
7.6884413
7.553645
7.6839457
7.5941224
7.7205057
7.5844727
7.577447
7.5881824
7.6489487
7.650638
7.541846
7.699593
7.551511
7.4754
7.356452
7.201775
7.0902376
7.060796
7.164487
7.1499405
7.128167
7.2102346
7.3016167
7.1939793
7.2614875
7.074342
7.1184998
7.0942698
7.08532
7.125277
7.3643265
7.3632326
7.4493575
7.440956
7.49527
7.4232445
7.537639
7.4836826
7.429468
7.568692
7.6013417
7.470178
7.720774
7.7135186
7.755061
7.698189
7.67548
7.6702123
7.68616
7.582283
7.623738
7.321079
7.3785677
7.5969534
7.2210164
7.06208
7.42011
7.1065536
7.0083466
7.052601
7.0407166
7.044311
7.258051
7.1751113
6.996863
7.2056837
7.101866
7.210941
7.2755723
7.044795
7.030558
7.091446
7.0962434
7.44857
7.2597523
7.440791
7.2119226
7.4348145
7.3040743
7.4203286
7.480006
7.4696646
7.514059
7.544997
7.462098
7.354679
7.2991123
7.2351904
7.326229
7.1928926
7.0584755
7.034931
7.16709
7.062105
7.222701
7.0373654
7.291584
7.208044
7.1982393
7.1601863
7.17318
7.0847664
7.110414
6.8968062
7.006211
7.262207
7.2342153
7.0620604
7.2732353
7.0782127
7.105489
7.244102
7.1430225
7.340167
7.159511
7.0036993
7.231846
7.342505
7.292581
7.444703
7.6558976
7.2743926
7.526106
7.2344027
7.458406
7.395688
7.370581
7.4698725
7.08138
7.1805906
7.2004437
7.2863503
7.3370357
7.1041737
7.1106324
7.2044096
7.016175
6.9449167
6.959421
6.9318013
6.876504
7.1485906
6.8343873
7.038805
7.2065783
7.005471
6.925814
6.9349694
7.2501545
7.0382905
7.302694
7.097782
7.153054
7.306246
7.133952
7.370267
7.071357
7.3057833
7.18576
7.49157
7.468375
7.1416883
7.0007257
7.082494
7.14093
7.0412903
6.8981886
6.9775324
7.206534
6.906937
6.8934727
6.7254276
6.7532344
6.854646
6.51446
6.7154527
6.642111
6.6427436
6.7703724
6.511525
6.7583504
6.924081
6.8306875
6.799497
6.9817348
6.788751
6.8846235
7.126462
6.9871674
6.8880143
7.0891848
7.0136123
6.8683276
7.097019
6.950866
6.728368
6.7900352
6.781301
6.9828687
6.685382
6.632374
6.8409357
6.7901707
6.3928556
6.4700627
6.683448
6.3533115
6.225436
6.331355
6.183975
6.3520937
6.126595
6.2609415
6.5271964
6.4877777
6.368342
6.253152
6.603805
6.4073977
6.3845334
6.323378
6.3252835
6.2465696
6.375988
6.448712
6.704564
6.4761877
6.448105
6.3501277
6.529244
6.362651
6.6147146
6.594616
6.581871
6.303296
6.3701715
6.5697026
6.3736715
6.379876
6.362509
6.4053154
6.242994
6.1747675
6.352271
6.2389965
6.464503
6.3223763
6.17903
6.24137
6.211196
6.2211018
6.262321
6.2109737
5.9421883
6.165765
5.9187946
5.9619555
6.1948977
5.9990473
5.9028897
5.962697
5.9676876
5.9474096
6.1200156
5.813607
5.9930897
6.0854874
6.032633
5.964665
6.163852
6.2586236
6.2405753
6.2724767
6.3554745
6.337964
6.2044454
6.218252
6.326258
6.0704336
6.134018
6.244259
6.37263
6.3277607
6.3797836
6.6431894
6.1583295
6.257938
6.376391
6.3225384
6.4365
6.359773
6.5082636
6.403528
6.3531046
6.4278007
6.6056275
6.4593787
6.5914783
6.4743695
6.4100494
6.5105724
6.4020486
6.645551
6.6364374
6.6110334
6.418488
6.3693476
6.505568
6.535011
6.546149
6.476083
6.667633
6.558146
6.5515485
6.719817
6.501771
6.514245
6.466217
6.395015
6.2615423
6.2883387
6.6027317
6.58549
6.6562138
5.7587943
6.6637917
6.7814302
6.670287
6.7795258
6.8348026
6.900396
6.4904017
6.5308566
6.4414535
6.5693817
6.570247
6.495337
6.451071
6.4556904
6.676194
6.783924
6.743314
6.8620234
6.7037334
6.6685224
6.6830034
6.6698856
6.5511165
6.699638
6.781004
6.979419
6.851047
6.975303
6.8063407
6.718048
6.7311473
6.669846
6.8350143
6.837775
6.5880575
6.4957848
6.6542573
6.3814945
6.5762396
6.4677715
6.5461316
6.4788427
6.427737
6.5638046
6.7514663
6.7474174
6.6252193
6.6092596
6.678088
6.7111087
6.5112686
6.6663704
6.5912714
6.583671
6.9805803
6.829439
6.938244
6.999657
6.698472
6.938881
7.015666
6.775823
7.098094
6.841045
6.8229017
6.9546366
6.68215
6.8398285
6.910364
7.0281496
6.9106555
6.855772
6.680461
6.7935805
6.7770457
6.750999
6.673034
6.67346
6.552639
6.7699494
7.0155315
6.919504
7.026032
6.8797727
6.9283566
6.7557716
6.8732877
6.9908905
6.604913
6.7519193
6.875041
7.032034
6.810786
6.8827534
6.9051147
6.7832823
6.5032153
6.484676
6.4934235
6.8516393
6.653505
6.7310452
6.7787604
6.7249603
6.586542
6.5567546
6.675138
6.337438
6.3549747
6.2564964
6.033175
5.95148
5.961026
5.910995
6.16284
6.055658
6.0140753
6.408425
6.1834693
6.060662
6.2184615
6.1204286
6.21226
6.087007
6.1307025
6.141587
6.10654
6.1203213
6.311737
6.0866957
6.3156805
6.165508
6.130478
6.1833825
6.313143
6.308686
6.482236
6.2753983
6.2821507
6.278499
6.2916617
6.1969194
6.3055453
6.236024
6.080372
6.155891
6.2749863
6.388943
6.1039495
6.2869754
6.164492
6.1260657
6.0929513
6.0988135
6.2133684
6.035004
6.1461096
6.114201
6.1408644
6.129439
6.056884
5.9966397
6.1497884
5.851876
5.9409103
5.9328456
5.8237085
6.0547633
6.024282
5.8861914
5.895031
6.1659393
5.8366537
5.885687
5.934494
5.853902
6.0960345
6.1356673
6.0665245
6.0894065
6.1558137
6.0444856
5.887697
5.9022617
6.129775
6.051135
5.897083
5.907108
6.075301
6.0267224
6.119649
5.8735046
5.9434967
5.954036
6.15275
6.1298256
5.865322
5.962331
5.831412
6.0629344
5.913812
6.000572
6.090131
6.059097
6.004455
6.0997257
5.887849
6.0165935
5.728638
5.9839516
6.027307
5.9842925
5.699431
5.9923463
5.763693
5.9385986
5.960994
5.832713
5.969593
5.8807244
5.833008
5.823703
5.974795
6.0668464
5.861804
5.8329477
6.0341616
5.8406205
5.763254
5.882847
5.893609
6.1381435
6.042873
5.9254932
5.9407644
5.9825344
6.2084765
5.985772
5.8980722
5.9109597
5.8866205
6.2645187
6.010036
5.9222918
5.9058733
5.966514
5.9866123
6.16243
5.814997
6.1436586
6.0504017
5.9482393
5.846739
5.878845
6.053598
5.967022
6.211707
5.9263773
5.8706803
6.0682282
6.1643705
5.9421444
5.75301
6.064807
6.0045857
5.839652
5.6973352
5.8891625
5.7827187
5.6180573
5.9169593
5.8080316
5.7191963
5.440275
5.677415
5.497864
5.616223
5.6721544
5.595688
5.507636
5.4795146
5.8401613
5.283225
5.6645093
5.5081244
5.6162267
5.51219
5.670604
5.6967883
5.6598153
5.3989286
5.8075786
5.222501
5.659828
5.529033
5.5871935
5.6106377
5.500182
5.4874635
5.6636734
5.5825105
5.588864
5.4877443
5.5723453
5.5635033
5.49903
5.558573
5.683013
5.3572903
5.214092
5.516878
5.3352175
5.031068
5.1814713
5.4592185
5.4554105
5.3350577
4.924491
5.2942967
5.268521
5.2311687
5.1606746
5.082165
4.9894977
5.2792454
5.176114
4.977174
5.333439
5.2311425
5.0682983
4.936044
5.35362
5.334066
5.2261105
5.12064
4.859624
5.2987065
5.2097383
5.0135164
5.186921
5.389364
5.2045193
4.953121
4.9471164
5.1965947
5.114056
5.322398
4.9772735
4.8399
5.065152
5.119102
5.1506443
4.9538355
4.8044524
5.1559806
5.1824718
5.10546
5.127919
4.9280996
4.8831863
4.9647636
5.2683983
4.9791327
4.979078
4.896238
4.786124
4.6313868
4.8087306
4.977861
4.953429
4.993455
5.0428915
4.829675
4.785746
4.7496133
4.8144197
4.874568
4.963361
4.8628106
4.9201875
4.9150825
4.930873
4.733082
4.850566
4.7514367
4.651165
4.720663
4.9812465
4.922802
4.8788548
5.051327
5.106199
5.2459006
5.2957263
5.028049
