10000
9.85115
9.834784
9.782573
9.812408
9.76193
9.796157
9.769919
9.749725
9.728037
9.6207
9.579985
9.5579605
9.542383
9.457875
9.483234
9.416379
9.435965
9.337936
9.245482
9.21264
9.223406
9.2529125
9.1297245
9.022024
9.120202
9.086431
9.110336
9.016135
8.935708
8.9219265
8.812958
8.815258
8.709964
8.710606
8.612623
8.611819
8.503707
8.385298
8.297808
8.352644
8.3708725
8.200481
8.099691
8.055519
8.045298
7.8912673
7.772494
7.814768
7.615682
7.538983
7.275067
7.494078
7.3266144
7.1528907
7.0724583
7.0072904
6.989929
6.853131
6.944144
6.9551187
7.0372367
7.0034404
6.9390874
6.7843614
6.9450846
6.8482366
6.826846
6.851306
6.8888493
6.957374
6.936124
7.0075603
6.957727
6.9481974
6.9973264
6.978157
7.108216
6.9913297
7.0608926
6.7981534
7.0504503
6.896993
6.978979
6.852166
7.004355
6.8453765
6.902951
7.0265236
6.9575486
6.958489
6.972999
7.231449
7.4053864
7.3997464
7.4907017
7.562601
7.587812
7.8347554
7.949043
8.242751
8.159427
8.207598
8.182024
8.03866
8.088058
8.238562
8.30039
8.274788
8.231141
8.502648
8.402311
8.3299265
8.299701
8.227026
8.177329
8.1220875
8.115603
8.192223
8.135284
8.112397
8.052794
7.974381
7.9109707
8.0499
7.9818835
7.975438
7.983373
7.904208
7.8551884
7.780817
7.7483582
7.652962
7.5956717
7.648789
7.5629787
7.586235
7.5042515
7.6164646
7.560082
7.563158
7.609323
7.590782
7.550304
7.5667105
7.5004387
7.580292
7.528419
7.5580125
7.609469
7.5432587
7.5035443
7.6096487
7.4937534
7.495057
7.4167943
7.412147
7.393706
7.415183
7.280926
7.32733
7.3724556
7.336858
7.2995834
7.3935275
7.3211474
7.2611904
7.26107
7.3407607
7.354304
7.338006
7.371748
7.3989162
7.5085735
7.5382795
7.318186
7.3887053
7.303206
7.273675
7.31677
7.265753
7.1667523
7.1271844
7.1142664
7.1241307
7.0333614
7.1051044
7.102662
7.087161
7.1214128
7.0124393
7.185804
7.0506315
7.018716
6.9175825
6.871838
6.7942686
6.778369
6.6738667
6.529503
6.8851132
6.598234
6.6966805
6.555719
6.5695443
6.5589137
6.3650293
6.366871
6.4126472
6.3875294
6.2515225
6.33621
6.2556276
6.5286727
6.4319754
6.596735
6.2236094
6.461962
6.604164
6.627711
6.6948767
6.5034795
6.6585126
6.532681
6.8279014
6.6969914
6.7249885
6.485051
6.7944827
6.5923867
6.772721
6.7344856
6.692292
6.6584997
6.6734138
6.7085695
6.6976824
6.6277723
6.5603437
6.6720443
6.7050953
6.5682883
6.64254
6.45448
6.742352
6.634712
6.850448
6.4775286
6.860688
6.791021
6.733435
6.7401915
6.3664155
6.6590037
6.549239
6.555516
6.505158
6.603066
6.5631013
6.7550783
6.7437634
6.5556264
6.506262
6.686397
6.6143847
6.7168674
6.6366215
6.5950336
6.7601714
6.7902374
6.6321297
6.701199
6.6818113
6.6338773
6.5693035
6.6790786
6.4680753
6.6167083
6.8186045
6.68343
6.5841413
6.7322283
6.724459
6.664741
6.646611
6.536518
6.63446
6.511986
6.7011623
6.692735
6.6081705
6.561344
6.5682416
6.454969
6.4396515
6.6369476
6.281979
6.4291315
6.507168
6.317816
6.4280167
6.2584996
6.3437157
6.4511986
6.1581116
6.3111753
6.1801267
6.5182295
6.4248395
6.4261236
6.380327
6.4059563
6.519003
6.4739795
6.3786917
6.5364594
6.5990415
6.608963
6.2312584
6.6776686
6.475514
6.562085
6.454319
6.562225
6.368638
6.616475
6.5516486
6.536046
6.456006
6.5062532
6.4416857
6.5468206
6.359844
6.575522
6.2867966
6.5208945
6.3057957
6.519122
6.5285006
6.3564816
6.4044414
6.4281197
6.5021772
6.4454904
6.3732595
6.2881556
6.2879634
6.3591413
6.3798475
6.367887
6.3125076
6.4389625
6.351494
6.355627
6.2002606
6.467164
6.4583964
6.494078
6.5378394
6.611025
6.519663
6.5245395
6.596137
6.596649
6.6742144
6.9217477
6.8479133
6.874313
6.8145046
6.8872128
6.8603764
6.845878
6.8879466
6.911015
6.9418383
7.1262574
6.944337
7.1158953
6.9473257
7.013167
6.8575616
6.905264
6.932623
6.954968
6.836418
6.797912
6.9139223
6.966109
6.850079
6.8911376
6.802228
6.8075504
6.8001013
6.704019
6.68007
6.5885134
6.6320596
6.643763
6.719209
6.702659
6.6061573
6.8852987
6.586328
6.694207
6.6625605
6.6636376
6.4949703
6.598936
6.647771
6.5296535
6.558962
6.655817
6.573342
6.6678395
6.7061257
6.7005744
6.7708807
6.7366595
6.6336184
6.682967
6.6513424
6.827997
6.5871363
6.645178
6.633705
6.656221
6.65831
6.76727
6.6020784
6.645553
6.729904
6.7892537
6.639538
6.7972198
6.895112
6.819358
6.715527
6.6345506
6.7005577
7.0111237
6.8884068
6.8154635
6.872031
6.965854
6.8291483
6.8885765
6.941314
7.0111976
6.936375
7.134065
7.024029
6.9004345
6.8111424
6.88928
6.90771
6.7172756
6.796837
6.928889
6.8869324
6.882315
6.901626
6.8530273
6.98505
6.7749953
7.014936
6.816595
6.842294
6.8968105
6.7188787
6.937812
6.779313
6.6582675
6.9054103
6.925023
6.7462626
6.8247576
6.8514943
6.8422956
7.0558834
6.7643676
6.8618984
6.8176975
6.936271
6.716045
6.9345555
6.8192296
6.955829
6.898033
6.971205
6.9676976
6.903743
7.0596743
7.0230374
6.948043
7.0922146
7.0309763
7.1723957
7.2883997
7.0069513
7.408152
7.3022842
7.2692137
7.2283134
7.324689
7.1845617
7.279195
7.178805
7.396058
7.3781695
7.454353
7.4154687
7.433808
7.3434305
7.1625776
7.206651
7.1148596
7.3481417
7.388713
7.40462
7.2389145
7.1461034
7.20543
7.383248
7.123318
7.153014
7.1410527
7.103907
6.927346
6.9893365
6.987215
6.983072
7.000312
7.052447
6.9956813
7.156557
6.920123
6.933627
6.925622
6.9332843
7.0479226
6.9682827
6.9055653
6.9273815
6.9002366
6.932348
6.9848175
6.9324756
6.9935207
7.012253
6.915947
6.8771524
6.783892
6.927506
7.021883
6.960073
6.8568196
6.849154
6.873972
6.805917
7.0232115
6.97678
7.16208
6.9855556
7.0594296
7.172694
7.1170774
7.0843368
6.984052
7.0516562
7.0818553
7.133222
7.2461815
7.2531333
7.444718
7.247713
7.3858895
7.3881087
7.348056
7.3549685
7.3069634
7.2952166
7.4084334
7.407217
7.324089
7.1349263
7.1402617
7.3487496
7.3269434
7.3860707
7.3014164
7.3528376
7.167401
7.1541977
7.311532
7.228701
7.3276124
7.320257
7.2325883
6.8604736
6.957327
7.0647793
6.9903207
7.0709896
7.0421762
6.9497786
6.856217
6.7020073
6.862446
6.834863
6.796754
6.854114
6.8429766
6.716637
6.964934
6.880407
6.763183
6.892437
6.9221554
6.8674173
6.875664
6.75
7.0340557
6.87978
6.8427796
6.8998938
6.9315357
6.9357543
7.0191708
6.788474
7.026787
6.933237
7.057438
6.8728147
6.965386
6.9490204
7.0729847
6.8139877
7.2045674
7.1989484
6.894645
7.145666
7.28504
7.214948
7.1803966
7.190363
7.221906
7.0842934
7.2787485
7.4612107
7.2996225
7.34708
7.33488
7.2516317
7.411116
7.5629244
7.23818
7.4148855
7.379903
7.461579
7.168164
7.3870625
7.4742928
7.2105694
7.400642
7.0926905
7.298292
7.242469
7.1140523
7.238624
7.4234266
7.225812
6.9695287
7.2774076
7.175296
7.0697455
7.024978
7.0699005
6.8483715
7.067928
6.917652
6.945844
6.913781
6.8493686
6.6752424
6.835205
6.784733
6.667381
6.8529696
6.9087625
6.8223224
6.8256965
6.6718616
6.895091
7.0389957
6.9423466
6.895696
6.9024124
6.7002783
6.9331446
6.9757667
6.887731
6.9331684
6.7963448
7.045505
6.9058967
7.0414257
6.802536
7.034432
6.9754944
6.8580413
6.9868546
6.8923697
7.04471
7.052365
7.0257015
7.0992293
6.9292536
7.180144
6.9961534
7.229883
7.1912346
7.0433044
7.1280365
7.0670624
7.0812387
7.398457
7.041354
7.394635
7.085927
7.394384
7.329342
7.3698835
7.451016
7.1843543
7.320585
7.2969694
7.2240562
7.314762
7.2277727
7.147297
7.163952
7.2190957
7.1032486
7.0997686
7.1372786
7.1497273
7.216674
7.224738
7.1509666
7.2114916
7.029899
7.1189218
6.938781
7.114427
6.9217205
7.0514627
6.9409738
6.982426
6.8646073
6.8617015
6.813444
6.6456375
6.711903
6.746003
6.8812976
6.9162316
6.8846245
6.742034
6.8368626
7.0857
6.868595
7.175076
7.162793
7.1122103
7.1094284
6.8478637
6.562831
6.4609714
6.6370587
6.6050415
6.1913953
6.006913
0
0
0
0
0
0
0
0
0
0
0
0
0
0
0
0
0
0
0
0
0
0
0
0
4.2376647
0
0
0
0
0
0
0
0
0
0
0
0
0
0
0
0
5.459465
0
6.3823233
6.760296
6.892348
6.8678393
6.7774105
6.9583244
6.9046187
6.856067
6.9998536
6.936932
7.0728087
6.710775
7.126799
6.804797
7.0714655
7.1365
7.3380246
6.9073734
7.265294
7.006893
7.1817164
7.067581
7.151447
7.199905
7.1437645
7.0555735
7.1430206
7.110124
6.9285583
7.081838
6.990157
7.09744
7.0476794
7.2047286
6.880166
7.2454243
7.3518424
7.280049
7.318109
7.4930267
7.3736706
7.314578
7.3158092
7.546772
7.4042664
7.5518217
7.4989038
7.5900283
7.6095114
7.5738277
7.5038395
7.615343
7.544966
7.4396777
7.492388
7.5240445
7.483581
7.542981
7.5137897
7.6638894
7.419157
7.5333347
7.6213093
7.3147163
7.637563
7.4364734
7.3698916
7.5100713
7.2915177
7.260393
7.414554
7.1954274
7.2257977
7.245054
7.4229994
7.447462
7.1591396
7.2758813
7.301647
7.290968
7.417388
7.3742647
7.325336
7.188716
7.2493405
7.2441826
7.5547576
7.401927
7.28215
7.4412994
7.3927402
7.356813
7.355797
7.4364853
7.415915
7.339382
7.477612
7.5531707
7.468978
7.4437857
7.449885
7.485048
7.648319
7.5767193
7.550719
7.717645
7.763604
7.7395835
7.621982
7.837902
7.842123
7.722038
7.7692156
7.6696863
7.680053
7.658705
7.6013913
7.3748465
7.3386216
7.65896
7.529471
7.3564625
7.4494953
7.321271
7.3945327
7.51141
7.496023
7.2126803
7.3639154
7.2854156
7.201525
7.294975
7.4062014
7.29107
7.2540774
7.4073806
7.4274244
7.38527
7.346295
7.2896976
7.3128824
7.273738
7.3244724
7.242277
7.4498105
7.2245064
7.281367
7.344887
7.3237367
7.268707
7.4328804
7.5435047
7.338385
7.51911
7.4675207
7.6579914
7.5163455
7.44904
7.4701037
7.6587954
7.7100463
7.867953
7.730616
7.783986
7.729047
7.7809134
7.830212
7.7209396
7.8470726
7.753545
7.6742797
7.6047764
7.511923
7.3835025
7.612258
7.666035
7.5817432
7.747141
7.56665
7.624428
7.5463314
7.5080276
7.5622325
7.298603
7.390527
7.4848747
7.368253
7.3767614
7.4641266
7.439651
7.443689
7.445836
7.511531
7.665188
7.420907
7.413558
7.4775124
7.478063
7.6189575
7.5687737
7.5537972
7.6664023
7.742526
7.833915
7.7994437
7.9205317
7.74964
7.7208543
7.748994
7.828949
7.9073935
7.7749248
7.9201756
7.802017
7.7946596
7.792652
7.7031336
7.747017
7.6635094
7.6422644
7.612116
7.64413
7.5774755
7.5535316
7.6521206
7.606161
7.429034
7.6185617
7.606712
7.3715916
7.3547907
7.4909353
7.2647157
7.4974427
7.3198833
7.249758
7.4495683
7.370473
7.465496
7.424445
7.24694
7.3688517
7.5091143
7.445422
7.3663116
7.3597937
7.701418
7.6071687
7.8377094
7.6678934
7.7372365
7.7505283
7.923697
7.702769
7.918181
7.782272
7.965209
7.814694
7.9071126
7.709783
7.5722113
7.8515167
7.75354
7.4751554
7.664221
7.5587535
7.704266
7.580088
7.4197755
7.506692
7.4228783
7.4317975
7.3283806
7.571314
7.5597506
7.3532205
7.314018
7.5326347
7.4698596
7.3326626
7.4000463
7.4942513
7.50069
7.2152863
7.3711233
7.369685
7.5030093
7.53257
7.4880676
7.757549
7.6400433
7.648178
7.6052675
7.796124
7.9704537
7.7617755
7.878892
7.7817
7.998877
7.907153
7.77631
8.004778
7.8534255
7.791189
7.7966166
7.8056
7.524584
7.761134
7.5992947
7.7331705
7.494994
7.6249075
7.4683137
7.452096
7.334749
7.272774
7.309105
7.3552175
7.3276706
7.2828994
7.364195
7.238242
7.2684317
7.263367
7.1639857
7.432124
7.3946295
7.2756643
7.5068874
7.377062
7.6503577
7.6430035
7.546294
7.5767393
7.7732906
7.5624566
7.614334
7.6881447
7.713335
7.594354
7.6459274
7.6221437
7.6430826
7.5847664
7.4250765
7.6848135
7.406657
7.3893294
7.44576
7.099548
7.23412
7.2323236
7.025077
7.3027563
7.132071
7.2384644
7.3016057
6.9491267
7.2614913
7.0743227
6.9787426
7.283191
7.0853424
7.39958
7.1931405
7.3632317
7.449354
7.416925
7.647296
7.5447035
7.537633
7.48368
7.249769
7.599929
7.4625607
7.7307825
7.5448112
7.713511
7.7659326
7.4954596
7.6754665
7.548613
7.686155
7.582288
7.62374
7.3210826
7.1848974
7.316315
7.22102
7.1111712
7.465787
7.2264786
6.917138
7.0525975
7.0407233
6.6635885
6.985374
6.9257984
6.814678
7.0689335
7.1390834
6.9718866
7.269651
7.0020056
7.2181196
7.2270546
7.1727057
7.1332703
7.3005347
7.1334243
7.211918
7.4348106
7.3040814
7.420332
7.4800143
7.4696584
7.5140543
7.545
7.462108
7.354673
7.2991357
7.2351866
7.3262477
7.1928816
7.0584774
7.034915
6.996467
7.092188
6.962315
7.037375
7.2915716
7.216864
6.783438
6.80054
7.098133
7.038911
6.8512287
6.739485
7.0062
6.8731093
6.8251057
7.0579643
7.182431
7.126243
7.0510187
6.6746125
6.932149
7.1470127
7.1406813
7.220207
7.362056
7.418641
7.451297
7.6953464
7.334775
7.2894826
7.553405
7.420578
7.1435423
7.3956776
7.423332
7.442571
7.0813694
7.180596
7.2995443
7.1720986
7.05078
7.104171
7.173611
7.167746
6.872797
6.6237683
6.873761
6.950882
6.8775806
6.8166633
6.7520084
6.8343034
6.756436
6.6570797
6.693593
6.7213306
6.7877693
6.9033957
7.055788
6.90282
7.0524607
7.083725
7.1606297
7.0193067
7.252627
7.208653
7.12665
7.042686
7.0349016
7.129413
6.8899937
6.806702
6.9227366
6.8644032
6.77598
6.6772165
6.8120666
6.6455135
6.5830336
6.413191
6.715541
6.599595
6.49937
6.534453
6.4036245
6.700487
6.5311494
6.387022
6.693403
6.764303
6.558312
6.65091
6.754846
6.666755
6.7170906
6.9387617
6.912033
6.917564
6.9722314
6.9873266
6.9588537
6.793668
6.838364
6.530631
6.5225854
6.563964
6.620062
6.6024423
6.678586
6.732857
6.774729
6.326215
6.4118915
6.3972263
6.4105678
6.3739653
6.2141666
6.3049726
6.2465916
6.0566854
6.1709366
6.110793
6.208694
6.1572914
6.075247
6.24613
6.1223884
6.0213785
6.2865467
6.037856
6.2795763
6.196849
6.269904
6.259235
6.2890964
6.055034
6.2778935
6.377668
6.23338
6.3438993
6.302638
6.4381514
6.157003
6.186104
6.3469143
6.0977335
6.141614
6.383807
6.1144333
6.296734
6.260007
6.1462765
6.1077833
6.342295
6.2788596
6.190896
6.2843194
6.0070605
6.073773
6.1215935
5.220072
0
0
0
0
0
0
0
0
0
0
0
0
0
0
0
0
0
0
0
4.839102
0
6.288744
6.1576834
6.089753
6.144364
6.0448327
0
6.1586986
6.304348
6.2386217
6.2949533
6.6328545
6.1933975
6.073096
6.31264
6.285951
6.4796424
6.28125
6.563717
6.490059
6.4003487
6.5448456
6.5525365
6.4215775
6.437873
6.419302
6.3359118
6.388011
6.3412457
6.529827
6.5383835
6.373536
6.347804
6.357012
6.441831
6.348273
6.652204
6.4826107
6.3717732
6.465871
6.445282
6.510787
6.3922243
6.4160953
6.3836985
6.171505
6.158265
6.2202415
6.291474
6.594993
6.4854627
6.3858333
6.4578633
6.5072904
6.3629026
6.4823246
6.3225217
6.5866723
6.3129096
6.511123
6.3519645
6.4225087
6.5764685
6.2825613
6.3306746
6.2831783
6.7527113
6.541001
6.682266
6.8424954
6.634291
6.5009823
6.5312657
6.5144944
6.571569
6.4397507
6.7243686
6.729001
6.705508
6.915532
6.7387533
6.9723644
6.5512195
6.5927343
6.5521836
6.888731
6.3713236
6.4900727
6.6350985
6.43457
6.470231
6.317353
6.4302025
6.5009003
6.435308
6.564186
6.6126623
6.722341
6.507949
6.5961866
6.676296
6.4760456
6.4203773
6.5899973
6.688958
6.66014
6.9108047
6.7306404
6.6982813
6.857401
6.8379335
6.7721486
6.759674
6.795995
6.9368362
6.8303795
6.609418
6.6916795
6.879737
6.6734557
6.7694354
6.9874697
6.8091226
6.632393
6.8171377
6.702488
6.6462393
6.6972275
6.5906463
6.525627
6.4251904
6.509222
6.7999444
6.7281795
6.721181
6.6065807
6.7467303
6.4885354
6.667528
6.638197
6.6171293
6.8363876
6.766516
6.8920197
6.86882
6.53798
6.7791643
6.82845
6.3564825
6.2553916
6.4498835
6.6986237
6.5713286
6.576978
6.6762075
6.588815
6.580203
6.531691
6.3877563
6.3048005
6.1380315
6.2571836
5.267989
0
0
0
0
0
0
0
0
0
0
0
5.173901
0
0
0
6.0945773
0
6.008149
5.7926702
6.00788
0
0
0
0
0
0
6.0358686
0
0
0
0
0
0
6.1855884
6.0731025
6.250413
6.1126533
6.053473
6.000723
6.0435114
6.0272975
0
4.798105
5.642332
0
6.031032
0
0
0
0
0
6.153937
0
0
0
0
0
6.012938
4.2259817
5.8310165
6.0348806
5.8425508
0
0
4.264809
0
0
0
0
0
0
0
0
0
0
0
0
0
0
6.186769
0
4.270774
0
0
4.5058846
0
0
4.3045945
0
0
4.2409024
0
4.6528783
0
0
4.5501227
0
0
0
0
0
0
0
0
0
0
0
0
4.038244
0
0
0
0
0
0
0
0
0
5.914067
0
6.0865035
4.3306775
0
0
4.202098
0
0
0
0
5.6777472
0
0
0
5.6645823
0
0
0
0
0
0
0
0
0
0
0
0
0
0
0
0
0
5.013163
0
0
0
4.243966
0
5.8336277
0
0
5.6789794
0
0
4.6647234
0
0
0
0
0
0
0
0
0
0
5.518015
0
0
0
0
0
0
0
0
0
0
0
0
4.1690655
0
0
0
0
0
0
0
0
0
0
0
4.3787055
0
0
0
0
0
0
0
0
0
0
0
5.2787185
0
0
0
0
4.372513
0
0
0
0
0
0
0
0
0
0
0
0
0
5.1676283
0
0
0
5.302469
0
0
0
0
0
0
0
0
0
0
0
0
0
0
0
0
0
0
4.9735885
0
0
0
0
0
0
5.1226134
0
0
4.96305
4.8877263
0
0
4.751494
0
0
0
0
0
0
0
0
0
0
0
0
0
0
0
0
