10000
9.85115
9.834784
9.782573
9.812408
9.76193
9.796157
9.769919
9.749725
9.728037
9.6207
9.579985
9.5579605
9.542383
9.457875
9.483234
9.416379
9.435965
9.337936
9.245482
9.21264
9.223406
9.2529125
9.1297245
9.022024
9.120202
9.086431
9.110336
9.016135
8.935708
8.9219265
8.812958
8.815258
8.709964
8.710606
8.612623
8.611819
8.503707
8.385298
8.297808
8.352644
8.3708725
8.200481
8.099691
8.055519
8.045298
7.8912673
7.772494
7.814768
7.615682
7.538983
7.275067
7.494078
7.3266144
7.1528907
7.0724583
7.0072904
6.989929
6.853131
6.944144
6.9551187
7.0372367
7.0034404
6.9390874
6.7843614
6.9450846
6.8482366
6.826846
6.851306
6.8888493
6.957374
6.936124
7.0075603
6.957727
6.9481974
6.9973264
6.978157
7.108216
6.9913297
7.0608926
6.7981534
7.0504503
6.896993
6.978979
6.852166
7.004355
6.8453765
6.902951
7.0265236
6.9575486
6.958489
6.972999
7.231449
7.4053864
7.3997464
7.4907017
7.562601
7.587812
7.8347554
7.949043
8.242751
8.159427
8.207598
8.182024
8.03866
8.088058
8.238562
8.30039
8.274788
8.231141
8.502648
8.402311
8.3299265
8.299701
8.227026
8.177329
8.1220875
8.115603
8.192223
8.135284
8.112397
8.052794
7.974381
7.9109707
8.0499
7.9818835
7.975438
7.983373
7.904208
7.8551884
7.780817
7.7483582
7.652962
7.5956717
7.648789
7.5629787
7.586235
7.5042515
7.6164646
7.560082
7.563158
7.609323
7.590782
7.550304
7.5667105
7.5004387
7.580292
7.528419
7.5580125
7.609469
7.5432587
7.5035443
7.6096487
7.4937534
7.495057
7.4167943
7.412147
7.393706
7.415183
7.280926
7.32733
7.3724556
7.336858
7.2995834
7.3935275
7.3211474
7.2611904
7.26107
7.3407607
7.354304
7.338006
7.371748
7.3989162
7.5085735
7.5382795
7.318186
7.3887053
7.303206
7.273675
7.31677
7.265753
7.1667523
7.1271844
7.1142664
7.1241307
7.0333614
7.1051044
7.102662
7.087161
7.1214128
7.0124393
7.185804
7.0506315
7.018716
6.9175825
6.871838
6.7942686
6.778369
6.6738667
6.529503
6.8851132
6.598234
6.6966805
6.555719
6.5695443
6.5589137
6.3650293
6.366871
6.4126472
6.3875294
6.2515225
6.33621
6.2556276
6.5286727
6.4319754
6.596735
6.2236094
6.461962
6.604164
6.627711
6.6948767
6.5034795
6.6585126
6.532681
6.8279014
6.6969914
6.7249885
6.485051
6.7944827
6.5923867
6.772721
6.7344856
6.692292
6.6584997
6.6734138
6.7085695
6.6976824
6.6277723
6.5603437
6.6720443
6.7050953
6.5682883
6.64254
6.45448
6.742352
6.634712
6.850448
6.4775286
6.860688
6.791021
6.733435
6.7401915
6.3664155
6.6590037
6.549239
6.555516
6.505158
6.603066
6.5631013
6.7550783
6.7437634
6.5556264
6.506262
6.686397
6.6143847
6.7168674
6.6366215
6.5950336
6.7601714
6.7902374
6.6321297
6.701199
6.6818113
6.6338773
6.5693035
6.6790786
6.4680753
6.6167083
6.8186045
6.68343
6.5841413
6.7322283
6.724459
6.664741
6.646611
6.536518
6.63446
6.511986
6.7011623
6.692735
6.6081705
6.561344
6.5682416
6.454969
6.4396515
6.6369476
6.281979
6.4291315
6.507168
6.317816
6.4280167
6.2584996
6.3437157
6.4511986
6.1581116
6.3111753
6.1801267
6.5182295
6.4248395
6.4261236
6.380327
6.4059563
6.519003
6.4739795
6.3786917
6.5364594
6.5990415
6.608963
6.2312584
6.6776686
6.475514
6.562085
6.454319
6.562225
6.368638
6.616475
6.5516486
6.536046
6.456006
6.5062532
6.4416857
6.5468206
6.359844
6.575522
6.2867966
6.5208945
6.3057957
6.519122
6.5285006
6.3564816
6.4044414
6.4281197
6.5021772
6.4454904
6.3732595
6.2881556
6.2879634
6.3591413
6.3798475
6.367887
6.3125076
6.4389625
6.351494
6.355627
6.2002606
6.467164
6.4583964
6.494078
6.5378394
6.611025
6.519663
6.5245395
6.596137
6.596649
6.6742144
6.9217477
6.8479133
6.874313
6.8145046
6.8872128
6.8603764
6.845878
6.8879466
6.911015
6.9418383
7.1262574
6.944337
7.1158953
6.9473257
7.013167
6.8575616
6.905264
6.932623
6.954968
6.836418
6.797912
6.9139223
6.966109
6.850079
6.8911376
6.802228
6.8075504
6.8001013
6.704019
6.68007
6.5885134
6.6320596
6.643763
6.719209
6.702659
6.6061573
6.8852987
6.586328
6.694207
6.6625605
6.6636376
6.4949703
6.598936
6.647771
6.5296535
6.558962
6.655817
6.573342
6.6678395
6.7061257
6.7005744
6.7708807
6.7366595
6.6336184
6.682967
6.6513424
6.827997
6.5871363
6.645178
6.633705
6.656221
6.65831
6.76727
6.6020784
6.645553
6.729904
6.7892537
6.639538
6.7972198
6.895112
6.819358
6.715527
6.6345506
6.7005577
7.0111237
6.8884068
6.8154635
6.872031
6.965854
6.8291483
6.8885765
6.941314
7.0111976
6.936375
7.134065
7.024029
6.9004345
6.8111424
6.88928
6.90771
6.7172756
6.796837
6.928889
6.8869324
6.882315
6.901626
6.8530273
6.98505
6.7749953
7.014936
6.816595
6.842294
6.8968105
6.7188787
6.937812
6.779313
6.6582675
6.9054103
6.925023
6.7462626
6.8247576
6.8514943
6.8422956
7.0558834
6.7643676
6.8618984
6.8176975
6.936271
6.716045
6.9345555
6.8192296
6.955829
6.898033
6.971205
6.9676976
6.903743
7.0596743
7.0230374
6.948043
7.0922146
7.0309763
7.1723957
7.2883997
7.0069513
7.408152
7.3022842
7.2692137
7.2283134
7.324689
7.1845617
7.279195
7.178805
7.396058
7.3781695
7.454353
7.4154687
7.433808
7.3434305
7.1625776
7.206651
7.1148596
7.3481417
7.388713
7.40462
7.2389145
7.1461034
7.20543
7.383248
7.123318
7.153014
7.1410527
7.103907
6.927346
6.9893365
6.987215
6.983072
7.000312
7.052447
6.9956813
7.156557
6.920123
6.933627
6.925622
6.9332843
7.0479226
6.9682827
6.9055653
6.9273815
6.9002366
6.932348
6.9848175
6.9324756
6.9935207
7.012253
6.915947
6.8771524
6.783892
6.927506
7.021883
6.960073
6.8568196
6.849154
6.873972
6.805917
7.0232115
6.97678
7.16208
6.9855556
7.0594296
7.172694
7.1170774
7.0843368
6.984052
7.0516562
7.0818553
7.133222
7.2461815
7.2531333
7.444718
7.247713
7.3858895
7.3881087
7.348056
7.3549685
7.3069634
7.2952166
7.4084334
7.407217
7.324089
7.1349263
7.1402617
7.3487496
7.3269434
7.3860707
7.3014164
7.3528376
7.167401
7.1541977
7.311532
7.228701
7.3276124
7.320257
7.2325883
6.8604736
6.957327
7.0647793
6.9903207
7.0709896
7.0421762
6.9497786
6.856217
6.7020073
6.862446
6.834863
6.796754
6.854114
6.8429766
6.716637
6.964934
6.880407
6.763183
6.892437
6.9221554
6.8674173
6.875664
6.75
7.0340557
6.87978
6.8427796
6.8998938
6.9315357
6.9357543
7.0191708
6.788474
7.026787
6.933237
7.057438
6.8728147
6.965386
6.9490204
7.0729847
6.8139877
7.2045674
7.1989484
6.894645
7.145666
7.28504
7.214948
7.1803966
7.190363
7.221906
7.0842934
7.2787485
7.4612107
7.2996225
7.34708
7.33488
7.2516317
7.411116
7.5629244
7.23818
7.4148855
7.379903
7.461579
7.168164
7.3870625
7.4742928
7.2105694
7.400642
7.0926905
7.298292
7.242469
7.1140523
7.238624
7.4234266
7.225812
6.9695287
7.2774076
7.175296
7.0697455
7.024978
7.0699005
6.8483715
7.067928
6.917652
6.945844
6.913781
6.8493686
6.6752424
6.835205
6.784733
6.667381
6.8529696
6.9087625
6.8223224
6.8256965
6.6718616
6.895091
7.0389957
6.9423466
6.895696
6.9024124
6.7002783
6.9331446
6.9757667
6.887731
6.9331684
6.7963448
7.045505
6.9058967
7.0414257
6.802536
7.034432
6.9754944
6.8580413
6.9868546
6.8923697
7.04471
7.052365
7.0257015
7.0992293
6.9292536
7.180144
6.9961534
7.229883
7.1912346
7.0433044
7.1280365
7.0670624
7.0812387
7.398457
7.041354
7.394635
7.085927
7.394384
7.329342
7.3698835
7.451016
7.1843543
7.320585
7.2969694
7.2240562
7.314762
7.2277727
7.147297
7.163952
7.2190957
7.1032486
7.0997686
7.1372786
7.1497273
7.216674
7.224738
7.1509666
7.2114916
7.029899
7.1189218
6.938781
7.114427
6.9217205
7.0514627
6.9409738
6.982426
6.8646073
6.8617015
6.813444
6.6456375
6.711903
6.746003
6.8812976
6.9162316
6.8846245
6.742034
6.8368626
7.0857
6.868595
7.175076
7.162793
7.1122103
7.1094284
6.8478637
6.562831
6.4609714
6.6370587
6.6050415
6.1913953
6.006913
0
0
0
0
0
0
0
0
0
0
0
0
0
0
0
0
0
0
0
0
0
0
0
0
0
0
0
0
0
0
0
0
0
0
0
0
5.624448
0
0
0
0
0
0
6.1334524
6.9323893
6.96493
6.712227
6.6215982
6.9363995
6.9046187
6.856067
6.9998536
7.0948563
6.728299
6.882799
7.1604986
7.0272055
6.8927546
7.066789
7.3380246
7.046518
7.0878873
7.154093
7.0399323
7.201939
7.162219
7.0179315
7.0897985
6.939928
7.1210637
6.9354696
7.1295896
7.081838
6.9930816
6.9693823
6.9012623
7.105361
7.219595
7.1100755
7.278919
7.3157883
7.3919835
7.114003
7.4529195
7.314578
7.448211
7.4164114
7.242338
7.570049
7.4989038
7.5900283
7.6095114
7.5738277
7.5184155
7.6212664
7.544966
7.4399967
7.557116
7.5061026
7.59118
7.4937625
7.5408893
7.499913
7.569424
7.6324368
7.419418
7.4347115
7.5375876
7.526776
7.4326115
7.5263143
7.369125
7.4090915
7.3255663
7.3146925
7.2787547
7.2919626
7.466932
7.391029
7.292403
7.316273
7.358788
7.4005175
7.37851
7.5585976
7.378544
7.334485
7.453327
7.1996465
7.6821194
7.3910093
7.546192
7.4590764
7.579234
7.406521
7.612032
7.5556436
7.5697837
7.400861
7.477612
7.483805
7.430111
7.4437857
7.566723
7.485048
7.583802
7.6030693
7.550719
7.7165813
7.742157
7.74106
7.621982
7.8746934
7.9773264
7.714331
7.798143
7.6306334
7.679143
7.778665
7.6282578
7.3748465
7.3386216
7.4923077
7.676445
7.3564625
7.4494953
7.321271
7.3945327
7.560239
7.50054
7.2126803
7.3639154
7.2467027
7.309502
7.2159696
7.38731
7.326784
7.232772
7.357096
7.3342147
7.470936
7.346295
7.2896976
7.3128824
7.273738
7.4298844
7.242277
7.3865204
7.2245064
7.281367
7.344887
7.3237367
7.4062047
7.4912314
7.5435047
7.338385
7.51911
7.4675207
7.6079173
7.5725183
7.4279037
7.4701037
7.6587954
7.748766
7.8404107
7.730616
7.783986
7.6793675
7.885297
7.8794847
7.8052607
7.945571
7.7127757
7.5956006
7.4989953
7.5619793
7.4249134
7.680913
7.6548376
7.6502676
7.720846
7.5853157
7.6364517
7.5463314
7.5171957
7.5622325
7.298603
7.5186453
7.353948
7.441852
7.41599
7.5209923
7.4912367
7.460584
7.5945377
7.5134654
7.809762
7.464119
7.5004215
7.506688
7.567188
7.6188655
7.6119475
7.642229
7.7802677
7.7450066
7.861519
7.8924065
7.911751
7.7521706
7.7183304
7.840761
7.7415547
7.9180274
7.7953634
7.976528
7.8668327
7.8927937
7.7654977
7.6560845
7.868844
7.7398257
7.7582054
7.719329
7.7509446
7.777279
7.656048
7.6610093
7.626916
7.524743
7.6185617
7.536934
7.44046
7.3475046
7.469761
7.3431487
7.5004535
7.426881
7.249758
7.4495683
7.4016137
7.3625345
7.2997613
7.3431096
7.3688517
7.5091143
7.5441003
7.3352165
7.5031815
7.701418
7.662649
7.7785344
7.6678934
7.7372365
7.7505283
7.868189
7.765608
7.866742
7.782272
7.965209
7.814694
7.9071126
7.709783
7.6756954
7.665669
7.926763
7.5384026
7.7786307
7.769995
7.6529913
7.6560874
7.5899386
7.610232
7.509448
7.534023
7.3882985
7.5761456
7.6087794
7.398856
7.544279
7.5625134
7.379949
7.253078
7.401949
7.371096
7.4300103
7.3122816
7.482468
7.2916164
7.3576775
7.551863
7.5746684
7.675682
7.6682982
7.564919
7.612394
7.850945
7.909232
7.966864
7.9931483
7.982779
7.9791355
7.751291
7.8232236
7.909423
7.970332
7.911275
7.970977
7.7221284
7.734538
7.809541
7.7920384
7.5630627
7.4444747
7.4588003
7.452841
7.508849
7.4103956
7.3195057
7.256733
7.3067408
7.3633003
7.236957
7.3641424
7.2267456
7.3436513
7.182787
7.427793
7.4199142
7.4343233
7.263718
7.5417714
7.347087
7.5633087
7.707493
7.5271034
7.7244987
7.688452
7.5536366
7.683955
7.5941
7.7205057
7.584467
7.5774555
7.588187
7.648929
7.6506214
7.568949
7.61275
7.551509
7.475402
7.2223587
7.2017527
7.100094
7.0713778
7.1595592
6.9285917
7.1156764
7.2506323
7.043495
7.0263953
7.008628
6.9425373
6.867977
7.0746665
7.1020846
7.39958
7.36432
7.4496646
7.4154587
7.387005
7.495263
7.5539684
7.3269424
7.56707
7.249769
7.599929
7.4625607
7.7307825
7.5448112
7.713511
7.7659326
7.569601
7.601602
7.7065463
7.686155
7.582288
7.62374
7.3210826
7.3785777
7.5969496
7.22102
7.06207
7.4201155
7.1640177
7.1730504
7.249416
7.0253315
6.7745824
6.985374
6.835578
6.7643623
6.9906607
6.9951024
7.0252028
7.011919
7.050541
7.0305448
7.09145
7.0668054
7.1886344
7.3846626
7.1334243
7.211918
7.4348106
7.3040814
7.420332
7.4800143
7.6773367
7.883382
7.545
7.462108
7.354673
7.2991357
7.1332417
7.3262477
7.2117634
7.0584774
7.034915
7.0295434
7.1144753
6.962315
7.1011767
7.2608337
7.208024
6.788375
7.1497345
7.098133
7.038911
6.8512287
6.8079534
6.890442
6.8731093
6.8251057
7.0579643
7.182431
7.126243
7.0510187
6.6746125
6.932149
7.1470127
7.1406813
7.220207
7.362056
7.418641
7.451297
7.6953464
7.3328414
7.3214846
7.482348
7.4723434
7.1435423
7.3956776
7.137788
7.1735992
7.0813694
7.180596
7.148585
7.269653
7.2060685
7.11961
6.9872904
6.867394
6.872797
6.6237683
6.7069416
6.6251307
6.793548
6.811449
6.7690825
6.631676
6.7285376
6.7848067
6.7943063
6.565445
6.7877693
6.9366274
6.946433
6.90282
7.0524607
7.1889114
7.121575
6.9223604
7.123937
7.0232196
7.0376487
7.094842
7.2836146
7.02057
6.7609115
6.746545
6.7515955
6.8765764
6.7302003
6.8154488
6.9659023
6.6782446
6.6518846
6.439604
6.642545
6.5102262
6.3342495
6.379002
6.5250483
6.561096
6.5222845
6.368783
6.455223
6.649977
6.4585233
6.684744
6.761531
6.7091813
6.7498217
6.84338
6.815882
6.7694397
6.9678288
7.0662766
6.611734
6.793668
6.756173
6.549724
6.5498223
6.563964
6.806781
6.6024423
6.6402154
6.732857
6.5773315
6.326215
6.4118915
6.3972263
6.3064423
6.269549
6.2141666
6.3049726
6.2465916
6.0566854
6.1709366
6.110793
6.208694
6.1572914
6.204083
6.4868045
6.1223884
6.0213785
6.2865467
6.037856
6.2795763
6.196849
6.269904
6.259235
6.2890964
6.055034
6.2778935
6.377668
6.23338
6.3438993
6.302638
6.4381514
6.157003
6.186104
6.3469143
6.0977335
6.141614
6.383807
6.1144333
6.296734
6.260007
6.1462765
6.1077833
6.342295
6.2788596
6.190896
6.2843194
6.0070605
6.073773
6.0716763
0
0
0
5.235781
5.817553
0
0
5.194704
4.1451607
0
0
0
0
4.5124407
0
5.324219
0
0
0
0
0
0
0
0
0
0
0
4.6075263
0
0
0
0
0
4.588716
0
0
0
0
0
5.0977106
4.6631618
0
0
0
0
0
0
0
4.825865
0
0
0
0
5.520038
0
0
0
5.582892
0
6.6302414
6.6295705
6.5010157
6.815801
6.469838
6.351053
6.2635884
6.1953616
6.1834493
6.43368
6.4883966
6.3817267
6.6402593
6.5010924
6.610189
6.607482
6.693631
6.696992
6.5456934
6.6722083
6.3578725
6.443875
6.482955
6.4787874
6.4799395
6.3429484
6.293342
6.330582
6.630862
6.565736
6.5950418
6.905409
6.7292128
6.6572328
6.574869
6.648405
6.652392
6.4690256
6.7850785
6.7379103
6.7864685
7.0781
6.749323
6.768293
6.5277057
6.6176558
6.766831
6.7214994
6.434496
6.3649607
6.5780067
6.3910785
6.4307823
6.3002663
6.2461014
6.542632
6.2992935
6.4598136
6.6766253
6.7621017
6.5863357
6.621177
6.501522
6.57859
6.4203773
6.5899973
6.568533
6.5958285
6.8523808
6.893268
6.6982813
6.857401
6.8379335
6.7721486
6.759674
6.795995
6.9368362
6.8303795
6.609418
6.6916795
6.6928306
6.813701
6.647564
7.054963
6.675074
6.773446
6.6582193
6.614401
6.717757
6.8048677
6.5776796
6.525627
6.541186
6.6119328
6.8103623
6.6945868
6.721181
6.6065807
6.7467303
6.5519123
6.5623927
6.675582
6.5523367
6.733327
6.699405
6.916732
6.6340976
6.6665196
6.8732715
6.620551
6.3564825
6.3865223
6.4067836
6.6305737
6.6459966
6.7184677
6.790267
6.5146666
6.4822736
6.6394434
6.600836
6.417821
6.262294
6.3654385
0
0
0
0
6.100203
6.30569
0
6.0547037
6.1693907
6.0495944
6.1656275
6.105401
6.0043344
6.009325
6.023273
6.126694
6.0083213
0
6.0434623
0
6.1279755
0
6.009514
6.021151
6.1407547
6.047842
6.319299
6.011754
6.2561426
6.11492
6.0564523
6.09309
6.1988945
6.0914345
6.054391
6.066552
6.1879067
6.219926
6.101203
6.073472
6.0360937
4.5356054
0
0
0
0
0
0
0
0
0
0
6.181664
0
4.691332
0
0
0
0
0
0
0
0
5.6747575
5.440674
0
5.9300303
0
4.3734593
0
4.506868
0
0
5.997213
4.27509
0
5.271969
0
0
0
0
4.870946
0
0
0
0
5.833227
0
0
0
4.2806315
0
0
0
4.525519
4.4398007
0
0
0
0
0
0
0
0
0
0
0
0
5.86315
4.5239415
0
0
4.6631856
0
0
5.464249
0
0
0
0
0
0
0
0
0
0
0
5.0398803
4.924936
0
0
0
0
0
0
0
4.8617907
0
0
0
0
0
0
4.2759566
0
4.0378666
0
0
0
4.1676497
4.535081
0
0
0
4.255638
0
0
5.680167
0
0
5.7934647
0
0
4.095894
0
4.568816
0
0
0
0
0
0
0
0
0
0
0
4.89454
0
0
0
0
0
0
0
4.113457
0
0
0
0
0
5.8311
0
0
5.6982107
0
0
0
5.710236
0
0
0
0
0
5.515841
0
0
0
0
0
0
0
0
0
0
0
0
0
0
0
0
0
0
0
0
0
0
0
0
0
0
0
0
0
0
0
0
0
5.2361803
0
0
0
0
0
0
0
4.244625
0
0
0
0
0
0
0
0
5.1759124
0
0
5.12176
0
5.390006
0
0
5.0781903
0
0
0
0
0
5.163273
0
0
0
0
5.0442085
0
0
0
0
0
0
0
5.2177954
5.186586
5.1095753
