10000
5.122931
5.142349
5.1350183
5.077207
5.1592393
5.2208295
5.177846
5.1102576
5.079824
5.1654506
5.133759
5.238568
5.135456
5.1247497
5.091309
0
5.2525816
5.243608
5.3314047
5.2631545
5.258205
5.2976575
5.2283764
5.207366
5.1418476
5.2178636
5.239781
5.3277793
5.222844
5.240854
5.2274494
5.135983
5.221554
5.305127
5.1671467
5.2679143
5.3534
5.1918497
5.1885977
5.260841
5.275415
5.33543
5.2289195
5.2357807
5.189165
5.260925
5.188516
5.2577357
5.116469
5.133758
5.1274743
5.115654
5.0273685
4.9971004
4.960498
4.976276
5.014109
5.0672774
4.885856
4.981674
4.9666276
5.041866
4.881922
4.879371
4.8414307
5.0444756
4.8581066
4.839945
5.047169
4.9535956
4.9118633
4.9744043
4.9547358
4.9603357
4.912703
4.94904
4.801449
4.6919217
4.755762
4.7036877
4.728281
4.819101
4.747213
4.751312
4.6972136
4.6980553
4.81312
4.7141714
4.7664113
4.6110106
4.726572
4.7117844
4.8043203
4.7883782
4.750787
4.773944
4.6996455
4.76476
4.687741
4.645714
4.617436
4.613452
4.743755
4.63005
4.597862
4.646531
4.6526203
4.667718
4.644116
4.718733
4.732573
4.677692
4.66576
4.58323
4.5191574
4.495628
4.458487
4.470408
4.4979978
4.4694433
4.3333187
4.3455615
4.266871
4.126048
4.110225
0
0
0
0
0
0
0
0
0
0
0
0
0
0
0
0
0
0
0
0
0
0
0
0
0
0
0
0
0
0
0
0
0
0
0
0
0
0
0
0
0
0
0
0
0
0
0
0
0
0
0
0
0
0
0
0
0
0
0
0
0
0
0
0
0
0
0
0
0
0
0
0
0
0
0
0
0
0
0
0
0
0
0
0
0
0
0
0
0
0
0
0
0
0
0
0
0
0
0
0
0
0
0
0
0
0
0
0
0
0
0
0
0
0
0
0
0
0
0
0
0
0
0
0
4.291731
4.444234
4.3574147
4.4086313
4.4188395
4.391138
4.430659
4.389763
4.227937
4.2847905
4.257795
4.306539
4.239159
4.1850157
4.1848006
4.285233
4.093956
0
0
0
0
0
0
0
0
0
0
0
4.4259977
4.4633856
4.511138
4.498284
4.41936
0
0
0
0
0
0
0
0
4.374242
4.5833063
4.6586494
4.592847
4.631757
4.594211
4.557296
4.541561
4.6704187
4.683633
4.532516
4.5436087
4.664461
4.5798855
4.565236
4.6864586
4.602894
4.561151
4.5852647
4.579723
4.6361117
4.5894403
4.5314837
4.557526
4.6170864
4.5505257
4.4140453
4.5499344
4.5740137
4.7706265
4.701727
4.659452
4.7021737
4.6718216
4.6900826
4.6826453
4.6649528
4.7107444
4.65175
4.7070813
4.6239877
4.7616262
4.6402864
4.641893
4.613428
4.623842
4.6841927
4.647637
4.5444107
4.4064975
0
0
0
0
0
0
0
0
0
0
0
0
0
0
0
0
0
0
0
0
0
0
0
0
0
0
0
0
0
0
0
0
0
0
0
0
0
0
0
0
0
0
0
0
0
0
0
0
4.1947784
0
0
0
0
0
0
0
0
0
0
0
0
0
0
0
0
0
0
0
0
0
0
0
0
0
0
0
0
0
0
0
0
0
4.1806726
4.3074846
4.2796464
4.2790446
4.1869206
4.346148
4.332539
4.303076
4.326225
4.23998
4.1558623
4.2199135
0
0
0
0
0
0
4.270446
4.1369762
4.117487
0
0
0
0
0
0
0
0
0
0
0
0
0
0
0
0
0
0
4.235773
4.2717905
4.2280436
4.3215723
4.381965
4.468249
4.635108
4.6958923
4.603336
4.674946
4.700434
4.713864
0
4.7338758
4.8740354
4.8739963
4.943884
4.8770027
4.80655
4.8040404
4.8682475
4.925055
4.843076
4.7387505
4.734201
4.706726
4.650661
4.821045
4.688035
4.7836266
4.817765
4.746469
4.6383924
4.7734942
4.689987
4.7273264
4.701147
4.650343
4.651064
4.6547155
4.683147
4.674168
4.6315174
4.699649
4.6246877
4.6257567
4.6690655
4.748938
4.7389026
4.7073975
4.724899
4.62665
4.7357197
4.632538
4.71953
4.515078
4.589591
4.5292196
4.5491495
4.469915
4.3329406
4.388015
4.1466713
0
0
0
0
0
0
0
4.380445
4.3306875
4.3536167
4.438844
4.5797877
4.654908
4.70539
4.825583
4.8101273
4.7660155
4.587034
4.528769
4.609003
4.626793
4.710319
4.677513
4.6350374
4.347625
0
4.162813
0
0
0
4.1104436
4.191057
4.177607
4.3261666
4.4932933
4.506412
4.65401
4.6310534
4.675112
4.6484385
4.721121
4.7199965
4.700491
4.6821213
0
4.7225466
4.7214584
4.741118
4.713143
4.650712
4.786398
4.399215
4.745267
4.760323
4.7073083
4.769197
4.6818447
4.7092223
4.752101
4.6957507
4.648188
4.751991
4.7953067
4.6397247
4.8083878
4.736185
4.706652
4.6975155
4.8131924
4.6797075
4.8159513
4.7991753
4.6833735
4.7587914
4.6883535
4.6413417
4.5700107
4.5648093
4.4678264
4.546224
4.608285
4.6944933
4.672513
4.6728773
4.5613947
4.429768
4.4820943
4.4611645
4.5427637
4.4458637
4.4464307
4.394645
4.4136224
4.279678
4.155276
0
0
0
0
0
4.2389107
0
4.1746807
4.1327367
4.171581
4.2131767
4.1520925
4.3360605
4.3861446
0
4.165708
4.1529665
0
0
0
0
4.067213
4.2529125
0
0
0
0
0
0
0
0
0
0
0
0
0
0
0
0
0
0
0
0
0
0
0
0
0
0
0
0
0
0
0
0
0
0
0
0
0
0
0
0
0
0
0
0
0
0
0
0
0
0
0
0
0
0
0
0
0
0
0
0
0
0
0
4.3292155
0
0
0
0
4.1808248
4.2934523
4.2457085
0
0
0
0
0
0
0
0
0
0
4.3023186
0
0
0
0
0
0
0
0
0
0
0
0
0
0
0
0
0
0
0
0
0
0
0
0
0
0
0
0
0
0
0
0
0
0
0
0
0
0
0
0
0
0
0
0
0
0
0
0
0
0
0
0
0
0
0
0
0
0
0
0
0
0
0
0
0
0
0
0
0
0
0
0
0
0
0
0
0
0
0
0
0
0
0
0
0
0
0
0
0
0
0
0
0
0
0
0
0
0
0
0
0
0
0
0
0
0
0
0
0
0
0
0
0
0
0
0
0
0
0
0
0
0
0
0
0
0
0
0
0
0
0
0
0
0
0
0
0
0
0
0
0
0
0
0
0
0
0
0
0
0
0
0
0
0
0
0
0
0
0
0
0
0
0
0
0
0
0
0
0
0
0
0
0
0
0
0
0
0
0
0
0
0
0
0
0
0
0
0
0
0
0
0
0
0
0
0
0
0
0
0
0
0
0
0
0
0
0
0
0
0
0
0
0
0
0
0
0
0
0
0
0
0
0
0
0
0
0
0
0
0
0
0
0
0
0
0
0
0
0
0
0
0
0
0
0
0
0
0
0
0
0
0
0
0
0
0
0
0
0
0
0
0
0
0
0
0
0
0
0
0
0
0
0
0
0
0
0
0
0
0
0
0
0
0
0
0
0
0
0
0
0
0
0
0
0
0
0
0
0
0
0
0
0
0
0
0
0
0
0
0
0
0
0
0
0
0
0
0
0
0
0
0
0
0
0
0
0
0
0
0
0
0
0
0
0
0
0
0
0
0
0
0
0
0
0
0
0
0
0
0
0
0
0
0
0
0
0
0
0
0
0
0
0
0
0
0
0
0
0
0
0
0
0
0
0
0
0
0
0
0
0
0
0
0
0
0
0
0
0
0
0
0
0
0
0
0
0
0
0
0
0
0
0
0
0
0
0
0
0
0
0
0
0
0
0
0
0
0
0
0
0
0
0
0
0
0
0
0
0
0
0
0
0
0
0
0
0
0
0
0
0
0
0
0
0
0
0
0
0
0
0
0
0
0
0
0
0
0
0
0
0
0
0
0
0
0
0
0
0
0
0
0
0
0
0
0
0
0
0
0
0
0
0
0
0
0
0
0
0
0
0
0
0
0
0
0
0
0
0
0
0
0
0
0
0
0
0
0
0
0
0
0
0
0
0
0
0
0
0
0
0
0
0
0
0
0
0
0
0
0
0
0
0
0
0
0
0
0
0
0
0
0
0
0
0
0
0
0
0
0
0
0
0
0
0
0
0
0
0
0
0
0
0
0
0
0
0
0
0
0
0
0
0
0
0
0
0
0
0
0
0
0
0
0
0
0
0
0
0
0
0
0
0
0
0
0
0
0
0
0
0
0
0
0
0
0
0
0
0
0
0
0
0
0
0
0
0
0
0
0
0
0
0
0
0
0
0
0
0
0
0
0
0
0
0
0
0
0
0
0
0
0
0
0
0
0
0
0
0
0
0
0
0
0
0
0
0
0
0
0
0
0
0
0
0
0
0
0
0
0
0
0
0
0
0
0
0
0
0
0
0
0
0
0
0
0
0
0
0
0
0
0
0
0
0
0
0
0
0
0
0
0
0
0
0
0
0
0
0
0
0
0
0
0
0
0
0
0
0
0
0
0
0
0
0
0
0
0
0
0
0
0
0
0
0
0
0
0
0
0
0
0
0
0
0
0
0
0
0
0
0
0
0
0
0
0
0
0
0
0
0
0
0
0
0
0
0
0
0
0
0
0
0
0
0
