563.0,311.0,103.0,123.0
568.7202920517566,312.2285181867086,103.0,123.0
572.0177877798693,310.63375847302007,103.0,123.0
568.9700333725914,315.8038430333618,103.0,123.0
560.4576357716669,318.21986043955036,103.0,123.0
554.299817247118,321.41206870682817,103.0,123.0
546.9328606248991,321.5503051097443,103.0,123.0
544.2367620098207,322.4380248343771,103.0,123.0
534.9718245006386,323.5192824818857,103.0,123.0
537.393042157076,324.93222947893327,103.0,123.0
537.9284247662528,325.94641003534673,103.0,123.0
538.9567636564426,324.051329397742,105.27887725830078,125.72137451171875
537.8058213841813,328.83178862613653,105.27887725830078,125.72137451171875
541.6381838154015,330.48397032909776,105.27887725830078,125.72137451171875
546.9249299820766,332.4697450199533,105.27887725830078,125.72137451171875
552.1649630522269,330.3138637654565,107.60816955566406,128.50296020507812
nan,nan,nan,nan
555.2001268999591,333.38809517955,107.60816955566406,128.50296020507812
550.0434508180319,336.9294841218423,107.60816955566406,128.50296020507812
550.0174476606323,334.42052926729554,107.60816955566406,128.50296020507812
555.0490569600413,339.89054966895424,107.60816955566406,128.50296020507812
557.1703181693865,333.65543285964185,107.60816955566406,128.50296020507812
567.0993028489399,335.8267686498972,107.60816955566406,128.50296020507812
567.3866532973323,331.9693100093391,107.60816955566406,128.50296020507812
572.5112288397299,327.7085632881518,107.60816955566406,128.50296020507812
569.7611831919114,328.71791004697815,107.60816955566406,128.50296020507812
571.8107390566634,328.7185236063733,107.60816955566406,128.50296020507812
576.8626130303953,334.3110422237219,107.60816955566406,128.50296020507812
575.1448904855774,331.3639738806888,107.60816955566406,128.50296020507812
579.4724348928964,330.18988275698246,107.60816955566406,128.50296020507812
575.0635463506549,332.5592058717756,107.60816955566406,128.50296020507812
573.720960534247,320.9763535429644,107.60816955566406,128.50296020507812
562.7905948094776,323.9178524293727,107.60816955566406,128.50296020507812
571.8207699501938,319.7850205898079,107.60816955566406,128.50296020507812
569.9499148772047,316.298241573414,107.60816955566406,128.50296020507812
569.0493357656294,316.3137445449707,107.60816955566406,128.50296020507812
565.2126659211663,316.4059156601191,107.60816955566406,128.50296020507812
567.3770998172062,318.12220431411856,107.60816955566406,128.50296020507812
571.1132824152863,313.3328000131946,107.60816955566406,128.50296020507812
570.7271338717698,315.35700630234084,107.60816955566406,128.50296020507812
575.9730531693422,316.79635463090864,107.60816955566406,128.50296020507812
582.7225126823153,314.4386950749655,107.60816955566406,128.50296020507812
580.2609314015672,315.09003429804034,107.60816955566406,128.50296020507812
581.2474071007574,317.09335690291675,107.60816955566406,128.50296020507812
581.6181900117277,319.10160516649944,107.60816955566406,128.50296020507812
585.4552151572851,312.17574698860625,107.60816955566406,128.50296020507812
585.5594824761719,317.2054676553289,107.60816955566406,128.50296020507812
585.2001147210897,313.3784994185642,107.60816955566406,128.50296020507812
587.6127915514435,314.3828188683817,107.60816955566406,128.50296020507812
582.5269123102576,314.95350922474637,107.60816955566406,128.50296020507812
582.5426403074953,318.0997265224885,107.60816955566406,128.50296020507812
579.927660954822,318.76978498334137,107.60816955566406,128.50296020507812
582.7195033829017,315.6057908978316,109.98899841308594,131.34608459472656
583.036241739443,312.6930424141948,109.98899841308594,131.34608459472656
591.502492797452,316.728008919161,109.98899841308594,131.34608459472656
585.4662068864849,309.5543701959833,109.98899841308594,131.34608459472656
589.8683858159986,317.41871410212127,109.98899841308594,131.34608459472656
593.0210035330723,313.7614988100916,109.98899841308594,131.34608459472656
590.2492453861225,315.55901961677904,109.98899841308594,131.34608459472656
574.3863018173196,320.5305865964784,109.98899841308594,131.34608459472656
582.0175733159144,320.78429419407775,112.4225082397461,134.2521209716797
576.0815698150018,323.1599119754936,112.4225082397461,134.2521209716797
576.8817077199116,328.91454788562794,112.4225082397461,134.2521209716797
580.4312648308616,323.7383323357386,112.4225082397461,134.2521209716797
576.3360851423578,316.96561701022335,112.4225082397461,134.2521209716797
572.9799721208674,323.1629578681402,112.4225082397461,134.2521209716797
572.1547410775402,325.49879136799495,112.4225082397461,134.2521209716797
572.7437000771346,320.3214788108007,112.4225082397461,134.2521209716797
573.6544793571181,327.702874292343,112.4225082397461,134.2521209716797
571.6267363504361,330.1020495433887,112.4225082397461,134.2521209716797
569.1596336933408,332.30532672298887,112.4225082397461,134.2521209716797
566.947746557496,336.1161951910414,112.4225082397461,134.2521209716797
573.0069102604615,331.91061028382273,112.4225082397461,134.2521209716797
568.0659406403796,331.408136579717,112.4225082397461,134.2521209716797
561.7778056857034,339.3798123092115,112.4225082397461,134.2521209716797
560.1505829313975,344.1453326687215,112.4225082397461,134.2521209716797
562.0222217156188,336.3435175331989,112.4225082397461,134.2521209716797
557.852550992013,340.3350220232136,112.4225082397461,134.2521209716797
552.1532679576983,340.51463738587455,112.4225082397461,134.2521209716797
552.1650522763455,341.37869441974533,112.4225082397461,134.2521209716797
552.6693463668211,340.44306336370795,112.4225082397461,134.2521209716797
552.3645991851985,340.74241845681473,112.4225082397461,134.2521209716797
543.5563042773324,343.226089688536,112.4225082397461,134.2521209716797
546.3415810556735,340.158707062457,112.4225082397461,134.2521209716797
549.1297060381271,338.84076673722694,112.4225082397461,134.2521209716797
562.0007189797205,336.79549458936714,112.4225082397461,134.2521209716797
561.3207563447506,335.36963829457,114.90985870361328,137.22244262695312
564.2570873754191,335.8052223956445,114.90985870361328,137.22244262695312
577.5360546266608,330.69116444393546,114.90985870361328,137.22244262695312
578.4633952046519,333.1610500025131,114.90985870361328,137.22244262695312
579.2011369282709,333.1289970502838,114.90985870361328,137.22244262695312
577.5102904707577,330.19783110337886,114.90985870361328,137.22244262695312
584.1677702981168,334.02586162141785,114.90985870361328,137.22244262695312
581.0842696122961,332.1536313037394,114.90985870361328,137.22244262695312
585.3107810625404,335.0692724437495,114.90985870361328,137.22244262695312
580.8013584274888,333.92537666051686,114.90985870361328,137.22244262695312
582.635883893343,329.2298915088502,114.90985870361328,137.22244262695312
583.3513022142748,332.2310855623265,114.90985870361328,137.22244262695312
583.6912945934885,331.9627777822062,114.90985870361328,137.22244262695312
582.3964800953032,331.90792090365585,114.90985870361328,137.22244262695312
577.0092111190872,324.1456834227576,114.90985870361328,137.22244262695312
574.703620542977,325.1637776753043,114.90985870361328,137.22244262695312
579.0888825908926,312.257394869225,114.90985870361328,137.22244262695312
581.4849162718687,314.39255761073247,114.90985870361328,137.22244262695312
594.4640040081379,309.61612176096787,114.90985870361328,137.22244262695312
590.2274785679572,313.14391638743894,114.90985870361328,137.22244262695312
592.7529833818643,309.4446750786627,114.90985870361328,137.22244262695312
594.375090987228,307.72358153726503,114.90985870361328,137.22244262695312
609.7022564137594,305.0300878997151,114.90985870361328,137.22244262695312
598.0884435980196,311.52433981298935,114.90985870361328,137.22244262695312
599.7999270385576,308.2986406650513,114.90985870361328,137.22244262695312
601.144500279737,308.0139241563235,114.90985870361328,137.22244262695312
599.5780760905794,310.064779523946,114.90985870361328,137.22244262695312
611.1479328347551,313.259310766487,114.90985870361328,137.22244262695312
600.2040148266509,314.9141893669879,114.90985870361328,137.22244262695312
610.0442620001027,319.2134705353262,114.90985870361328,137.22244262695312
594.8532386385318,319.30391040661834,114.90985870361328,137.22244262695312
610.2562894586063,322.70654988312583,114.90985870361328,137.22244262695312
616.6138159099747,319.55494000792015,114.90985870361328,137.22244262695312
610.0076392659716,322.00163530995735,114.90985870361328,137.22244262695312
604.521784350645,329.0683122233231,114.90985870361328,137.22244262695312
613.3266159723374,324.75992776269925,114.90985870361328,137.22244262695312
604.2214815800047,326.3535398381448,114.90985870361328,137.22244262695312
600.8310482257289,324.16048845026774,114.90985870361328,137.22244262695312
613.6641581655219,323.1796016383501,114.90985870361328,137.22244262695312
607.5752175920023,323.80832148793866,114.90985870361328,137.22244262695312
nan,nan,nan,nan
nan,nan,nan,nan
nan,nan,nan,nan
nan,nan,nan,nan
nan,nan,nan,nan
nan,nan,nan,nan
nan,nan,nan,nan
nan,nan,nan,nan
nan,nan,nan,nan
nan,nan,nan,nan
nan,nan,nan,nan
nan,nan,nan,nan
nan,nan,nan,nan
nan,nan,nan,nan
nan,nan,nan,nan
nan,nan,nan,nan
nan,nan,nan,nan
nan,nan,nan,nan
nan,nan,nan,nan
nan,nan,nan,nan
nan,nan,nan,nan
nan,nan,nan,nan
nan,nan,nan,nan
nan,nan,nan,nan
nan,nan,nan,nan
nan,nan,nan,nan
nan,nan,nan,nan
nan,nan,nan,nan
nan,nan,nan,nan
nan,nan,nan,nan
nan,nan,nan,nan
nan,nan,nan,nan
nan,nan,nan,nan
nan,nan,nan,nan
nan,nan,nan,nan
nan,nan,nan,nan
nan,nan,nan,nan
nan,nan,nan,nan
nan,nan,nan,nan
nan,nan,nan,nan
nan,nan,nan,nan
nan,nan,nan,nan
nan,nan,nan,nan
nan,nan,nan,nan
nan,nan,nan,nan
nan,nan,nan,nan
nan,nan,nan,nan
nan,nan,nan,nan
nan,nan,nan,nan
nan,nan,nan,nan
nan,nan,nan,nan
nan,nan,nan,nan
nan,nan,nan,nan
nan,nan,nan,nan
nan,nan,nan,nan
nan,nan,nan,nan
nan,nan,nan,nan
nan,nan,nan,nan
nan,nan,nan,nan
nan,nan,nan,nan
nan,nan,nan,nan
nan,nan,nan,nan
nan,nan,nan,nan
nan,nan,nan,nan
nan,nan,nan,nan
nan,nan,nan,nan
nan,nan,nan,nan
nan,nan,nan,nan
nan,nan,nan,nan
nan,nan,nan,nan
nan,nan,nan,nan
nan,nan,nan,nan
nan,nan,nan,nan
nan,nan,nan,nan
nan,nan,nan,nan
nan,nan,nan,nan
nan,nan,nan,nan
nan,nan,nan,nan
nan,nan,nan,nan
nan,nan,nan,nan
nan,nan,nan,nan
nan,nan,nan,nan
nan,nan,nan,nan
nan,nan,nan,nan
nan,nan,nan,nan
nan,nan,nan,nan
nan,nan,nan,nan
nan,nan,nan,nan
nan,nan,nan,nan
nan,nan,nan,nan
nan,nan,nan,nan
nan,nan,nan,nan
nan,nan,nan,nan
nan,nan,nan,nan
nan,nan,nan,nan
nan,nan,nan,nan
nan,nan,nan,nan
nan,nan,nan,nan
nan,nan,nan,nan
nan,nan,nan,nan
nan,nan,nan,nan
nan,nan,nan,nan
nan,nan,nan,nan
nan,nan,nan,nan
nan,nan,nan,nan
nan,nan,nan,nan
nan,nan,nan,nan
nan,nan,nan,nan
nan,nan,nan,nan
nan,nan,nan,nan
nan,nan,nan,nan
nan,nan,nan,nan
nan,nan,nan,nan
nan,nan,nan,nan
nan,nan,nan,nan
nan,nan,nan,nan
nan,nan,nan,nan
nan,nan,nan,nan
nan,nan,nan,nan
nan,nan,nan,nan
nan,nan,nan,nan
nan,nan,nan,nan
nan,nan,nan,nan
nan,nan,nan,nan
1162.4025361804047,392.241265642482,114.90985870361328,137.22244262695312
1147.0462226431093,386.31241357848455,114.90985870361328,137.22244262695312
1146.700911974571,399.996407262261,112.4593734741211,134.29612731933594
1137.5300522691346,401.564577423933,112.4593734741211,134.29612731933594
1146.4495762481104,400.564478159503,112.4593734741211,134.29612731933594
1142.061197255428,400.2496642624504,112.4593734741211,134.29612731933594
1149.0651002258453,397.1684457489006,112.4593734741211,134.29612731933594
1164.8967050813721,403.66305550137474,112.4593734741211,134.29612731933594
1170.681864919733,210.7964889885584,112.4593734741211,134.29612731933594
1166.2081078506455,377.33298569779913,112.4593734741211,134.29612731933594
1165.9601749538983,373.79238407308213,110.06114196777344,131.43222045898438
1163.826042686403,363.6940182245467,110.06114196777344,131.43222045898438
1172.4653965078123,363.61177659874846,110.06114196777344,131.43222045898438
1177.439679272348,349.18913305282314,110.06114196777344,131.43222045898438
1172.5688181623098,352.52579141883245,110.06114196777344,131.43222045898438
1178.4517148463724,353.8985472283615,110.06114196777344,131.43222045898438
1182.7180794925184,352.68068929388596,110.06114196777344,131.43222045898438
nan,nan,nan,nan
nan,nan,nan,nan
nan,nan,nan,nan
nan,nan,nan,nan
nan,nan,nan,nan
nan,nan,nan,nan
nan,nan,nan,nan
nan,nan,nan,nan
nan,nan,nan,nan
nan,nan,nan,nan
nan,nan,nan,nan
1151.3511368740778,299.4968344040257,110.06114196777344,131.43222045898438
1132.9300272735238,309.85399085948023,110.06114196777344,131.43222045898438
1131.8473047311136,319.0853357830022,110.06114196777344,131.43222045898438
1127.2221589743524,328.82775295813127,110.06114196777344,131.43222045898438
1156.2721899811584,339.37743318305894,110.06114196777344,131.43222045898438
nan,nan,nan,nan
nan,nan,nan,nan
nan,nan,nan,nan
nan,nan,nan,nan
nan,nan,nan,nan
nan,nan,nan,nan
nan,nan,nan,nan
nan,nan,nan,nan
1161.3330653285884,395.0466704080563,110.06114196777344,131.43222045898438
1075.7449555178769,408.44192958023484,110.06114196777344,131.43222045898438
982.9843832991583,428.7701394882855,110.06114196777344,131.43222045898438
935.9764406180202,459.15634308655126,110.06114196777344,131.43222045898438
909.3414855268652,475.88712465650246,110.06114196777344,131.43222045898438
893.2164237041336,482.73026272457173,110.06114196777344,131.43222045898438
917.5935038816434,476.4314662361503,110.06114196777344,131.43222045898438
968.8247977407586,481.3653100745356,110.06114196777344,131.43222045898438
1003.3749719937077,484.85273983020306,110.06114196777344,131.43222045898438
1036.1227775725297,479.04919634813336,110.06114196777344,131.43222045898438
1041.8441868789912,471.43315251720264,110.06114196777344,131.43222045898438
1043.9316081791167,449.146400939105,110.06114196777344,131.43222045898438
1040.9148214115137,434.1106862552559,110.06114196777344,131.43222045898438
1040.177353120102,425.9650376082447,110.06114196777344,131.43222045898438
1032.1561609479404,414.0248948046512,110.06114196777344,131.43222045898438
1010.8016972156538,415.8227742677137,110.06114196777344,131.43222045898438
1002.0448300818312,407.28601306610904,110.06114196777344,131.43222045898438
993.6363015870065,406.7789268369454,110.06114196777344,131.43222045898438
997.9561886956399,396.7519256466952,110.06114196777344,131.43222045898438
1003.3519922680014,386.5490635312611,110.06114196777344,131.43222045898438
1030.2801800216291,390.8451774718174,110.06114196777344,131.43222045898438
1067.7364037739035,371.15301727360816,110.06114196777344,131.43222045898438
1074.8456429754392,360.8562869442819,110.06114196777344,131.43222045898438
1090.584286355472,345.11930162348204,110.06114196777344,131.43222045898438
1093.8311040493209,324.92128197605064,110.06114196777344,131.43222045898438
1125.8923390497375,310.0113804278325,107.71405792236328,128.62939453125
1145.7609063016193,305.6698129464301,107.71405792236328,128.62939453125
1138.8531633129471,302.7114457455311,107.71405792236328,128.62939453125
1141.042951155021,304.9138119041319,107.71405792236328,128.62939453125
1098.2954914387856,311.58617670851197,107.71405792236328,128.62939453125
1051.0896014622401,335.8849400123507,107.71405792236328,128.62939453125
975.5969251148922,401.88545266219296,107.71405792236328,128.62939453125
943.6570194317252,420.1932569776354,107.71405792236328,128.62939453125
933.6708687502052,431.14138840222984,107.71405792236328,128.62939453125
926.1440413274136,423.892259907083,107.71405792236328,128.62939453125
957.5766442258457,431.98600702219005,107.71405792236328,128.62939453125
1039.0861872296211,422.13162950426147,107.71405792236328,128.62939453125
1058.3767460858928,432.01497681925014,107.71405792236328,128.62939453125
1057.1245239327268,425.705039669357,107.71405792236328,128.62939453125
1056.0368936199995,419.26850010566073,107.71405792236328,128.62939453125
1047.2476484471879,425.7307770920589,107.71405792236328,128.62939453125
1044.7270116206182,417.996809929115,107.71405792236328,128.62939453125
1026.9409514100028,417.14515959451876,107.71405792236328,128.62939453125
1029.4901516515372,415.1494018972646,107.71405792236328,128.62939453125
1027.3172416440727,417.49884241523785,107.71405792236328,128.62939453125
1069.9722035890225,417.1051020748434,105.41702270507812,125.88633728027344
1099.2354120999714,415.2578150939709,105.41702270507812,125.88633728027344
1115.8320098103109,408.72240995513204,105.41702270507812,125.88633728027344
1147.7865660509788,405.5651201222518,105.41702270507812,125.88633728027344
1176.2162124537672,400.792295141704,105.41702270507812,125.88633728027344
nan,nan,nan,nan
nan,nan,nan,nan
nan,nan,nan,nan
nan,nan,nan,nan
nan,nan,nan,nan
nan,nan,nan,nan
nan,nan,nan,nan
nan,nan,nan,nan
nan,nan,nan,nan
nan,nan,nan,nan
nan,nan,nan,nan
nan,nan,nan,nan
nan,nan,nan,nan
nan,nan,nan,nan
nan,nan,nan,nan
nan,nan,nan,nan
nan,nan,nan,nan
nan,nan,nan,nan
nan,nan,nan,nan
nan,nan,nan,nan
nan,nan,nan,nan
nan,nan,nan,nan
nan,nan,nan,nan
nan,nan,nan,nan
nan,nan,nan,nan
nan,nan,nan,nan
nan,nan,nan,nan
nan,nan,nan,nan
nan,nan,nan,nan
nan,nan,nan,nan
nan,nan,nan,nan
nan,nan,nan,nan
nan,nan,nan,nan
nan,nan,nan,nan
nan,nan,nan,nan
nan,nan,nan,nan
nan,nan,nan,nan
nan,nan,nan,nan
nan,nan,nan,nan
nan,nan,nan,nan
nan,nan,nan,nan
nan,nan,nan,nan
nan,nan,nan,nan
nan,nan,nan,nan
nan,nan,nan,nan
nan,nan,nan,nan
nan,nan,nan,nan
nan,nan,nan,nan
1169.6555630295504,425.5581467456844,105.41702270507812,125.88633728027344
nan,nan,nan,nan
nan,nan,nan,nan
nan,nan,nan,nan
nan,nan,nan,nan
nan,nan,nan,nan
nan,nan,nan,nan
nan,nan,nan,nan
nan,nan,nan,nan
nan,nan,nan,nan
nan,nan,nan,nan
nan,nan,nan,nan
nan,nan,nan,nan
nan,nan,nan,nan
nan,nan,nan,nan
nan,nan,nan,nan
nan,nan,nan,nan
nan,nan,nan,nan
nan,nan,nan,nan
nan,nan,nan,nan
nan,nan,nan,nan
nan,nan,nan,nan
nan,nan,nan,nan
nan,nan,nan,nan
nan,nan,nan,nan
nan,nan,nan,nan
nan,nan,nan,nan
nan,nan,nan,nan
nan,nan,nan,nan
nan,nan,nan,nan
nan,nan,nan,nan
nan,nan,nan,nan
nan,nan,nan,nan
nan,nan,nan,nan
1132.2889938479182,336.86881026622444,103.16897583007812,123.20177459716797
1028.9454985542566,376.92344899912416,103.16897583007812,123.20177459716797
923.0513447984525,421.9900202145343,103.16897583007812,123.20177459716797
803.4746582830345,476.2663814759229,103.16897583007812,123.20177459716797
718.8196512446452,535.7317870694351,100.96886444091797,120.574462890625
660.3212024783575,562.8577366235985,100.96886444091797,120.574462890625
664.1220744459172,581.186289349038,100.96886444091797,120.574462890625
692.0365918370877,590.9429225213566,100.96886444091797,120.574462890625
761.63208165115,594.4707673536847,100.96886444091797,120.574462890625
858.4669487311523,554.904763494324,100.96886444091797,120.574462890625
968.6946417026018,500.6031454679045,98.815673828125,118.003173828125
1063.8219982844341,425.06017521346496,98.815673828125,118.003173828125
nan,nan,nan,nan
nan,nan,nan,nan
nan,nan,nan,nan
nan,nan,nan,nan
nan,nan,nan,nan
nan,nan,nan,nan
1127.1593036155143,274.03351988112314,98.815673828125,118.003173828125
1099.937227653651,281.5237745569622,98.815673828125,118.003173828125
1097.2316188089094,278.13291724894896,98.815673828125,118.003173828125
nan,nan,nan,nan
nan,nan,nan,nan
nan,nan,nan,nan
nan,nan,nan,nan
nan,nan,nan,nan
nan,nan,nan,nan
nan,nan,nan,nan
nan,nan,nan,nan
nan,nan,nan,nan
nan,nan,nan,nan
nan,nan,nan,nan
nan,nan,nan,nan
nan,nan,nan,nan
nan,nan,nan,nan
nan,nan,nan,nan
nan,nan,nan,nan
nan,nan,nan,nan
nan,nan,nan,nan
663.7046969385138,252.99045586571265,98.815673828125,118.003173828125
667.8366040319224,284.73233918356254,98.815673828125,118.003173828125
666.1458342159699,319.1662833541667,98.815673828125,118.003173828125
671.6603560302844,340.55105173342054,98.815673828125,118.003173828125
678.6473427664594,349.1746361553342,98.815673828125,118.003173828125
681.8468623282672,359.77575593310326,98.815673828125,118.003173828125
685.8081371025742,362.12288785227634,98.815673828125,118.003173828125
693.4621315097179,353.09840508730696,98.815673828125,118.003173828125
695.3776334181747,320.4968565792009,98.815673828125,118.003173828125
698.2059450397463,305.7204777457919,98.815673828125,118.003173828125
704.756607745443,300.34075180895536,98.815673828125,118.003173828125
709.2404215199647,299.44890263816427,98.815673828125,118.003173828125
nan,nan,nan,nan
709.7888488865183,295.15743719880936,98.815673828125,118.003173828125
719.6265780497166,308.25897893308587,98.815673828125,118.003173828125
718.0327144290118,309.96248148524694,98.815673828125,118.003173828125
725.5089341362532,312.643016995096,98.815673828125,118.003173828125
726.9230333345872,309.9469720560118,98.815673828125,118.003173828125
711.604068802927,313.4404901372993,98.815673828125,118.003173828125
706.1112117637435,315.8468222838568,98.815673828125,118.003173828125
702.5847424178415,320.0634511771572,98.815673828125,118.003173828125
707.5477889378377,318.3083486955542,98.815673828125,118.003173828125
711.6891890637484,330.36741370261177,98.815673828125,118.003173828125
715.0195734115475,326.6435563191273,98.815673828125,118.003173828125
717.1915196426811,328.2219485117801,98.815673828125,118.003173828125
718.1729847701185,328.16052686394437,98.815673828125,118.003173828125
727.9496307803561,330.9739716479046,98.815673828125,118.003173828125
732.3261769820512,329.3670256227066,98.815673828125,118.003173828125
745.7059486586804,331.44377184355585,98.815673828125,118.003173828125
744.6780330957725,341.6151840852257,98.815673828125,118.003173828125
750.663967081862,348.4797119263602,98.815673828125,118.003173828125
744.2046261354133,357.81193807919715,98.815673828125,118.003173828125
728.8980509728704,369.64680666203355,98.815673828125,118.003173828125
723.335054926056,367.72069883550284,98.815673828125,118.003173828125
706.5820579682513,372.0605961385614,98.815673828125,118.003173828125
689.1251736213902,366.67979975495996,98.815673828125,118.003173828125
679.9253175079955,366.444525623059,98.815673828125,118.003173828125
666.4173050530691,369.4457118875059,98.815673828125,118.003173828125
662.7824781500835,351.2407008959999,98.815673828125,118.003173828125
649.7494217559424,335.8912780422389,96.70840454101562,115.48672485351562
651.5203481780445,326.60668043971725,96.70840454101562,115.48672485351562
656.8050378708343,313.16957500201767,96.70840454101562,115.48672485351562
652.8162704023887,313.45546528718535,96.70840454101562,115.48672485351562
647.8224805151413,314.39676671059794,96.70840454101562,115.48672485351562
652.8429799045643,315.12378265569134,96.70840454101562,115.48672485351562
651.0863502758928,314.6221552463053,96.70840454101562,115.48672485351562
646.5223528289836,311.71035262397874,96.70840454101562,115.48672485351562
643.0406330629145,312.8643162451738,96.70840454101562,115.48672485351562
639.1006416860382,314.0590354161556,96.70840454101562,115.48672485351562
638.0817910485147,314.4122549466496,96.70840454101562,115.48672485351562
636.1578532863795,317.9030402848806,96.70840454101562,115.48672485351562
637.879243650615,317.9633434715695,96.70840454101562,115.48672485351562
639.8060865043212,320.6818241303842,96.70840454101562,115.48672485351562
636.6182767262411,325.0568648724804,96.70840454101562,115.48672485351562
636.9572853625288,326.72208510833025,96.70840454101562,115.48672485351562
639.2784690150695,326.64927075302114,96.70840454101562,115.48672485351562
634.0116887185616,328.42117615189574,96.70840454101562,115.48672485351562
634.0411834258924,332.04719327205225,96.70840454101562,115.48672485351562
633.7519947070032,336.5086319384917,96.70840454101562,115.48672485351562
637.8118454627001,342.1797676969991,94.64607238769531,113.02393341064453
635.3285008743345,346.3946339810584,92.62771606445312,110.61366271972656
639.6715916630045,346.54480398518257,92.62771606445312,110.61366271972656
642.7993023359254,350.4003099393916,90.65240478515625,108.25479125976562
nan,nan,nan,nan
nan,nan,nan,nan
nan,nan,nan,nan
nan,nan,nan,nan
nan,nan,nan,nan
nan,nan,nan,nan
nan,nan,nan,nan
717.3693885927452,360.3802097536048,92.65808868408203,110.64993286132812
721.8948736174452,363.7241250881402,92.65808868408203,110.64993286132812
713.1031139091581,359.66015427874527,94.7081527709961,113.09806060791016
721.0065365629348,352.37631563648483,96.80357360839844,115.60035705566406
714.724973937828,345.9249627068035,96.80357360839844,115.60035705566406
725.9754524579793,346.8536811610935,96.80357360839844,115.60035705566406
711.5636035482419,336.3716491929355,96.80357360839844,115.60035705566406
701.3228560713317,339.8142322303013,96.80357360839844,115.60035705566406
694.7463924371305,343.45603825555537,96.80357360839844,115.60035705566406
670.309767233397,347.68405636745206,96.80357360839844,115.60035705566406
645.2930529370918,344.01957986373304,96.80357360839844,115.60035705566406
638.1302481592897,344.440301893121,96.80357360839844,115.60035705566406
635.5979051434598,347.25141346385857,96.80357360839844,115.60035705566406
631.257250020487,353.6902372115369,96.80357360839844,115.60035705566406
633.0959132540893,345.14272809938285,96.80357360839844,115.60035705566406
626.4325019365207,352.1902961504882,96.80357360839844,115.60035705566406
626.1462869923969,355.0850396531666,96.80357360839844,115.60035705566406
631.3142555041644,347.3206877065089,96.80357360839844,115.60035705566406
nan,nan,nan,nan
672.9958575929618,339.2687260492204,96.80357360839844,115.60035705566406
nan,nan,nan,nan
nan,nan,nan,nan
nan,nan,nan,nan
683.1567248504799,325.00656417806385,96.80357360839844,115.60035705566406
691.9428805511275,322.3873255987504,96.80357360839844,115.60035705566406
692.5162241641726,320.68193769611605,96.80357360839844,115.60035705566406
682.6843234949804,320.662236638461,96.80357360839844,115.60035705566406
678.6201901789041,318.62591819895846,96.80357360839844,115.60035705566406
543.9301050558361,346.96161104228815,94.73921203613281,113.13514709472656
658.1734086003162,323.2192764484729,94.73921203613281,113.13514709472656
659.4291612629194,327.40963528902677,94.73921203613281,113.13514709472656
656.6530834171369,324.2849817018519,94.73921203613281,113.13514709472656
654.7591072357701,328.7080967189434,94.73921203613281,113.13514709472656
656.2151341762341,330.02056479090425,94.73921203613281,113.13514709472656
653.8583063860732,326.8913988378271,94.73921203613281,113.13514709472656
654.0293783568536,327.8512151319269,94.73921203613281,113.13514709472656
654.306806539008,332.87796056636165,92.7188720703125,110.72250366210938
nan,nan,nan,nan
652.1596669437519,338.7125264348224,92.7188720703125,110.72250366210938
656.2371965658663,336.12923261952284,92.7188720703125,110.72250366210938
638.1536721869403,335.7257811773299,92.7188720703125,110.72250366210938
638.8720957042818,338.1630138258038,92.7188720703125,110.72250366210938
625.8977855733242,334.7461538014147,92.7188720703125,110.72250366210938
618.4541051322334,338.32809796451556,92.7188720703125,110.72250366210938
334.79263717085064,370.0674137971177,92.7188720703125,110.72250366210938
613.0707473401235,336.2219954615301,92.7188720703125,110.72250366210938
611.4099782418311,339.128207818877,92.7188720703125,110.72250366210938
612.2869025198388,344.2721180656067,92.7188720703125,110.72250366210938
608.844366624893,338.83492207163295,92.7188720703125,110.72250366210938
610.3207726340233,345.99055690496516,92.7188720703125,110.72250366210938
600.9770344717577,346.54938590819506,90.74161529541016,108.36131286621094
605.5963347367558,349.86959279329403,90.74161529541016,108.36131286621094
603.3873844571713,348.43064591632856,90.74161529541016,108.36131286621094
596.8897152769781,355.3593051037341,90.74161529541016,108.36131286621094
598.5464309785232,346.68024887520704,90.74161529541016,108.36131286621094
594.7216109433624,355.1125266026617,90.74161529541016,108.36131286621094
587.2550000930659,351.87010108498646,90.74161529541016,108.36131286621094
592.1774412857832,353.2090953712841,90.74161529541016,108.36131286621094
591.9328269911897,354.0569756888497,90.74161529541016,108.36131286621094
585.9371284214665,354.6379669919217,90.74161529541016,108.36131286621094
586.9215214048887,361.14014461661253,90.74161529541016,108.36131286621094
581.7245732574313,356.5105046773682,90.74161529541016,108.36131286621094
585.1941461991067,362.19037762684707,90.74161529541016,108.36131286621094
586.8064191944638,355.38301609444255,90.74161529541016,108.36131286621094
580.0360872117448,359.18183476995733,90.74161529541016,108.36131286621094
579.1603131704104,355.12026639956207,90.74161529541016,108.36131286621094
573.9334960380968,356.9021618559807,90.74161529541016,108.36131286621094
582.00606014601,355.4603518855,90.74161529541016,108.36131286621094
584.8657772306766,355.16413415908454,90.74161529541016,108.36131286621094
581.9171615214473,350.3542183866621,90.74161529541016,108.36131286621094
569.9119235827806,356.28778211326227,90.74161529541016,108.36131286621094
572.9495798613788,357.13544778736394,90.74161529541016,108.36131286621094
580.9148793417799,355.22517768356033,90.74161529541016,108.36131286621094
576.3508323273047,354.59606948494127,90.74161529541016,108.36131286621094
571.0935863219818,354.30869448739946,90.74161529541016,108.36131286621094
574.6171728170034,355.13890186587304,90.74161529541016,108.36131286621094
571.0676768827562,350.05448692642824,90.74161529541016,108.36131286621094
575.7105537007068,355.6420485158148,90.74161529541016,108.36131286621094
575.4375712464804,353.0485393573091,90.74161529541016,108.36131286621094
574.0254508713367,356.24474056620846,90.74161529541016,108.36131286621094
577.4598952086412,351.0909307201526,90.74161529541016,108.36131286621094
596.6676031690495,354.4053528822018,90.74161529541016,108.36131286621094
603.0520658062109,352.58730993263833,90.74161529541016,108.36131286621094
611.0014372922552,355.42007862869065,90.74161529541016,108.36131286621094
611.3459510647,358.592994297326,90.74161529541016,108.36131286621094
608.2976850544718,357.25615647528554,90.74161529541016,108.36131286621094
610.636957782132,356.158439369014,90.74161529541016,108.36131286621094
608.5219447008703,351.74181814655356,90.74161529541016,108.36131286621094
nan,nan,nan,nan
nan,nan,nan,nan
nan,nan,nan,nan
nan,nan,nan,nan
nan,nan,nan,nan
583.5349622111833,347.6647924705199,90.74161529541016,108.36131286621094
nan,nan,nan,nan
583.7638650080443,349.9332621181209,90.74161529541016,108.36131286621094
598.7984167083456,349.37092391324927,90.74161529541016,108.36131286621094
614.6293751705217,358.6835981997713,90.74161529541016,108.36131286621094
614.7279513925171,357.03982637319183,90.74161529541016,108.36131286621094
619.9494087371131,352.82174032187663,90.74161529541016,108.36131286621094
614.1150572774501,349.2460419038439,90.74161529541016,108.36131286621094
616.6486283926092,352.9474090611816,90.74161529541016,108.36131286621094
nan,nan,nan,nan
617.4741466777195,351.72009889358327,90.74161529541016,108.36131286621094
627.9131858146462,354.3459718567752,90.74161529541016,108.36131286621094
nan,nan,nan,nan
nan,nan,nan,nan
nan,nan,nan,nan
nan,nan,nan,nan
665.3643403687736,363.181881188007,90.74161529541016,108.36131286621094
678.9860045367321,359.0253632278734,90.74161529541016,108.36131286621094
nan,nan,nan,nan
nan,nan,nan,nan
nan,nan,nan,nan
nan,nan,nan,nan
nan,nan,nan,nan
nan,nan,nan,nan
nan,nan,nan,nan
nan,nan,nan,nan
nan,nan,nan,nan
nan,nan,nan,nan
nan,nan,nan,nan
nan,nan,nan,nan
nan,nan,nan,nan
nan,nan,nan,nan
nan,nan,nan,nan
nan,nan,nan,nan
nan,nan,nan,nan
nan,nan,nan,nan
nan,nan,nan,nan
nan,nan,nan,nan
nan,nan,nan,nan
nan,nan,nan,nan
nan,nan,nan,nan
nan,nan,nan,nan
nan,nan,nan,nan
nan,nan,nan,nan
nan,nan,nan,nan
nan,nan,nan,nan
nan,nan,nan,nan
nan,nan,nan,nan
nan,nan,nan,nan
nan,nan,nan,nan
nan,nan,nan,nan
nan,nan,nan,nan
nan,nan,nan,nan
nan,nan,nan,nan
nan,nan,nan,nan
nan,nan,nan,nan
nan,nan,nan,nan
nan,nan,nan,nan
nan,nan,nan,nan
nan,nan,nan,nan
nan,nan,nan,nan
nan,nan,nan,nan
nan,nan,nan,nan
nan,nan,nan,nan
nan,nan,nan,nan
nan,nan,nan,nan
nan,nan,nan,nan
nan,nan,nan,nan
nan,nan,nan,nan
nan,nan,nan,nan
nan,nan,nan,nan
nan,nan,nan,nan
nan,nan,nan,nan
nan,nan,nan,nan
nan,nan,nan,nan
nan,nan,nan,nan
nan,nan,nan,nan
nan,nan,nan,nan
nan,nan,nan,nan
nan,nan,nan,nan
nan,nan,nan,nan
565.4088642794798,376.86985143829816,90.74161529541016,108.36131286621094
nan,nan,nan,nan
nan,nan,nan,nan
nan,nan,nan,nan
nan,nan,nan,nan
590.9679049730788,365.82631149732293,90.74161529541016,108.36131286621094
599.782876169378,364.83692770444617,90.74161529541016,108.36131286621094
632.5628001667052,363.86188761581553,90.74161529541016,108.36131286621094
nan,nan,nan,nan
nan,nan,nan,nan
nan,nan,nan,nan
nan,nan,nan,nan
nan,nan,nan,nan
nan,nan,nan,nan
nan,nan,nan,nan
nan,nan,nan,nan
nan,nan,nan,nan
nan,nan,nan,nan
705.2101463885124,371.93619269726196,90.74161529541016,108.36131286621094
nan,nan,nan,nan
nan,nan,nan,nan
nan,nan,nan,nan
nan,nan,nan,nan
nan,nan,nan,nan
nan,nan,nan,nan
nan,nan,nan,nan
nan,nan,nan,nan
nan,nan,nan,nan
nan,nan,nan,nan
nan,nan,nan,nan
nan,nan,nan,nan
nan,nan,nan,nan
nan,nan,nan,nan
nan,nan,nan,nan
nan,nan,nan,nan
nan,nan,nan,nan
nan,nan,nan,nan
nan,nan,nan,nan
nan,nan,nan,nan
nan,nan,nan,nan
nan,nan,nan,nan
nan,nan,nan,nan
nan,nan,nan,nan
nan,nan,nan,nan
nan,nan,nan,nan
nan,nan,nan,nan
nan,nan,nan,nan
nan,nan,nan,nan
nan,nan,nan,nan
nan,nan,nan,nan
nan,nan,nan,nan
nan,nan,nan,nan
nan,nan,nan,nan
nan,nan,nan,nan
nan,nan,nan,nan
nan,nan,nan,nan
nan,nan,nan,nan
nan,nan,nan,nan
nan,nan,nan,nan
nan,nan,nan,nan
nan,nan,nan,nan
nan,nan,nan,nan
nan,nan,nan,nan
nan,nan,nan,nan
nan,nan,nan,nan
nan,nan,nan,nan
nan,nan,nan,nan
nan,nan,nan,nan
nan,nan,nan,nan
nan,nan,nan,nan
nan,nan,nan,nan
nan,nan,nan,nan
nan,nan,nan,nan
nan,nan,nan,nan
nan,nan,nan,nan
nan,nan,nan,nan
nan,nan,nan,nan
nan,nan,nan,nan
nan,nan,nan,nan
nan,nan,nan,nan
nan,nan,nan,nan
nan,nan,nan,nan
nan,nan,nan,nan
nan,nan,nan,nan
nan,nan,nan,nan
nan,nan,nan,nan
nan,nan,nan,nan
nan,nan,nan,nan
nan,nan,nan,nan
nan,nan,nan,nan
nan,nan,nan,nan
nan,nan,nan,nan
nan,nan,nan,nan
nan,nan,nan,nan
nan,nan,nan,nan
nan,nan,nan,nan
nan,nan,nan,nan
nan,nan,nan,nan
nan,nan,nan,nan
nan,nan,nan,nan
nan,nan,nan,nan
nan,nan,nan,nan
nan,nan,nan,nan
nan,nan,nan,nan
nan,nan,nan,nan
nan,nan,nan,nan
nan,nan,nan,nan
nan,nan,nan,nan
nan,nan,nan,nan
nan,nan,nan,nan
nan,nan,nan,nan
nan,nan,nan,nan
nan,nan,nan,nan
nan,nan,nan,nan
nan,nan,nan,nan
nan,nan,nan,nan
nan,nan,nan,nan
nan,nan,nan,nan
nan,nan,nan,nan
nan,nan,nan,nan
nan,nan,nan,nan
nan,nan,nan,nan
nan,nan,nan,nan
nan,nan,nan,nan
nan,nan,nan,nan
nan,nan,nan,nan
nan,nan,nan,nan
nan,nan,nan,nan
nan,nan,nan,nan
nan,nan,nan,nan
nan,nan,nan,nan
nan,nan,nan,nan
nan,nan,nan,nan
nan,nan,nan,nan
nan,nan,nan,nan
nan,nan,nan,nan
nan,nan,nan,nan
nan,nan,nan,nan
nan,nan,nan,nan
nan,nan,nan,nan
nan,nan,nan,nan
nan,nan,nan,nan
nan,nan,nan,nan
nan,nan,nan,nan
nan,nan,nan,nan
nan,nan,nan,nan
nan,nan,nan,nan
nan,nan,nan,nan
nan,nan,nan,nan
nan,nan,nan,nan
nan,nan,nan,nan
nan,nan,nan,nan
nan,nan,nan,nan
nan,nan,nan,nan
nan,nan,nan,nan
nan,nan,nan,nan
nan,nan,nan,nan
nan,nan,nan,nan
nan,nan,nan,nan
nan,nan,nan,nan
nan,nan,nan,nan
nan,nan,nan,nan
nan,nan,nan,nan
nan,nan,nan,nan
nan,nan,nan,nan
nan,nan,nan,nan
nan,nan,nan,nan
nan,nan,nan,nan
nan,nan,nan,nan
nan,nan,nan,nan
nan,nan,nan,nan
nan,nan,nan,nan
nan,nan,nan,nan
nan,nan,nan,nan
nan,nan,nan,nan
nan,nan,nan,nan
nan,nan,nan,nan
nan,nan,nan,nan
nan,nan,nan,nan
nan,nan,nan,nan
nan,nan,nan,nan
nan,nan,nan,nan
nan,nan,nan,nan
nan,nan,nan,nan
nan,nan,nan,nan
nan,nan,nan,nan
nan,nan,nan,nan
nan,nan,nan,nan
nan,nan,nan,nan
nan,nan,nan,nan
nan,nan,nan,nan
nan,nan,nan,nan
nan,nan,nan,nan
nan,nan,nan,nan
nan,nan,nan,nan
nan,nan,nan,nan
nan,nan,nan,nan
nan,nan,nan,nan
nan,nan,nan,nan
nan,nan,nan,nan
nan,nan,nan,nan
nan,nan,nan,nan
nan,nan,nan,nan
nan,nan,nan,nan
nan,nan,nan,nan
nan,nan,nan,nan
nan,nan,nan,nan
nan,nan,nan,nan
nan,nan,nan,nan
nan,nan,nan,nan
nan,nan,nan,nan
nan,nan,nan,nan
nan,nan,nan,nan
nan,nan,nan,nan
nan,nan,nan,nan
nan,nan,nan,nan
nan,nan,nan,nan
nan,nan,nan,nan
nan,nan,nan,nan
nan,nan,nan,nan
nan,nan,nan,nan
nan,nan,nan,nan
nan,nan,nan,nan
nan,nan,nan,nan
nan,nan,nan,nan
nan,nan,nan,nan
nan,nan,nan,nan
nan,nan,nan,nan
nan,nan,nan,nan
nan,nan,nan,nan
nan,nan,nan,nan
nan,nan,nan,nan
nan,nan,nan,nan
nan,nan,nan,nan
nan,nan,nan,nan
nan,nan,nan,nan
nan,nan,nan,nan
nan,nan,nan,nan
nan,nan,nan,nan
nan,nan,nan,nan
nan,nan,nan,nan
nan,nan,nan,nan
nan,nan,nan,nan
nan,nan,nan,nan
nan,nan,nan,nan
nan,nan,nan,nan
nan,nan,nan,nan
nan,nan,nan,nan
nan,nan,nan,nan
nan,nan,nan,nan
nan,nan,nan,nan
nan,nan,nan,nan
nan,nan,nan,nan
nan,nan,nan,nan
nan,nan,nan,nan
nan,nan,nan,nan
nan,nan,nan,nan
nan,nan,nan,nan
nan,nan,nan,nan
nan,nan,nan,nan
nan,nan,nan,nan
nan,nan,nan,nan
nan,nan,nan,nan
nan,nan,nan,nan
nan,nan,nan,nan
nan,nan,nan,nan
nan,nan,nan,nan
nan,nan,nan,nan
nan,nan,nan,nan
nan,nan,nan,nan
nan,nan,nan,nan
nan,nan,nan,nan
nan,nan,nan,nan
nan,nan,nan,nan
nan,nan,nan,nan
nan,nan,nan,nan
nan,nan,nan,nan
nan,nan,nan,nan
nan,nan,nan,nan
nan,nan,nan,nan
nan,nan,nan,nan
nan,nan,nan,nan
nan,nan,nan,nan
nan,nan,nan,nan
nan,nan,nan,nan
nan,nan,nan,nan
nan,nan,nan,nan
nan,nan,nan,nan
nan,nan,nan,nan
nan,nan,nan,nan
nan,nan,nan,nan
nan,nan,nan,nan
nan,nan,nan,nan
nan,nan,nan,nan
nan,nan,nan,nan
nan,nan,nan,nan
nan,nan,nan,nan
nan,nan,nan,nan
nan,nan,nan,nan
nan,nan,nan,nan
nan,nan,nan,nan
nan,nan,nan,nan
nan,nan,nan,nan
nan,nan,nan,nan
nan,nan,nan,nan
nan,nan,nan,nan
nan,nan,nan,nan
nan,nan,nan,nan
nan,nan,nan,nan
nan,nan,nan,nan
nan,nan,nan,nan
nan,nan,nan,nan
nan,nan,nan,nan
nan,nan,nan,nan
nan,nan,nan,nan
nan,nan,nan,nan
nan,nan,nan,nan
nan,nan,nan,nan
nan,nan,nan,nan
nan,nan,nan,nan
nan,nan,nan,nan
nan,nan,nan,nan
nan,nan,nan,nan
nan,nan,nan,nan
nan,nan,nan,nan
nan,nan,nan,nan
nan,nan,nan,nan
nan,nan,nan,nan
nan,nan,nan,nan
nan,nan,nan,nan
nan,nan,nan,nan
nan,nan,nan,nan
nan,nan,nan,nan
nan,nan,nan,nan
nan,nan,nan,nan
nan,nan,nan,nan
nan,nan,nan,nan
nan,nan,nan,nan
nan,nan,nan,nan
nan,nan,nan,nan
nan,nan,nan,nan
nan,nan,nan,nan
nan,nan,nan,nan
nan,nan,nan,nan
nan,nan,nan,nan
nan,nan,nan,nan
nan,nan,nan,nan
nan,nan,nan,nan
nan,nan,nan,nan
nan,nan,nan,nan
nan,nan,nan,nan
nan,nan,nan,nan
nan,nan,nan,nan
nan,nan,nan,nan
nan,nan,nan,nan
nan,nan,nan,nan
nan,nan,nan,nan
nan,nan,nan,nan
nan,nan,nan,nan
nan,nan,nan,nan
nan,nan,nan,nan
nan,nan,nan,nan
nan,nan,nan,nan
nan,nan,nan,nan
nan,nan,nan,nan
nan,nan,nan,nan
nan,nan,nan,nan
nan,nan,nan,nan
nan,nan,nan,nan
nan,nan,nan,nan
nan,nan,nan,nan
nan,nan,nan,nan
nan,nan,nan,nan
nan,nan,nan,nan
nan,nan,nan,nan
nan,nan,nan,nan
nan,nan,nan,nan
nan,nan,nan,nan
nan,nan,nan,nan
nan,nan,nan,nan
nan,nan,nan,nan
nan,nan,nan,nan
nan,nan,nan,nan
nan,nan,nan,nan
nan,nan,nan,nan
nan,nan,nan,nan
nan,nan,nan,nan
nan,nan,nan,nan
nan,nan,nan,nan
nan,nan,nan,nan
nan,nan,nan,nan
nan,nan,nan,nan
nan,nan,nan,nan
nan,nan,nan,nan
nan,nan,nan,nan
nan,nan,nan,nan
nan,nan,nan,nan
nan,nan,nan,nan
nan,nan,nan,nan
nan,nan,nan,nan
nan,nan,nan,nan
nan,nan,nan,nan
nan,nan,nan,nan
nan,nan,nan,nan
nan,nan,nan,nan
nan,nan,nan,nan
nan,nan,nan,nan
nan,nan,nan,nan
nan,nan,nan,nan
nan,nan,nan,nan
nan,nan,nan,nan
nan,nan,nan,nan
nan,nan,nan,nan
nan,nan,nan,nan
nan,nan,nan,nan
nan,nan,nan,nan
nan,nan,nan,nan
nan,nan,nan,nan
nan,nan,nan,nan
nan,nan,nan,nan
nan,nan,nan,nan
nan,nan,nan,nan
nan,nan,nan,nan
nan,nan,nan,nan
nan,nan,nan,nan
nan,nan,nan,nan
nan,nan,nan,nan
nan,nan,nan,nan
nan,nan,nan,nan
nan,nan,nan,nan
nan,nan,nan,nan
nan,nan,nan,nan
nan,nan,nan,nan
nan,nan,nan,nan
nan,nan,nan,nan
nan,nan,nan,nan
nan,nan,nan,nan
nan,nan,nan,nan
nan,nan,nan,nan
nan,nan,nan,nan
nan,nan,nan,nan
nan,nan,nan,nan
nan,nan,nan,nan
nan,nan,nan,nan
nan,nan,nan,nan
nan,nan,nan,nan
nan,nan,nan,nan
nan,nan,nan,nan
nan,nan,nan,nan
nan,nan,nan,nan
nan,nan,nan,nan
nan,nan,nan,nan
nan,nan,nan,nan
nan,nan,nan,nan
nan,nan,nan,nan
nan,nan,nan,nan
nan,nan,nan,nan
nan,nan,nan,nan
nan,nan,nan,nan
nan,nan,nan,nan
nan,nan,nan,nan
nan,nan,nan,nan
nan,nan,nan,nan
nan,nan,nan,nan
nan,nan,nan,nan
nan,nan,nan,nan
nan,nan,nan,nan
nan,nan,nan,nan
nan,nan,nan,nan
nan,nan,nan,nan
nan,nan,nan,nan
nan,nan,nan,nan
nan,nan,nan,nan
nan,nan,nan,nan
nan,nan,nan,nan
nan,nan,nan,nan
nan,nan,nan,nan
nan,nan,nan,nan
nan,nan,nan,nan
nan,nan,nan,nan
nan,nan,nan,nan
nan,nan,nan,nan
nan,nan,nan,nan
nan,nan,nan,nan
nan,nan,nan,nan
nan,nan,nan,nan
nan,nan,nan,nan
nan,nan,nan,nan
nan,nan,nan,nan
nan,nan,nan,nan
nan,nan,nan,nan
nan,nan,nan,nan
nan,nan,nan,nan
nan,nan,nan,nan
nan,nan,nan,nan
nan,nan,nan,nan
nan,nan,nan,nan
nan,nan,nan,nan
nan,nan,nan,nan
nan,nan,nan,nan
nan,nan,nan,nan
nan,nan,nan,nan
nan,nan,nan,nan
nan,nan,nan,nan
nan,nan,nan,nan
nan,nan,nan,nan
nan,nan,nan,nan
nan,nan,nan,nan
nan,nan,nan,nan
nan,nan,nan,nan
nan,nan,nan,nan
nan,nan,nan,nan
nan,nan,nan,nan
nan,nan,nan,nan
nan,nan,nan,nan
nan,nan,nan,nan
nan,nan,nan,nan
nan,nan,nan,nan
nan,nan,nan,nan
nan,nan,nan,nan
nan,nan,nan,nan
nan,nan,nan,nan
nan,nan,nan,nan
nan,nan,nan,nan
nan,nan,nan,nan
nan,nan,nan,nan
nan,nan,nan,nan
nan,nan,nan,nan
nan,nan,nan,nan
nan,nan,nan,nan
nan,nan,nan,nan
nan,nan,nan,nan
nan,nan,nan,nan
nan,nan,nan,nan
nan,nan,nan,nan
nan,nan,nan,nan
nan,nan,nan,nan
nan,nan,nan,nan
nan,nan,nan,nan
nan,nan,nan,nan
nan,nan,nan,nan
nan,nan,nan,nan
nan,nan,nan,nan
nan,nan,nan,nan
nan,nan,nan,nan
nan,nan,nan,nan
nan,nan,nan,nan
nan,nan,nan,nan
nan,nan,nan,nan
nan,nan,nan,nan
nan,nan,nan,nan
nan,nan,nan,nan
nan,nan,nan,nan
nan,nan,nan,nan
nan,nan,nan,nan
nan,nan,nan,nan
nan,nan,nan,nan
nan,nan,nan,nan
nan,nan,nan,nan
nan,nan,nan,nan
nan,nan,nan,nan
nan,nan,nan,nan
nan,nan,nan,nan
nan,nan,nan,nan
nan,nan,nan,nan
nan,nan,nan,nan
nan,nan,nan,nan
nan,nan,nan,nan
nan,nan,nan,nan
nan,nan,nan,nan
nan,nan,nan,nan
nan,nan,nan,nan
nan,nan,nan,nan
nan,nan,nan,nan
nan,nan,nan,nan
nan,nan,nan,nan
nan,nan,nan,nan
nan,nan,nan,nan
nan,nan,nan,nan
nan,nan,nan,nan
nan,nan,nan,nan
nan,nan,nan,nan
nan,nan,nan,nan
nan,nan,nan,nan
nan,nan,nan,nan
nan,nan,nan,nan
nan,nan,nan,nan
nan,nan,nan,nan
nan,nan,nan,nan
nan,nan,nan,nan
nan,nan,nan,nan
nan,nan,nan,nan
nan,nan,nan,nan
nan,nan,nan,nan
nan,nan,nan,nan
nan,nan,nan,nan
nan,nan,nan,nan
nan,nan,nan,nan
nan,nan,nan,nan
nan,nan,nan,nan
nan,nan,nan,nan
nan,nan,nan,nan
nan,nan,nan,nan
nan,nan,nan,nan
nan,nan,nan,nan
nan,nan,nan,nan
nan,nan,nan,nan
nan,nan,nan,nan
nan,nan,nan,nan
nan,nan,nan,nan
nan,nan,nan,nan
nan,nan,nan,nan
nan,nan,nan,nan
nan,nan,nan,nan
nan,nan,nan,nan
nan,nan,nan,nan
nan,nan,nan,nan
nan,nan,nan,nan
nan,nan,nan,nan
nan,nan,nan,nan
nan,nan,nan,nan
nan,nan,nan,nan
nan,nan,nan,nan
nan,nan,nan,nan
nan,nan,nan,nan
nan,nan,nan,nan
nan,nan,nan,nan
nan,nan,nan,nan
nan,nan,nan,nan
nan,nan,nan,nan
nan,nan,nan,nan
nan,nan,nan,nan
nan,nan,nan,nan
nan,nan,nan,nan
nan,nan,nan,nan
nan,nan,nan,nan
nan,nan,nan,nan
nan,nan,nan,nan
nan,nan,nan,nan
nan,nan,nan,nan
nan,nan,nan,nan
nan,nan,nan,nan
nan,nan,nan,nan
nan,nan,nan,nan
nan,nan,nan,nan
nan,nan,nan,nan
nan,nan,nan,nan
nan,nan,nan,nan
nan,nan,nan,nan
nan,nan,nan,nan
nan,nan,nan,nan
nan,nan,nan,nan
nan,nan,nan,nan
nan,nan,nan,nan
nan,nan,nan,nan
nan,nan,nan,nan
nan,nan,nan,nan
nan,nan,nan,nan
nan,nan,nan,nan
nan,nan,nan,nan
nan,nan,nan,nan
nan,nan,nan,nan
nan,nan,nan,nan
nan,nan,nan,nan
nan,nan,nan,nan
nan,nan,nan,nan
nan,nan,nan,nan
nan,nan,nan,nan
nan,nan,nan,nan
nan,nan,nan,nan
nan,nan,nan,nan
nan,nan,nan,nan
nan,nan,nan,nan
nan,nan,nan,nan
nan,nan,nan,nan
nan,nan,nan,nan
nan,nan,nan,nan
nan,nan,nan,nan
nan,nan,nan,nan
nan,nan,nan,nan
nan,nan,nan,nan
nan,nan,nan,nan
nan,nan,nan,nan
nan,nan,nan,nan
nan,nan,nan,nan
nan,nan,nan,nan
nan,nan,nan,nan
nan,nan,nan,nan
nan,nan,nan,nan
nan,nan,nan,nan
nan,nan,nan,nan
nan,nan,nan,nan
nan,nan,nan,nan
nan,nan,nan,nan
nan,nan,nan,nan
nan,nan,nan,nan
nan,nan,nan,nan
nan,nan,nan,nan
nan,nan,nan,nan
nan,nan,nan,nan
nan,nan,nan,nan
nan,nan,nan,nan
nan,nan,nan,nan
nan,nan,nan,nan
nan,nan,nan,nan
nan,nan,nan,nan
nan,nan,nan,nan
nan,nan,nan,nan
nan,nan,nan,nan
nan,nan,nan,nan
nan,nan,nan,nan
nan,nan,nan,nan
nan,nan,nan,nan
nan,nan,nan,nan
nan,nan,nan,nan
nan,nan,nan,nan
nan,nan,nan,nan
nan,nan,nan,nan
nan,nan,nan,nan
nan,nan,nan,nan
nan,nan,nan,nan
nan,nan,nan,nan
nan,nan,nan,nan
nan,nan,nan,nan
nan,nan,nan,nan
nan,nan,nan,nan
nan,nan,nan,nan
nan,nan,nan,nan
nan,nan,nan,nan
nan,nan,nan,nan
nan,nan,nan,nan
nan,nan,nan,nan
nan,nan,nan,nan
nan,nan,nan,nan
nan,nan,nan,nan
nan,nan,nan,nan
nan,nan,nan,nan
nan,nan,nan,nan
nan,nan,nan,nan
nan,nan,nan,nan
nan,nan,nan,nan
nan,nan,nan,nan
nan,nan,nan,nan
nan,nan,nan,nan
nan,nan,nan,nan
nan,nan,nan,nan
nan,nan,nan,nan
nan,nan,nan,nan
nan,nan,nan,nan
nan,nan,nan,nan
nan,nan,nan,nan
nan,nan,nan,nan
nan,nan,nan,nan
nan,nan,nan,nan
nan,nan,nan,nan
nan,nan,nan,nan
nan,nan,nan,nan
nan,nan,nan,nan
nan,nan,nan,nan
nan,nan,nan,nan
nan,nan,nan,nan
nan,nan,nan,nan
nan,nan,nan,nan
nan,nan,nan,nan
nan,nan,nan,nan
nan,nan,nan,nan
nan,nan,nan,nan
nan,nan,nan,nan
nan,nan,nan,nan
nan,nan,nan,nan
nan,nan,nan,nan
nan,nan,nan,nan
nan,nan,nan,nan
nan,nan,nan,nan
nan,nan,nan,nan
nan,nan,nan,nan
nan,nan,nan,nan
nan,nan,nan,nan
nan,nan,nan,nan
nan,nan,nan,nan
nan,nan,nan,nan
nan,nan,nan,nan
nan,nan,nan,nan
nan,nan,nan,nan
nan,nan,nan,nan
nan,nan,nan,nan
nan,nan,nan,nan
nan,nan,nan,nan
nan,nan,nan,nan
nan,nan,nan,nan
nan,nan,nan,nan
nan,nan,nan,nan
nan,nan,nan,nan
nan,nan,nan,nan
