10000
9.851135
9.834766
9.7826
9.812404
9.761913
9.796151
9.769941
9.749742
9.72802
9.620723
9.579968
9.557966
9.54239
9.457876
9.483251
9.416343
9.435958
9.33791
9.245484
9.21265
9.223407
9.252904
9.129716
9.022005
9.120185
9.0864525
9.110329
9.01615
8.93571
8.921912
8.812967
8.815266
8.709947
8.7106285
8.61261
8.61184
8.503707
8.385309
8.297817
8.352648
8.370876
8.200477
8.099693
8.0555105
8.045296
7.891269
7.772477
7.8147774
7.615676
7.5389867
7.275063
7.4940777
7.3266
7.152875
7.0724635
7.0072904
6.9899335
6.8531313
6.9441447
6.9551325
7.0372305
7.0034437
6.9390774
6.784348
6.9450746
6.8482246
6.826852
6.851306
6.888854
6.9573655
6.9360976
7.007563
6.957742
6.948209
6.9973373
6.978165
7.1082115
6.9913144
7.0609117
6.7981343
7.0504546
6.896999
6.9789834
6.8521557
7.0043535
6.845358
6.9029503
7.0265145
6.9575443
6.958493
6.9730167
7.231439
7.405394
7.39977
7.4907064
7.562597
7.58781
7.8347626
7.949036
8.242758
8.159435
8.207592
8.182028
8.038648
8.088067
8.238559
8.300397
8.274788
8.231156
8.502651
8.402312
8.329924
8.299692
8.227012
8.177339
8.122085
8.115587
8.192221
8.135281
8.1124
8.052794
7.974387
7.910967
8.049883
7.981887
7.9754386
7.983393
7.904204
7.8552017
7.780823
7.7483807
7.6529617
7.595668
7.6487775
7.562973
7.586229
7.504241
7.616461
7.560089
7.5631676
7.609313
7.590778
7.5503016
7.5667048
7.500419
7.580293
7.5284276
7.558029
7.6094604
7.543247
7.503537
7.6096554
7.4937506
7.495058
7.4167833
7.412147
7.3937025
7.4151955
7.280909
7.327331
7.372446
7.336854
7.299584
7.393531
7.3211503
7.261202
7.2610583
7.3407564
7.3543005
7.338009
7.371734
7.3989005
7.5085726
7.538269
7.318198
7.388715
7.3032146
7.273678
7.3167667
7.265762
7.1667314
7.127185
7.114276
7.1241493
7.0333757
7.1050963
7.102652
7.0871644
7.1214395
7.0124307
7.185801
7.050622
7.0187244
6.9175806
6.8718376
6.794257
6.778369
6.6738915
6.5295076
6.8851175
6.5982275
6.6966715
6.5557184
6.56955
6.558918
6.3650403
6.3668685
6.4126453
6.3875527
6.251513
6.3362026
6.2556496
6.52867
6.431979
6.5967417
6.223612
6.4619536
6.604164
6.6277027
6.6948667
6.5034947
6.6585016
6.532678
6.8279014
6.6969748
6.7249994
6.4850435
6.794492
6.5923815
6.7727323
6.734513
6.692289
6.65849
6.673433
6.708556
6.6976857
6.62777
6.560335
6.6720624
6.7050934
6.5682945
6.6425376
6.454468
6.742372
6.634688
6.85043
6.477525
6.860688
6.7910123
6.733418
6.7401924
6.3664284
6.659013
6.5492277
6.55552
6.5051527
6.603082
6.563102
6.7550626
6.7437496
6.55562
6.5062623
6.6864
6.6143713
6.7168493
6.636631
6.595027
6.7601647
6.790248
6.632109
6.70119
6.6817975
6.6338816
6.569306
6.679089
6.468077
6.6167054
6.8186226
6.6834393
6.584139
6.7322392
6.7244625
6.664754
6.646625
6.536529
6.634451
6.512005
6.7011695
6.692742
6.6081796
6.561363
6.5682416
6.454972
6.439657
6.6369596
6.2819896
6.4291224
6.507171
6.317816
6.428005
6.2585
6.343721
6.4511957
6.158121
6.3111777
6.1801353
6.518225
6.424833
6.426105
6.3803253
6.405951
6.518988
6.4739833
6.3786926
6.536468
6.5990505
6.6089563
6.2312555
6.6776705
6.4755206
6.5620904
6.4543185
6.562214
6.368631
6.616481
6.5516496
6.536043
6.456011
6.506265
6.441707
6.546829
6.3598595
6.575534
6.286799
6.520904
6.3057857
6.5191383
6.528512
6.356471
6.40444
6.4281034
6.5021715
6.4454856
6.3732543
6.288169
6.2879663
6.359144
6.3798676
6.367891
6.3125153
6.4389367
6.3515
6.3556347
6.20025
6.467166
6.458408
6.49408
6.5378423
6.6110296
6.5196695
6.5245504
6.596144
6.5966663
6.674219
6.9217477
6.8479147
6.874324
6.814504
6.8872247
6.8603687
6.8458967
6.8879538
6.911027
6.9418445
7.126241
6.944341
7.1159015
6.9473095
7.013174
6.8575535
6.905278
6.9326096
6.954969
6.83642
6.797909
6.9139347
6.9661093
6.850081
6.8911433
6.8022394
6.807555
6.8000975
6.7040167
6.680067
6.588518
6.6320505
6.7631526
6.764443
6.702672
6.675184
6.778781
6.58633
6.6941934
6.662579
6.663632
6.4949827
6.5989594
6.6477737
6.5296497
6.5589604
6.6558146
6.573333
6.6678333
6.7061315
6.700574
6.7708793
6.7366433
6.6336308
6.682962
6.6513543
6.8280096
6.5871305
6.7909775
6.6086407
6.656222
6.658312
6.767269
6.602078
6.645548
6.729905
6.789257
6.639555
6.7972255
6.8951106
6.8193593
6.715534
6.63455
6.7005515
7.011129
6.8884025
6.815479
6.8720436
6.965862
6.829151
6.888573
6.941322
7.0111723
6.936379
7.134066
7.0240293
6.9004374
6.8111386
6.8892736
6.9077053
6.7172747
6.7968245
6.928891
6.886942
6.882312
6.901614
6.8530135
6.985054
6.774984
7.014951
6.816595
6.842284
6.8967996
6.718882
6.93782
6.779311
6.658255
6.905399
6.925022
6.746267
6.8247747
6.8515
6.842295
7.055899
6.7643867
6.8618965
6.8176885
6.936264
6.7160487
6.9345427
6.819235
6.9558234
6.8980393
6.971203
6.967696
6.903756
7.0596695
7.023034
6.948044
7.092212
7.0309677
7.172417
7.2883887
7.0069513
7.4081554
7.302301
7.2692013
7.2283077
7.32469
7.18454
7.2791896
7.1788163
7.396043
7.3781753
7.4543586
7.415467
7.4337997
7.3434124
7.1625943
7.206641
7.114871
7.348142
7.3887134
7.40462
7.2389207
7.146099
7.205414
7.383258
7.1233153
7.1529956
7.14105
7.103904
6.927342
6.989345
6.987204
6.983072
7.0003257
7.0524387
6.9956827
7.156543
6.92014
6.933608
6.9256206
6.933297
7.047907
6.968266
6.9055815
6.927393
6.9002395
6.9323497
6.984826
6.932462
6.993516
7.0122466
6.9159317
6.877149
6.783898
6.9274893
7.02188
6.960076
6.8568196
6.8491592
6.8739805
6.805906
7.0232096
6.9767957
7.1620774
6.98554
7.059433
7.172679
7.117075
7.0843487
6.9840627
7.0516286
7.081872
7.133221
7.2462006
7.2531357
7.4447155
7.247705
7.3858824
7.3881164
7.348055
7.354985
7.3069587
7.295226
7.408419
7.407219
7.3240714
7.1349134
7.1402826
7.348749
7.326952
7.386083
7.301415
7.3528533
7.1397333
7.256796
7.1804175
7.384014
7.3276143
7.3202252
7.26985
6.9508333
6.8234506
7.064784
7.074808
7.0156994
6.9751654
6.9995856
6.7916293
6.702007
6.862454
6.8348713
6.796734
6.8540964
6.7777205
6.7045083
6.879064
6.880415
6.875458
6.8202257
6.9221554
6.867431
7.003242
6.7499804
6.8869257
6.959029
6.8427863
6.899885
6.9315457
7.0523896
6.8751874
6.8661895
6.810231
6.9693336
6.9590545
7.0938787
6.8518467
7.0523086
6.92883
6.885353
7.1637826
7.054296
7.0223475
7.035788
7.285039
7.2149477
7.347235
7.0678525
7.3212624
7.077401
7.2450304
7.396983
7.341628
7.5042796
7.410848
7.3179903
7.410919
7.5764847
7.29933
7.468755
7.4612436
7.4309673
7.2848444
7.4454107
7.517765
7.3309584
7.321739
7.371321
7.239912
7.2431903
7.304688
7.4003487
7.38271
7.330405
7.229532
7.2316623
7.0825486
7.166543
7.1446285
7.038232
6.85393
6.8653092
6.9836226
6.9157677
6.8923507
6.877261
6.8882666
6.897456
6.914299
6.8695045
6.8018484
6.69901
6.8974285
6.6873856
6.8160157
6.8357706
6.9671483
6.8479013
6.8318186
6.9609294
6.790308
6.8586955
7.007164
6.839415
6.931348
6.9600844
7.0076737
6.8543324
6.910556
6.9456816
7.021122
6.980478
6.8580484
6.9868655
6.8923955
7.085463
7.085619
7.0001154
7.2122555
6.929239
7.18015
6.99615
7.229883
7.1912346
7.174408
7.049993
7.06705
7.0812383
7.1018295
7.4058127
7.3401423
7.338914
7.335064
7.3525167
7.3698993
7.4313774
7.1682177
7.2163024
7.2842226
7.242709
7.297678
7.2234964
7.2528563
7.133177
7.375593
7.0449824
7.176882
7.11449
7.1324143
7.1961045
7.2424436
7.125433
7.025285
7.0578914
7.2093368
6.970934
7.0189323
7.047655
6.957133
7.067884
7.0342646
6.897907
6.890041
6.854303
6.838235
6.734705
6.906773
6.786428
6.9848976
6.733704
6.917364
6.8604865
6.8777957
6.8685865
7.175082
7.2007165
7.1605554
7.05959
6.8478804
6.5628242
6.460951
6.608479
6.605034
6.1913967
6.006924
5.6803713
5.330737
5.438706
4.7991676
4.709692
4.294427
0
0
0
0
0
0
0
0
0
0
0
0
0
0
0
0
0
0
4.079009
4.20877
4.4978304
0
4.1602297
4.05212
4.1031384
4.0165367
4.018491
0
4.599856
5.8291845
6.059021
5.8058844
5.5283976
5.3891644
5.503067
5.7224965
6.0155525
6.1245995
6.5595937
6.6198425
6.601423
6.533935
6.749625
6.817776
6.6320305
6.8916097
6.736011
6.7445245
6.8183966
7.0256767
6.943887
6.9082193
7.139086
7.2553844
7.076957
7.178091
6.9966087
7.0996704
7.176585
7.118847
7.1466036
7.0112867
7.0555725
7.1430187
7.174346
6.9285507
7.114568
6.9901586
6.99514
7.1315227
7.082577
6.957349
7.245418
7.35185
7.221893
7.392003
7.3549037
7.373676
7.314557
7.4482255
7.4164033
7.5613008
7.4781466
7.6394267
7.5900273
7.6095185
7.5738325
7.503843
7.6153464
7.5449767
7.44
7.5571194
7.506119
7.5911818
7.493764
7.540889
7.4999037
7.5694323
7.632451
7.4194155
7.4347377
7.302211
7.5267706
7.3995824
7.526328
7.369108
7.4090815
7.3255568
7.314702
7.278758
7.2919416
7.4634166
7.3910394
7.3492103
7.316275
7.3656173
7.4005356
7.366892
7.458899
7.3785443
7.334515
7.4533343
7.2607656
7.6821237
7.393756
7.546193
7.459076
7.5792255
7.3667793
7.612024
7.417677
7.5098443
7.4551187
7.4776316
7.553157
7.46897
7.44378
7.4499044
7.485038
7.6483197
7.603055
7.5507364
7.667337
7.641326
7.8264065
7.654864
7.877051
7.842134
7.693826
7.769206
7.6696663
7.7183495
7.647273
7.602005
7.413642
7.3991704
7.595479
7.56272
7.4242773
7.52063
7.4002643
7.4484353
7.554653
7.4258676
7.324113
7.4624867
7.2804894
7.2783985
7.3601217
7.353711
7.319657
7.232764
7.3570824
7.3342195
7.470938
7.3462934
7.289703
7.3128843
7.2737484
7.4298973
7.2422857
7.386507
7.224513
7.2813754
7.3449173
7.3237214
7.4062266
7.491233
7.543487
7.338383
7.5191097
7.4675126
7.6579933
7.5163527
7.449037
7.4701056
7.658778
7.7100453
7.867983
7.730619
7.783966
7.669466
7.8316402
7.830228
7.6926446
7.8974514
7.753553
7.674266
7.6047792
7.5533347
7.3700314
7.6122537
7.6660533
7.5817394
7.6890697
7.5131288
7.625329
7.5318413
7.4228673
7.4702053
7.302286
7.3746877
7.3274136
7.3447266
7.237714
7.4641128
7.4396496
7.4147987
7.4458256
7.5115232
7.6651907
7.4208927
7.413574
7.526119
7.4646187
7.6189685
7.5481234
7.561957
7.6664066
7.7131424
7.8876166
7.799424
7.9205346
7.798852
7.673922
7.749002
7.7440295
7.8886952
7.774921
7.9924383
7.788412
7.7946544
7.792638
7.654519
7.8253036
7.6598244
7.6422615
7.6121283
7.612337
7.6121225
7.5535207
7.652098
7.6061673
7.524754
7.585411
7.5511923
7.447591
7.509062
7.548477
7.343149
7.5004497
7.4444966
7.2828665
7.539775
7.517902
7.4644065
7.424455
7.246937
7.368841
7.509114
7.544093
7.3163805
7.5661325
7.701411
7.6626415
7.7785473
7.6679096
7.737232
7.750525
7.868206
7.7656364
7.866756
7.782263
7.9652195
7.8147216
7.9071074
7.7097783
7.6756907
7.665673
7.926776
7.538396
7.7786307
7.7700043
7.6529965
7.656094
7.589924
7.6102314
7.5094633
7.534037
7.3883114
7.576162
7.6087866
7.398859
7.544286
7.5624957
7.3799496
7.253086
7.4019547
7.371073
7.4300113
7.312291
7.482468
7.291623
7.3576956
7.5518723
7.5746536
7.6756773
7.6682777
7.5648913
7.6123815
7.850968
7.909231
7.966852
7.9931564
7.982795
7.979121
7.751307
7.823247
7.9094024
7.970357
7.9112716
7.9709663
7.7221303
7.7345424
7.8095646
7.7920256
7.563052
7.444467
7.4587812
7.4528437
7.508858
7.4103794
7.319505
7.2567368
7.306747
7.349408
7.2497215
7.3641443
7.226736
7.3153343
7.3351083
7.4278016
7.419931
7.3320026
7.258545
7.4093833
7.3470907
7.563306
7.6430016
7.620638
7.6252728
7.6884413
7.6600814
7.5418687
7.7157903
7.693316
7.7482915
7.577447
7.5881824
7.6489487
7.650638
7.5689645
7.699593
7.551511
7.5123158
7.300879
7.233035
7.1000957
7.0713882
7.159563
6.9285893
7.110334
7.0944786
7.206495
6.799859
7.0086355
6.9425373
7.119628
7.059232
7.08532
7.125277
7.3643265
7.3632326
7.3638906
7.373638
7.559587
7.544711
7.537639
7.4836826
7.24977
7.5999284
7.462552
7.7307887
7.5447903
7.7135186
7.7659163
7.461807
7.5515776
7.548602
7.68616
7.582283
7.623738
7.321079
7.184901
7.3163195
7.2210164
7.1111827
7.4657817
7.000251
6.9171352
7.2936764
7.0407166
6.663579
6.9853625
6.925799
6.7643538
7.068925
7.1390696
6.971883
7.2820997
7.002002
7.251026
7.186097
7.1727104
7.1886473
7.300514
7.133413
7.248319
7.4348145
7.3040743
7.5082603
7.480006
7.366172
7.4682145
7.6562347
7.1247663
7.316586
7.4878626
7.4254327
7.268853
7.1928926
7.154968
7.231374
6.9964676
7.0921907
7.246949
6.962309
7.0614324
6.9842386
6.7244864
7.149729
7.0417366
7.1013064
7.0922604
6.7394867
6.9869146
6.7950463
6.82511
7.15342
6.8649225
7.1262293
7.050997
6.8168707
6.829866
7.1470237
7.1406727
7.316875
7.231846
7.355453
7.568831
7.4688435
7.5667543
7.2743926
7.526106
7.080409
7.1704407
7.395688
7.370581
7.4425807
7.1522055
7.1805906
7.148589
7.1929255
7.1791935
7.383343
7.1736164
6.8072863
6.8727965
6.6237683
6.7069325
6.6251373
6.7935405
6.811451
6.769076
6.775504
6.9394727
6.7848063
6.7943153
6.5654464
6.7877526
6.9033933
7.0557866
6.9028106
7.0524383
7.083739
7.1606383
7.0193195
7.077324
7.0232263
7.126649
7.042684
7.034884
7.038599
6.8523946
6.808688
6.8840623
6.81927
6.730188
6.628433
6.9658957
6.678237
6.651883
6.4395986
6.642546
6.510226
6.3342476
6.4904623
6.3964643
6.543046
6.5834527
6.38649
6.5409636
6.5774236
6.6027355
6.7587633
6.8283825
6.705964
6.8996096
6.9821663
6.897307
6.811619
6.8747096
6.9309025
6.6944942
6.7472315
6.972974
6.7859893
6.6934004
6.552895
6.6548276
6.588547
6.530415
6.766572
6.6240892
6.3611393
6.5051622
6.497519
6.462047
6.2827353
6.2927217
6.3147063
6.3353963
6.050186
6.2377696
6.266608
6.2805614
6.285083
6.095034
6.521801
6.36541
6.068456
6.3065734
6.101328
6.1875114
6.145191
6.2012324
6.376226
6.2699947
6.3096538
6.3353553
6.389981
6.311037
6.3203907
6.4689345
6.4920754
6.0919304
6.2385883
6.2487817
6.1633263
6.279799
6.192459
6.3335905
6.2853394
6.1549435
6.377404
6.2367525
6.1857767
6.319416
6.302265
6.108255
6.0363655
6.1388917
6.006757
5.9201407
5.834393
6.0342236
5.7170362
6.090619
5.9318204
5.879408
5.7530775
5.7866616
5.8101196
6.0128317
5.9929085
5.8533926
5.8646917
5.874821
5.9609733
5.8675737
6.102359
6.3162947
6.0960093
6.0492435
6.3921456
6.0381355
6.2728653
6.101155
6.162794
6.0636754
5.962721
6.240426
6.195396
6.2409554
6.3475533
6.4442043
6.191762
6.043598
6.2916837
6.241102
6.492997
6.3441334
6.4447947
6.471341
6.368853
6.473208
6.317503
6.41319
6.3826833
6.267723
6.3755345
6.3594375
6.306196
6.5826216
6.383329
6.4012456
6.276124
6.294855
6.421938
6.3084273
6.4486136
6.545562
6.309739
6.2944746
6.320095
6.484184
6.345961
6.3008156
6.3590994
6.0986695
6.0038776
6.104141
6.4081545
6.370723
6.619188
6.4085345
6.4889607
6.5633245
6.4415727
6.4504857
6.5064306
6.69653
6.377727
6.5111146
6.351959
6.4225154
6.5764675
6.2825465
6.297748
6.310132
6.579341
6.4992714
6.7450404
6.6904135
6.6340537
6.4189544
6.4582148
6.4215965
6.612072
6.568565
6.665714
6.788854
6.568319
6.7858777
6.5682344
6.7713127
6.5254827
6.5983305
6.5695963
6.85925
6.393319
6.442108
6.5779953
6.380956
6.430803
6.23632
6.246102
6.3338675
6.3032
6.5738797
6.437981
6.62139
6.482809
6.703729
6.4172387
6.4483647
6.2897882
6.5214515
6.392686
6.4272776
6.7250156
6.794429
6.683757
6.875349
6.608348
6.8139544
6.7638874
6.7960024
6.8029995
6.782985
6.7921643
6.77631
6.847229
6.747857
6.8772163
6.914332
6.778839
6.8346176
6.960675
6.806223
6.763602
6.7341905
6.637744
6.6841025
6.6508155
6.701225
6.886077
6.867105
6.973756
7.0134645
7.0961757
6.7034388
6.668533
6.673506
6.5312667
6.823239
6.8027325
6.9917803
6.6314716
6.763394
6.9019575
6.849275
6.5013533
6.5704575
6.445636
6.760762
6.8661404
6.71847
6.737108
6.593335
6.749674
6.6848683
6.573441
6.18059
6.133919
6.243937
5.825304
5.8587294
5.8335886
6.011125
6.1257687
6.111295
5.950511
6.298208
6.235155
5.995265
6.060304
5.7545347
5.973958
6.2440267
5.917217
5.9164085
5.9104466
5.951807
5.947002
5.797282
6.058072
6.027295
6.1345577
6.02115
6.1581416
6.0478206
6.319291
6.0117507
6.256135
6.1149316
6.220649
6.1279674
6.081529
6.1399775
6.005161
6.0770884
6.230217
6.080393
6.027054
5.9568214
6.0360794
5.930139
5.9695487
5.9572096
5.9469614
5.956813
5.9630265
5.8132443
5.947523
5.8894053
5.8363013
5.8535438
5.9270544
5.7710137
5.8888435
5.873732
5.719015
5.855165
5.952182
5.749032
5.737111
5.97796
5.625172
5.997203
5.8800564
5.6840076
5.9060483
5.8469105
5.9973288
6.0954494
5.91398
5.749625
5.660706
5.83884
5.951247
5.8694706
5.9101825
5.8428473
5.954001
5.91728
6.075422
5.9159
5.9939165
6.0004034
6.10794
5.984007
5.7497478
5.8679857
5.9272428
5.9925756
5.9222407
6.0801926
6.0151796
6.1418824
6.0498347
6.081832
5.921711
6.1004806
5.8858433
5.878824
6.099339
5.8447695
5.8153543
6.1187496
5.9928055
5.7494197
5.9747105
5.8907323
6.125012
6.0051303
5.880809
5.6111107
6.1463037
6.1552954
5.9323745
6.0080194
6.1417236
6.108975
5.984148
5.899835
5.965392
6.152738
5.8552976
5.726852
5.8331394
5.952016
5.8781366
6.0415626
5.858033
5.9323397
5.7762513
6.132178
5.7952137
5.8067813
5.894613
5.6682544
5.6376963
5.896899
5.873454
5.818053
5.8489513
5.663276
5.691467
5.819369
5.816369
5.952959
5.7757215
5.8358917
5.8541555
5.8605385
5.967781
5.948586
5.583748
5.848889
5.692716
5.814019
5.4499593
5.566496
5.7531815
5.5164695
5.611841
5.504156
5.7172036
5.2625785
5.600819
5.481152
5.555924
5.556528
5.4070883
5.409699
5.184452
5.6665454
5.4396143
5.5688324
5.4365835
5.5807586
5.347547
5.559558
5.3498993
5.614405
5.1426477
5.604512
5.1780667
5.586985
5.5331607
5.434824
5.5716176
5.625022
5.5536556
5.635876
5.6527877
5.520466
5.4432244
5.551289
5.425187
5.62294
5.5812173
5.6172857
5.692453
5.2349653
5.6882105
5.5681562
5.452494
5.5180387
5.47551
5.656716
5.6722717
5.4022937
5.606607
5.338411
5.6404963
5.4744663
5.3201103
5.4522533
5.5838375
5.630193
5.321884
5.6596117
5.7573843
5.4221334
5.4152546
5.597869
5.677137
5.7634106
5.8859787
5.4248533
5.7905226
5.751071
5.617513
5.4348617
5.808686
5.4947
5.3404784
5.452138
5.3795576
5.428397
5.805435
5.3113937
5.5811343
5.5263414
5.4827194
5.5272675
5.537514
5.379804
5.5370455
5.675427
5.2931986
5.5043283
5.211098
5.288322
5.457684
5.5031385
5.3877754
5.2520075
5.175146
5.2281218
5.2696495
5.2880554
5.378563
5.300483
5.3348646
5.4349823
5.264346
5.4036255
5.247084
5.215595
5.3455944
5.3259225
5.2971025
5.213024
5.200391
5.329569
5.3307185
5.218658
5.1432495
5.2191176
5.263179
5.119931
5.005352
5.265669
5.168599
5.2701817
5.1817164
5.204873
5.2126474
