10000
8.855927
8.894523
8.842504
8.898614
8.876286
8.818639
8.897636
8.863002
8.824459
8.865964
9.019703
9.002474
9.009505
9.023269
9.070319
8.941683
8.81535
8.83766
8.878697
8.887021
8.89477
8.972813
9.032061
9.059419
9.097399
9.073155
9.13482
9.136293
9.157336
9.156447
9.135529
9.143057
9.054901
9.007467
8.942004
8.964037
8.935316
9.023958
9.007795
9.043767
9.060872
9.128093
9.135689
9.1272
9.0686865
9.139683
9.132027
9.063202
9.007658
8.935921
8.905517
8.902406
8.962894
9.055112
9.091397
9.189305
9.191887
9.193497
9.202222
9.152626
9.094898
9.039895
8.985227
8.968882
8.978756
9.048578
9.022446
9.054139
9.029939
9.042385
9.00243
9.062538
9.027552
9.06214
9.045878
8.999374
8.993872
8.949207
8.966639
8.931813
8.784894
8.762965
8.77005
8.805946
8.760651
8.783475
8.860575
8.829331
8.874772
8.789043
8.877854
8.8734045
8.934476
8.881392
8.91311
8.911772
8.9209795
8.9423065
8.851833
8.837875
8.839069
8.810022
8.795839
8.819379
8.821537
8.810495
8.814132
8.868129
8.78342
8.867212
8.827812
8.930565
8.887436
8.87069
8.860885
8.85177
8.871674
8.858453
8.920187
8.942296
8.813358
8.876244
8.816055
8.839989
8.915879
8.827248
8.840491
8.835584
8.8288355
8.899777
8.851974
8.940543
8.922441
8.918577
8.873641
8.8371935
8.853267
8.810209
8.868862
8.891906
8.970711
8.925594
8.893681
8.827155
8.850346
8.750452
8.77826
8.73415
8.7195
8.709308
8.698689
8.759768
8.669946
8.800436
8.712616
8.770988
8.724005
8.685238
8.606501
8.546911
8.493783
8.411882
8.416214
8.420811
8.61073
8.564949
8.521001
8.507239
8.44859
8.350359
8.282502
8.249123
8.124146
8.14872
8.001348
8.026137
7.896616
7.8699303
7.7575846
7.659137
7.3286066
7.114939
6.784622
6.443978
6.031219
5.42157
4.9192924
4.4075108
4.360301
4.5124536
4.6983037
5.12811
5.3225236
5.5718403
5.6679926
5.824242
6.2192674
6.4438224
6.6429534
6.8984575
6.9582524
7.143713
7.2925234
7.362835
7.540551
7.544255
7.479259
7.481918
7.622676
7.6672072
7.8574433
8.070501
8.109896
8.038767
8.104224
8.140429
8.069596
8.074013
7.9273424
8.003818
7.8789897
7.908435
7.926331
7.938454
7.911534
7.973705
7.9825206
7.995883
7.9743834
8.026916
7.956475
8.1046095
7.9472256
8.071261
8.001006
8.005408
7.976664
8.066347
8.088198
8.053706
8.025625
7.9954033
8.107649
8.072361
8.101847
7.9981914
8.042222
7.9782376
7.9795594
7.9951544
8.003102
8.015863
7.9502025
8.071525
8.103022
8.092542
8.096933
8.108933
8.110275
8.108073
8.245992
8.2379055
8.238523
8.260449
8.254369
8.266074
8.27265
8.261496
8.279914
8.251527
8.30095
8.355298
8.347088
8.350715
8.313875
8.350578
8.320003
8.354037
8.310339
8.325332
8.316647
8.317632
8.333614
8.342086
8.332294
8.362809
8.358402
8.396655
8.312074
8.378997
8.421542
8.466303
8.535138
8.483924
8.503583
8.426231
8.351425
8.282141
8.374672
8.380854
8.467222
8.454279
8.487359
8.476193
8.493457
8.503547
8.480692
8.474653
8.468179
8.452553
8.457854
8.483738
8.481252
8.4498825
8.47989
8.473788
8.4493065
8.438093
8.433661
8.3958235
8.3510475
8.297232
8.275705
8.277503
8.250797
8.337869
8.309263
8.382884
8.316447
8.382707
8.334614
8.399721
8.42348
8.377562
8.453176
8.4120035
8.489707
8.389006
8.415701
8.38084
8.375885
8.365854
8.380172
8.375171
8.408758
8.415057
8.397675
8.437924
8.345152
8.278351
8.398348
8.329415
8.330011
8.255632
8.274439
8.245137
8.266266
8.288395
8.276454
8.305465
8.277048
8.257279
8.272484
8.253801
8.2895355
8.284351
8.260346
8.232668
8.23316
8.373139
8.440336
8.514799
8.522317
8.478659
8.472462
8.505035
8.431738
8.463407
8.4529085
8.459425
8.469261
8.417667
8.461781
8.327639
8.386111
8.285411
8.274416
8.256129
8.259655
8.240878
8.246044
8.235368
8.221641
8.259061
8.204043
8.307552
8.186572
8.2950735
8.194445
8.259969
8.227973
8.255524
8.214098
8.263312
8.18718
8.306014
8.170112
8.320065
8.267167
8.400262
8.256273
8.347901
8.271466
8.296324
8.281224
8.312687
8.298515
8.4240885
8.334822
8.376495
8.349459
8.488111
8.357447
8.491158
8.359089
8.410155
8.239445
8.234941
8.04479
8.193403
8.124174
8.31451
8.406875
8.535481
8.445671
8.551663
8.453593
8.556344
8.448172
8.552176
8.403635
8.384783
8.146422
8.185318
8.085979
8.161769
8.119449
8.241145
8.171579
8.347947
8.210196
8.363766
8.184144
8.221515
7.975298
8.038949
8.013896
8.100606
7.942545
8.028817
7.9474344
7.8506308
7.968363
8.009385
7.918518
7.923876
7.917554
7.970425
7.892842
8.012006
8.0024605
8.048205
8.003697
8.012582
7.9838014
8.130912
8.074694
8.167576
8.221139
8.201475
8.122095
8.079186
8.103346
8.1235695
8.085462
8.036477
8.121899
8.15968
8.157799
8.121772
8.091704
8.179125
8.242836
8.156995
8.2748785
7.913253
7.8610497
7.644072
7.4781504
7.5015893
7.3609276
7.0942645
7.1241345
7.0982437
7.0291505
7.026491
6.9688325
6.827386
6.6628823
6.331012
6.2492085
6.3901863
6.211234
6.057835
5.7936277
5.5138984
5.2180233
5.2349424
5.0526676
4.8520966
5.140883
4.6752253
4.6127577
5.010274
5.212361
5.757109
5.4743114
5.2522817
5.122059
5.055393
5.4953365
5.467796
5.425145
5.0002556
4.4940095
4.835819
5.337034
5.401098
5.0775003
5.3170924
4.7859774
4.722516
4.969942
5.03497
4.9921794
4.779152
5.1225176
5.0378995
4.9805756
4.9143934
4.78026
4.9357
4.7722106
4.6859894
4.5857277
4.372619
4.678414
4.541127
4.4676065
4.433563
4.4722877
4.656535
4.7858934
4.767885
6.628166
6.9669247
6.7815566
6.7687693
7.0304527
6.238174
7.288463
6.9146457
7.068427
7.0180616
6.810768
6.7073793
7.0684385
6.9698353
7.2612476
7.426517
7.53941
7.6778336
7.6130905
7.4765844
7.442509
7.6283493
6.9485693
7.393603
7.410514
7.3826056
7.6239834
7.20102
6.884942
5.8359356
4.4325633
0
0
0
0
0
0
0
0
0
0
0
0
0
0
0
0
0
0
0
0
0
0
0
0
0
0
0
0
0
0
0
0
0
0
0
0
0
0
0
0
0
0
0
0
0
0
0
0
0
0
0
0
0
0
0
0
0
0
0
0
0
0
0
0
0
0
0
0
0
4.054375
0
0
0
0
0
4.0110855
4.14016
4.148264
4.0857854
4.1499147
4.1030636
4.225092
4.1725845
4.2509985
4.2278757
4.2021933
4.1358824
4.279199
4.3416643
4.3573685
4.3864636
4.398924
4.381072
4.4407563
4.4234586
4.321703
4.3634424
4.213155
4.1773844
4.1264815
0
0
0
0
0
0
0
4.2558093
4.473863
4.2848425
4.14037
0
0
0
0
0
0
0
0
4.1624074
4.382319
4.036561
4.0604916
4.1236153
4.4752884
4.8068547
4.529517
4.3524714
4.3417873
4.5960145
4.4493923
4.2985163
4.3263435
5.1173906
5.5241513
5.310127
4.8272667
4.4943786
4.3921924
4.281517
4.478614
4.482662
4.8479357
5.051792
4.9560823
4.6522455
4.40814
4.221984
4.200661
4.5988927
4.6259
4.619106
4.828348
4.9648895
4.9119678
4.999936
4.461277
4.1194687
4.4609165
4.3901777
4.412264
4.4639144
4.4210463
4.55011
4.47539
4.580313
4.5930085
4.542188
4.6566944
4.701134
4.532915
4.524016
4.6413574
4.5782557
4.6223536
4.4535627
4.4194765
4.3049045
4.276682
4.2733793
4.281642
4.145864
4.2908874
4.083023
4.249557
4.040365
4.0920544
4.139904
4.1489973
4.0596633
0
4.1049614
4.0519814
4.2625117
4.1857185
4.213069
4.223485
4.249354
4.269783
4.310035
4.2602477
4.1731434
4.2447486
4.3754816
4.3877177
4.37336
4.399213
4.351371
4.4037676
4.3875012
4.3953795
4.304512
4.3249817
4.310509
4.3754864
4.3637905
4.472121
4.308957
4.3078055
4.336548
4.304551
4.281985
4.368549
4.3856144
4.2817645
4.402434
4.101071
4.215288
4.287542
4.2001934
4.179149
4.0125256
0
0
0
0
0
0
4.3026385
4.2841973
0
0
0
0
0
0
0
0
0
0
0
0
0
0
0
0
0
0
0
0
0
0
0
0
0
0
0
0
0
0
0
0
0
0
0
0
0
0
0
0
0
0
0
0
0
0
0
0
0
0
0
0
0
0
0
0
0
0
0
0
0
0
0
0
0
0
4.1659355
0
0
4.0170474
0
0
4.068469
4.108282
4.130226
4.2378707
4.190542
4.0753303
4.0753727
0
4.0161147
4.1429424
4.3406186
4.1317315
4.0266924
4.077362
4.0330095
0
4.0172687
4.128502
0
4.0722804
4.073751
4.154053
4.133356
4.1745753
4.3412914
4.387311
4.6301036
4.5484324
4.6138635
4.581247
4.4548283
4.553917
4.2267504
0
4.1623936
4.0391374
4.0626082
4.230778
4.2839913
4.313044
4.480423
4.5814047
4.4684973
4.5696507
4.6688566
4.5507426
4.4723034
4.3011847
4.555388
4.603479
4.4322343
4.257757
0
0
4.073004
4.286532
4.5167584
4.556549
4.4819746
4.5680294
4.6145644
4.326747
4.4324512
4.26243
4.213688
4.253419
4.468346
5.0218763
5.316254
5.2627
5.185166
4.934243
4.6824956
4.702469
4.326895
4.325194
4.385946
4.454797
4.98821
5.428985
5.418811
5.581025
5.3854938
5.200717
4.8921185
4.628407
4.4196725
4.4440575
4.816105
5.098112
5.1854177
5.674341
5.7141566
5.531071
5.2503886
5.1469145
4.9156137
4.6619096
4.544989
4.4152627
4.289965
4.9115987
4.826252
4.901726
4.758883
4.4873657
4.293921
4.2636576
4.2028975
4.5673685
4.306234
4.311981
4.0090876
4.00953
4.092187
4.197331
4.085344
0
0
0
0
0
0
0
0
0
5.2955246
5.2046323
5.257717
4.9043846
4.8639283
4.922856
4.7287064
4.90319
4.881545
4.6599283
4.784974
4.654768
4.6540875
4.867015
4.726869
4.6950226
4.815444
4.7084374
4.6198025
4.6551156
4.6536083
4.8216066
4.755127
4.6757083
4.5633373
4.604515
4.787217
4.6541395
4.6927824
4.7347274
4.720473
4.950641
4.9379063
4.9733863
4.9264917
4.879079
4.8779993
4.903487
4.8759155
4.866066
5.0300474
4.983939
5.0919247
5.14657
5.0433593
5.1637874
5.114452
5.1862216
5.1304464
5.2089963
5.304868
5.321348
5.3937883
5.4741244
5.592733
5.6000233
5.594777
5.558734
5.553594
5.467113
5.475865
5.489946
5.5805783
5.443626
5.344355
5.567702
5.40809
5.3495417
5.270518
5.23961
5.3590317
5.4342074
5.3187757
5.318905
5.2468886
5.4172897
5.191832
5.179464
5.241078
5.276599
5.1484914
5.2163506
5.185169
5.3174267
5.2217393
5.2598987
5.2428374
5.271795
5.2903614
5.283521
5.184188
5.2492495
5.2446566
5.250509
5.2009335
5.170465
5.198637
5.182758
5.152763
5.243353
5.3429894
5.3709564
5.2733226
5.2959447
5.2798204
5.275535
5.203282
5.3562613
5.3781424
5.453358
5.4318066
5.4633517
5.6270843
5.4376802
5.4062867
5.507934
5.29488
5.3680334
5.5198584
5.7150097
5.6910214
5.6550393
5.6766653
5.8993435
5.9355497
6.1205564
6.0578213
6.1137285
6.18953
6.232769
6.234038
6.5072703
6.5264
6.8097
6.63956
6.6940794
6.6373754
6.618961
6.5931597
6.5576487
6.571459
6.571628
6.5551934
6.5937557
6.5403423
6.643111
6.501886
6.5987167
6.5399737
6.515432
6.537813
6.5057297
6.5401063
6.4707365
6.4980245
6.4501967
6.4938426
6.441546
6.472974
6.4558854
6.5190973
6.449411
6.4855385
6.533979
6.50543
6.5348053
6.504859
6.4803805
6.4400687
6.469463
6.4723225
6.4138412
6.4196415
6.384058
6.478694
6.4373765
6.508364
6.4391346
6.418554
6.41427
6.4455104
6.5233226
6.451644
6.4888988
6.476521
6.3554664
6.1124344
6.2128396
6.205491
6.366439
6.440352
6.5018244
6.4528017
6.60443
6.4616213
6.628146
6.561105
6.623633
6.6052423
6.7139416
6.6806574
6.7768836
6.701268
6.8623695
6.6949515
6.7036724
6.76577
6.6882753
6.7113037
6.601859
6.750432
6.124771
6.0331283
5.590782
5.11889
5.747097
6.2466
5.740137
6.03836
6.49629
5.2116537
6.1453686
6.236745
6.222543
6.4007697
6.1993575
6.004063
6.054899
6.4887886
6.517635
6.4074144
6.3348694
6.3331504
6.3308234
6.4432282
6.48868
6.612041
6.871603
6.913002
6.788309
6.8504033
6.7943573
6.767456
6.748276
6.72221
6.806657
6.7957773
6.8120785
6.7276287
6.679685
6.724731
6.7225943
6.753196
6.741066
6.7251472
6.812888
6.767788
6.765322
6.699702
6.6435905
6.640502
6.687612
6.643873
6.3827677
6.327503
6.3150253
6.436606
6.423619
6.4407153
6.568336
6.6847043
6.642459
6.592708
6.568439
6.571307
6.482402
6.51595
6.410995
6.410298
6.6260676
6.627731
6.65365
6.659535
6.6903286
6.835949
6.933958
7.0758953
6.7706003
6.411387
6.003529
5.160851
0
0
0
4.3089867
4.3330398
4.3437862
4.4090853
4.4714394
4.5284786
4.4965186
4.4612913
4.554654
4.600842
4.7008286
4.712193
4.642503
4.5939093
4.6674857
4.565004
4.615276
4.6550922
4.7646465
4.734091
4.7288847
4.769582
4.784011
4.8869147
4.843609
4.8096356
4.8145494
4.765337
4.7399683
4.7589283
4.7852335
4.855163
4.8646207
4.870387
4.816095
4.8135033
4.7617226
4.7334256
4.727933
4.7389565
4.7199707
4.6737514
4.7316604
4.729408
4.745524
4.7373953
4.695357
4.723726
4.715948
4.716729
4.679067
4.665295
4.6212435
4.67325
4.576088
4.6727886
4.6579485
4.6286416
4.701474
4.660921
4.7115
4.6808667
4.697397
4.7770553
4.735062
4.6730394
4.6769423
4.7294374
4.6841493
4.700027
4.6743383
4.689667
4.803218
4.7720633
4.7707677
4.7509007
4.709535
4.7931
4.821408
4.8124943
4.8026857
4.8291473
4.7868605
4.7722497
4.760738
4.7732067
4.81818
4.837553
4.7981033
4.7863655
4.8265185
4.768708
4.795931
4.7522926
4.7267985
4.7843423
4.818429
4.7982063
4.7583804
4.8140717
4.821336
4.8234396
4.81891
4.832459
4.8796153
4.9358664
4.892144
4.940862
4.8919935
4.9217095
4.8438993
4.8580794
4.89808
4.839353
4.8452554
4.8469834
4.93509
4.808265
4.854893
4.841256
4.7721534
4.8214426
4.8062563
4.866343
4.8455405
4.8956313
4.8493667
4.9104652
4.854997
4.913292
4.9208994
4.9533434
4.926454
4.9259176
4.908506
4.9106274
4.8899393
4.7939124
4.8503766
4.8768225
4.8400593
4.7674136
4.8262744
4.8181024
4.845877
4.8382797
4.873523
4.83055
4.7877135
4.7971787
4.7238736
4.749687
4.8090463
4.7481017
4.692614
4.7306232
4.8127027
4.779293
4.7985945
4.9816566
5.0760365
5.191473
5.1740313
5.156763
5.329704
5.379323
5.393265
5.353264
5.399332
5.357226
5.4618874
5.447582
5.5512447
5.57854
5.4922585
5.552007
5.495449
5.5800285
5.7038875
5.7029347
5.6755047
5.6342106
5.6405096
5.6500573
5.613326
5.63996
5.5798635
5.603367
5.5367804
5.635474
5.5759945
5.64473
5.545057
5.5426035
5.613313
5.6145225
5.57752
5.544498
5.61021
5.619371
5.594082
5.5978193
5.5618505
5.6641316
5.55933
5.5839086
5.6274385
5.664597
5.607444
5.808693
5.6142435
5.7589245
5.741782
5.6781983
5.8345466
5.6660986
5.772051
5.783603
5.8256416
5.7534018
5.909933
5.8021207
5.9162464
5.8182044
5.906866
5.7375755
5.820703
5.7964573
5.7515426
5.8543024
5.9048867
5.68091
5.769849
5.7663245
5.84662
5.7633667
5.793888
5.7064414
5.7531643
5.733824
5.6833405
5.7435675
5.7631364
5.682215
5.869233
5.7695913
5.9026537
5.7515006
5.9333353
5.7673073
5.9118676
5.8685822
5.8938394
5.8764954
5.898494
5.898469
5.91385
5.8835325
5.93134
5.6733065
5.652468
5.597987
5.830864
5.5413384
5.550762
5.3377066
5.473233
5.2067995
4.9884267
5.0753875
5.5379333
5.014304
4.4885316
4.9068217
5.6695495
5.65399
5.7980733
5.796629
6.2479367
6.4674597
6.6739044
6.7116666
6.4307113
6.4177194
6.57259
6.605546
6.54873
6.5445323
6.580348
6.450159
6.350524
6.2656345
6.226334
6.1091166
6.364651
6.81422
6.55006
6.3946085
6.6912804
6.4383154
6.449545
6.662026
6.885468
6.6304264
6.197447
6.394924
6.00596
6.1192756
6.69852
6.777116
6.798173
6.29696
6.385371
5.8349667
6.233609
5.6324997
5.507914
5.162023
5.2645583
6.1455326
6.059311
5.9439464
6.2301126
6.162513
5.4240265
5.746848
6.2725105
6.2083373
6.6293683
6.4872127
5.9447412
5.6149783
5.8075085
6.1596394
5.824162
5.6280417
