10000
5.1389475
5.13902
5.0281835
5.2145934
5.1510916
5.1871367
5.124651
5.169797
5.173107
5.1061893
5.0897217
5.1032405
5.1550245
5.104662
5.155282
5.140477
5.1481495
5.2429085
5.2666454
5.217113
5.144926
5.0918574
5.2687454
5.1767206
5.2040706
5.26131
5.194297
5.1827397
5.240774
5.2119956
5.283021
5.1913176
5.213123
5.23885
5.1427617
5.244185
5.2765474
5.170315
5.23149
5.1707373
5.1801286
5.190696
5.1804037
5.2144814
5.176062
5.1904235
5.2544923
5.2149553
5.152488
5.230455
5.218481
5.2346916
5.0046887
4.9120502
4.8329988
4.7444687
4.9063964
4.894503
4.8713317
4.758816
4.9440603
4.8026805
4.701488
4.811516
4.638998
4.817718
4.7971015
4.8018227
4.8736167
4.8982115
4.823671
4.9000077
4.763985
4.7624965
4.719351
4.707106
4.652461
4.732882
4.675361
4.645116
4.762292
4.753187
4.5894303
4.671905
4.6372437
4.686344
4.700193
4.650844
4.657379
4.5705686
4.5749235
4.5523596
4.592052
4.6410804
4.7108517
4.758097
4.6024113
4.4645166
4.6133037
4.6815114
4.6322775
4.6066446
4.608032
4.5697737
4.600483
4.555617
4.602628
4.7240977
4.63423
4.6515574
4.604602
4.633502
4.5638733
4.4983716
4.617247
4.3314447
4.353457
4.4622307
4.2979984
4.2111864
4.296644
4.082582
4.116321
4.0547695
4.056179
0
0
0
0
0
0
0
0
0
0
0
0
0
0
0
0
0
0
0
0
0
0
0
0
0
0
0
0
0
0
0
0
0
0
0
0
0
0
0
0
0
0
0
0
0
0
0
0
0
0
0
0
0
0
0
0
0
0
0
0
0
0
0
0
0
0
0
0
0
0
0
0
0
0
0
0
0
0
0
0
0
0
0
0
0
0
0
0
0
0
0
0
0
0
0
0
0
0
0
0
0
0
0
0
0
0
0
0
0
0
0
0
0
0
0
0
0
0
0
0
0
0
0
0
0
0
4.4385457
4.3915334
4.343128
4.373751
4.3700686
4.317053
4.2951794
4.3050246
4.340373
4.346155
4.2185993
4.181428
4.058907
4.1188164
4.04637
0
0
0
0
0
0
0
0
0
0
4.010937
4.374217
4.5029716
4.5712824
4.4475
4.3803883
0
0
0
0
0
0
0
0
4.3200865
4.6388507
4.620165
4.7116027
4.6763535
4.6348085
4.5262713
4.5937243
4.4858375
4.566
4.6197224
4.6062346
4.55227
4.491418
4.641599
4.5355206
4.534883
4.6309643
4.541444
4.599635
4.618929
4.6054974
4.5538964
4.550948
4.5701656
4.425943
4.5281057
4.461055
4.3890157
4.656183
4.5932574
4.6425314
4.7059846
4.6634426
4.5795636
4.584763
4.5674996
4.582818
4.617642
4.646354
4.646919
4.579476
4.5469346
4.5681667
4.5396085
4.63291
4.617584
4.62296
4.5043344
4.2750807
0
0
0
0
0
0
0
0
0
0
0
0
0
0
0
0
0
0
0
0
0
0
0
0
0
0
0
0
0
0
0
0
0
0
0
0
0
0
0
0
0
0
0
0
0
0
0
4.1023583
4.1383247
4.177047
4.1358175
0
0
0
0
0
0
0
0
0
0
0
0
0
0
0
0
0
0
0
0
0
0
0
0
0
0
0
0
0
0
0
4.034446
4.1638565
4.1798334
4.074239
4.106316
4.177471
4.1707687
4.2773113
4.234451
4.3021784
4.2135396
0
0
0
0
0
0
0
4.22575
4.1719003
4.153786
4.03324
0
0
0
0
0
0
0
0
0
0
0
0
0
0
0
0
0
0
0
0
0
0
0
4.2179947
4.313576
4.4315596
4.471548
4.599453
4.4575906
4.541848
4.582403
4.6205087
4.7019367
4.7525406
4.807893
4.693958
4.725928
4.712129
4.774913
4.6939077
4.632784
4.711724
4.7073545
4.661768
4.668008
4.712311
4.6329803
4.7212386
4.6922803
4.7382336
4.6296744
4.592362
4.578584
4.6078286
4.560919
4.651229
4.631179
4.636528
4.5990133
4.6736355
4.5849147
4.6329484
4.529315
4.577109
4.5451565
4.6143227
4.5451202
4.559474
4.573766
4.53999
4.5750294
4.5911336
4.4458904
4.4927664
4.455214
4.519066
4.4153767
4.270974
4.1554556
4.239875
0
0
0
0
0
0
4.039915
4.268194
4.262724
4.201238
4.364596
4.5478683
4.540456
4.7353606
4.8486824
4.889854
4.80404
4.497569
4.506109
4.552278
4.4904776
4.603452
4.5141973
4.5472236
4.2839293
4.027934
4.0692945
4.094804
0
4.003348
4.193272
4.170337
4.361467
4.3431687
4.615994
4.6244006
4.695932
4.658692
4.697178
4.6251493
4.745853
4.7049727
4.7017584
4.651492
4.6749315
4.665045
4.6463723
4.7391896
4.7226734
4.734907
4.742265
4.713685
4.673341
4.70393
4.7220564
4.7716327
4.730679
4.726289
4.706085
4.696921
4.6547303
4.642391
4.672422
4.6204
4.647492
4.636244
4.627593
4.691861
4.6873007
4.6294904
4.749523
4.6648865
4.651802
4.699437
4.6726356
4.6531596
4.535091
4.512178
4.4916506
4.489637
4.6075163
4.594059
4.621405
4.554385
4.56803
4.430187
4.5190372
4.452401
4.4310093
4.3831835
4.390863
4.414382
4.409476
4.2640424
4.089889
0
0
0
0
4.06226
4.2311716
4.2427454
4.084005
4.0430927
4.1653543
4.150301
4.231097
4.1665363
4.288784
4.2256145
4.16
4.097644
4.0069275
0
0
0
4.139337
4.1625223
4.0776005
0
0
0
0
0
0
0
0
0
0
0
0
0
0
0
0
0
0
0
0
0
0
0
0
0
0
0
0
0
0
0
0
0
0
0
0
0
0
0
0
0
0
0
0
0
0
0
0
0
0
0
0
0
0
0
0
0
0
0
0
0
0
0
0
4.1957326
4.032366
4.0485535
4.099497
4.2222195
4.2193336
0
0
0
0
0
0
0
0
0
4.0488973
4.316107
0
0
0
0
0
0
0
0
0
0
0
0
0
0
0
0
0
0
0
0
0
4.102359
0
0
0
0
0
0
0
0
0
0
0
0
0
0
0
0
0
0
0
0
0
0
0
0
0
0
0
0
0
0
0
0
0
0
0
0
0
0
0
0
0
0
0
0
0
0
0
0
0
0
0
0
0
0
0
0
0
0
0
0
0
0
0
0
0
0
0
0
0
0
0
0
0
0
0
0
0
0
0
0
0
0
0
0
0
0
0
0
0
0
0
0
0
0
0
0
0
0
0
0
0
0
0
0
0
0
0
0
0
0
0
0
0
0
0
0
0
0
0
0
0
0
0
0
0
0
0
0
0
0
0
0
0
0
0
0
0
0
0
0
0
0
0
0
0
0
0
0
0
0
0
0
0
0
0
0
0
0
0
0
0
0
0
0
0
0
0
0
0
0
0
0
0
0
0
0
0
0
0
0
0
0
0
0
0
0
0
0
0
0
0
0
0
0
0
0
0
0
0
0
0
0
0
0
0
0
0
0
0
0
0
0
0
0
0
0
0
0
0
0
0
0
0
0
0
0
0
0
0
0
0
0
0
0
0
0
0
0
0
0
0
0
0
0
0
0
0
0
0
0
0
0
0
0
0
0
0
0
0
0
0
0
0
0
0
0
0
0
0
0
0
0
0
0
0
0
0
0
0
0
0
0
0
0
0
0
0
0
0
0
0
0
0
0
0
0
0
0
0
0
0
0
0
0
0
0
0
0
0
0
0
0
0
0
0
0
0
0
0
0
0
0
0
0
0
0
0
0
0
0
0
0
0
0
0
0
0
0
0
0
0
0
0
0
0
0
0
0
0
0
0
0
0
0
0
0
0
0
0
0
0
0
0
0
0
0
0
0
0
0
0
0
0
0
0
0
0
0
0
0
0
0
0
0
0
0
0
0
0
0
0
0
0
0
0
0
0
0
0
0
0
0
0
0
0
0
0
0
0
0
0
0
0
0
0
0
0
0
0
0
0
0
0
0
0
0
0
0
0
0
0
0
0
0
0
0
0
0
0
0
0
0
0
0
0
0
0
0
0
0
0
0
0
0
0
0
0
0
0
0
0
0
0
0
0
0
0
0
0
0
0
0
0
0
0
0
0
0
0
0
0
0
0
0
0
0
0
0
0
0
0
0
0
0
0
0
0
0
0
0
0
0
0
0
0
0
0
0
0
0
0
0
0
0
0
0
0
0
0
0
0
0
0
0
0
0
0
0
0
0
0
0
0
0
0
0
0
0
0
0
0
0
0
0
0
0
0
0
0
0
0
0
0
0
0
0
0
0
0
0
0
0
0
0
0
0
0
0
0
0
0
0
0
0
0
0
0
0
0
0
0
0
0
0
0
0
0
0
0
0
0
0
0
0
0
0
0
0
0
0
0
0
0
0
0
0
0
0
0
0
0
0
0
0
0
0
0
0
0
0
0
0
0
0
0
0
0
0
0
0
0
0
0
0
0
0
0
0
0
0
0
0
0
0
0
0
0
0
0
0
0
0
0
0
0
0
0
0
0
0
0
0
0
0
0
0
0
0
0
0
0
0
0
0
0
0
0
0
0
0
0
0
0
0
0
0
0
0
0
0
0
0
0
0
0
0
0
0
0
0
0
0
0
0
0
0
0
0
0
0
0
0
0
0
0
0
0
0
0
0
0
0
0
0
0
0
0
0
0
0
0
0
0
0
0
0
0
0
0
0
0
0
0
0
0
0
0
0
0
0
0
0
0
