10000
10.156267
10.058726
10.066951
10.061085
10.025455
10.0563
10.095261
9.983186
9.964529
9.95105
9.899036
9.937581
9.942285
9.90214
9.966432
9.981009
9.887047
9.866302
9.981472
9.865602
9.987342
10.05578
10.035642
9.864777
9.990867
9.992149
9.990373
10.009909
10.133231
10.224967
10.008627
9.985969
9.848258
9.931827
10.064294
10.105288
10.06295
9.937786
9.763367
9.625544
9.396143
9.150434
8.832907
8.668954
8.269223
7.5345316
6.6512003
5.964359
5.49947
4.3719926
0
4.7546034
4.720093
4.757399
4.651615
4.597893
4.6081614
4.6828976
4.551448
4.5693717
4.6326714
4.83257
4.669517
4.469196
4.39898
4.6945
4.529004
4.7099047
4.44494
4.571957
4.593561
4.629626
4.6985345
4.9667854
4.9599137
4.3543844
4.1833463
4.709376
4.4680448
4.098103
4.2104807
0
4.022505
4.116963
4.3709497
4.236637
4.219983
4.28916
4.2324953
4.281687
4.265182
4.375722
4.5677633
4.5922832
4.784381
4.666738
5.192298
4.6944876
4.4110513
4.57866
4.571956
4.5007067
4.67401
4.555574
4.7675843
4.495677
4.760798
4.466048
4.65069
4.6106615
4.6186604
4.4979725
4.2211595
4.605377
4.797154
4.9183397
4.9073167
4.6892877
4.684512
4.5766044
4.833191
4.8093376
4.676916
4.3139367
4.211208
4.253371
4.480761
4.502058
5.5501585
5.0281515
4.5606027
0
4.524436
4.790203
4.162834
4.858399
4.1421847
4.8515835
4.6512303
5.098408
5.5485506
4.9374766
4.1738586
0
5.1030936
4.705615
4.4706745
4.7649717
5.235815
6.255312
7.2863955
7.0481486
5.7647343
4.5741515
4.2933545
5.3685017
6.1423283
7.3849645
7.067992
5.927227
4.733438
4.9894056
5.4390182
5.7675414
6.3223085
6.2647815
5.117314
4.1293216
4.9143615
4.8028636
4.6625156
4.7369637
4.757647
4.1847625
0
5.2137523
6.2259398
4.849865
5.1638937
4.8197403
4.6552258
4.6399407
4.724809
4.879688
5.161877
5.055441
0
4.2003307
4.9391456
5.0268655
5.2665534
5.0623374
5.0699344
5.309943
5.148016
5.257333
5.200306
5.012789
5.130248
4.9313865
5.3690414
4.8380275
4.771808
5.8048906
5.905216
5.732334
5.685589
5.671962
5.5565763
5.6980615
5.60717
5.5685287
5.6815095
5.524763
5.077707
4.7571707
4.219048
4.457762
4.62639
4.755541
4.587445
4.4413104
4.537862
4.3563533
4.0746074
4.1795173
0
0
0
4.254043
4.0077577
0
4.8175945
4.6799035
4.8442183
4.8668904
4.6461678
4.501687
4.397793
4.3664436
4.334822
4.182164
4.3295302
4.2927117
4.2973957
4.41502
4.5329843
4.6217155
4.7092066
4.6611967
4.760082
4.7390747
4.616153
4.7735
4.3313036
4.275279
4.078683
0
0
0
0
0
0
0
0
0
4.184273
4.6615596
4.664258
4.3005953
0
4.244788
4.1794987
4.4193063
4.3351216
4.552189
4.571805
4.6409254
4.643296
4.72731
4.4559026
4.4495873
4.4972363
4.734554
4.855473
5.0413036
5.039589
5.278849
5.3756504
5.424688
5.531332
5.6347265
5.6423893
5.8274403
5.9396315
6.1675005
6.3497677
5.6230974
0
0
0
0
4.7042894
4.3947034
0
0
4.1028285
0
4.2986917
4.2153654
0
4.0366077
0
0
4.5831485
4.5814962
4.9280376
5.35482
5.128
5.3033476
5.567691
5.212862
4.6920433
4.83648
4.7548265
4.7188225
4.5551744
5.0048914
5.04643
5.44834
5.569439
5.425933
5.0558653
5.1706967
5.539773
5.545337
5.441908
5.3046374
5.233432
5.5498953
5.747618
5.7067585
5.1266575
4.749481
4.9043765
5.267994
5.056778
4.8301873
4.427694
4.458074
4.8770223
5.0874643
5.0829945
4.906498
5.4176035
5.6858873
5.7196913
5.6267304
5.468428
5.7275314
5.7159653
5.5405674
5.4110246
4.829577
4.742661
5.0534496
4.805662
4.5004845
4.5905933
4.883903
5.0975256
4.5420156
5.251689
6.3186693
6.348007
5.7905946
5.059858
5.445117
6.0571704
6.466738
6.138705
5.9758525
5.7105284
5.7254725
5.9181886
6.009419
5.8031325
5.803557
6.062451
6.32516
6.4048095
6.480171
6.4086685
6.6541777
6.621832
6.870595
7.1256475
6.674674
5.9985394
5.3541512
5.2599263
5.2001886
5.3702135
5.894292
6.3296046
6.6633873
6.520711
6.5110936
6.4936094
6.621403
6.7318845
6.2160416
0
4.6277223
4.585928
4.6767654
4.3782644
4.4984355
4.823118
5.2013607
5.5038652
5.6005173
5.443962
5.4248123
5.5568748
6.2367463
6.8768525
6.6612654
5.3605537
4.4109097
0
0
0
0
0
4.1424627
4.8016
4.3815107
0
4.009616
6.463661
6.0986805
6.2035003
5.889827
5.9802885
5.980196
5.9384627
5.669513
5.2880034
4.9002166
4.8753104
4.979377
4.817466
4.3860574
4.504901
4.961369
4.5988626
5.097334
5.509122
5.4774857
5.0950723
4.953319
5.1990786
5.194685
4.9402456
4.7161884
0
0
4.1893063
4.098619
4.1293325
4.1102796
4.0887413
4.2876463
4.3197713
4.3430505
4.484317
4.3577642
4.326668
4.4293585
4.1973205
4.636898
4.585748
4.8905296
4.718776
4.557345
4.6959023
4.609015
4.5885663
4.523572
4.3847117
4.876463
5.324686
4.095084
5.6145024
5.9192276
5.8383408
5.7722206
5.6990843
5.6861467
5.5889482
5.37933
5.6841183
5.271581
5.1351027
5.116902
4.319482
4.3690925
4.320783
4.4724903
4.9920363
0
0
4.817155
4.3718696
0
4.256164
0
4.162145
4.7536902
0
4.7180963
4.6315804
4.0685797
4.2157826
4.700502
4.5795565
5.1986046
5.6072836
4.0902076
4.414524
5.0776606
4.708796
4.6016946
5.463326
6.2891045
5.5032616
0
4.3345833
4.620374
4.80768
4.69707
4.438534
4.598671
4.5931845
4.7809844
5.02106
4.7126594
4.1850467
0
0
0
0
0
0
5.8928633
6.1251125
5.2359905
5.3147774
5.9039907
6.108676
6.4773846
6.0576444
5.665451
5.764148
5.9216213
5.6950026
5.6544228
5.588039
5.957659
6.278815
6.221245
5.964986
6.1022496
6.230812
6.831791
6.8343744
6.8326306
6.677581
6.781955
6.4711113
6.550606
6.579091
6.67187
6.573571
6.200881
5.9454165
5.7304077
5.845155
5.78265
5.8003573
5.97573
5.987978
6.270442
6.151747
5.759179
5.65009
5.9592075
5.874217
5.947972
6.1158743
6.1080675
5.8280144
5.7227592
5.792315
5.6577697
5.627596
5.7683682
5.4297104
6.0423
6.093521
5.584872
5.9968185
6.042068
5.8495483
5.6384926
5.5473833
5.5739875
5.8411613
5.2267885
4.7812805
4.7675295
4.947546
5.132836
4.539701
5.032618
5.006358
5.306029
5.859779
6.102915
6.044695
5.8032007
5.714631
5.5601707
5.2509317
5.4401007
5.62915
5.559039
5.9187365
5.890801
5.784838
5.9133515
5.9357586
5.817298
5.7351604
5.810087
5.812106
5.878265
6.2158766
6.379608
6.397311
6.320282
6.257258
6.248335
6.105839
6.112013
6.139386
6.141781
5.9371347
5.887396
5.7436285
5.719406
4.6654906
0
4.691379
5.4097486
5.1475854
5.2546787
5.6747017
5.2740006
5.1438537
6.187642
5.8440957
6.0773745
5.91945
5.1193647
4.202743
0
4.939919
5.6192336
5.7186284
5.958946
6.16313
6.5418124
6.5589485
6.3638926
5.551184
5.0995317
4.1125135
4.9192433
4.777711
4.094616
4.2385416
4.440655
4.5889297
4.4598265
4.5545993
4.538126
4.7257667
4.6904273
4.7862635
4.7884684
4.794651
4.696357
4.755178
4.671367
4.540037
4.6010365
4.722267
4.745017
4.8634195
4.912796
4.840732
4.967724
5.029171
5.081791
5.1738195
5.1578546
5.0504413
5.084632
5.076272
5.1521397
5.296532
5.288249
5.264075
5.185238
5.330855
5.1091776
5.2377787
5.459637
4.625073
4.1199927
4.073845
4.101948
4.1079183
4.105538
4.155618
4.2246428
4.2651644
4.2608795
4.246484
4.280817
4.2722282
4.3013754
4.3978176
0
4.4100375
0
4.215956
0
0
5.9247923
6.2515087
6.8208065
6.3762827
6.129263
5.7140822
4.2332196
4.7700872
5.932264
5.434595
4.6732855
4.548844
4.6725483
4.6786695
4.4087377
4.662733
4.0377836
0
4.1389666
4.0040436
4.255493
4.8439336
4.859207
4.9307137
4.9206343
5.003133
4.9520826
4.8884215
4.867131
4.731378
4.8371186
5.157061
5.26289
5.141682
5.2606583
5.2001047
5.1304655
5.017817
5.0002155
4.95424
4.5933785
4.6904182
4.731248
4.5982733
4.8695865
4.772464
4.4709406
4.5291357
4.2546444
4.3794003
4.2195888
4.1221886
4.0885496
4.207596
4.2325745
4.1870155
4.4850984
4.3034086
4.2327614
4.3288817
4.306846
4.3735223
4.2314887
4.2989583
4.172121
4.3548956
4.1350875
4.2826476
4.185488
4.1669626
4.0206304
4.138539
4.1620884
4.101699
4.42581
4.2418346
4.404266
4.17375
4.208588
4.5202465
4.291448
4.368189
4.308827
4.322398
4.2706947
4.314941
4.4354916
4.2880874
4.1908994
5.205544
5.3028884
5.463218
5.361759
5.165667
5.001307
5.0758643
4.821204
4.761268
5.001607
4.841553
5.00195
5.1380424
5.358347
5.5087385
5.4669046
5.5213857
5.2042475
4.8109517
4.3821826
4.4379706
4.4903092
4.86806
4.762686
4.6521797
4.648302
4.829588
5.107443
5.102213
5.144592
4.9693713
5.0056667
4.730163
4.692162
4.7225447
4.722527
4.620569
4.8320007
4.7806916
4.527321
4.6385994
4.5307984
4.188119
4.3223257
4.6096206
0
0
5.703737
5.5163035
5.456061
5.300646
5.0255985
5.1549616
5.1554165
5.151628
5.0463634
4.9425344
4.842604
5.18109
5.0102015
4.980656
5.09797
5.1306415
4.6846647
4.5937877
4.7670293
4.170941
4.4736342
4.1373577
5.8313437
6.1326194
6.0397153
6.0391707
5.869657
5.9415727
5.8930063
5.985077
5.6987023
5.8282695
5.700471
5.680156
5.6638994
5.486473
5.485921
5.564687
5.936166
6.2357206
5.759121
4.434922
0
0
0
4.7156243
4.678054
4.8775115
4.802403
4.9977093
4.8946567
4.8067207
5.0205317
4.9665146
4.925646
5.225821
5.1553674
5.0471325
5.316745
5.2973046
5.27893
5.2216387
5.0378585
5.1087265
4.960521
5.036817
5.027957
4.783951
4.549216
4.757126
4.6712823
4.5875435
4.585223
4.527952
4.6169434
4.6048813
4.4576755
4.5352564
4.4574537
4.4420686
4.676792
4.58081
4.5875278
4.5268607
4.6499147
4.320911
4.463849
4.3852525
4.49425
4.6983175
4.5014677
4.6584682
4.526262
4.93219
4.745073
4.9359765
4.8873916
4.8945103
4.9494896
4.914828
4.97503
4.734993
4.7678356
4.6995792
4.7866306
4.809428
4.769608
4.7701635
4.756045
4.6683173
4.718303
4.7326784
4.8062553
4.9877625
4.9124575
4.613909
4.6273046
4.5183363
4.3192253
4.4602404
4.5889883
4.3835645
4.5233183
4.433825
4.438061
4.680817
4.8287134
4.8814654
4.9128494
4.7772913
4.718949
4.5435596
4.581461
4.5805464
4.5941935
4.76173
4.7585273
4.9653153
4.9381113
5.0766506
5.100383
4.9960637
5.312588
5.3487873
5.4073577
5.320438
5.1593647
5.278288
5.241105
5.2654805
5.2686377
5.270482
5.2546124
5.362514
5.268509
5.0217233
5.0497675
5.001069
4.92483
4.843359
4.9217043
4.804353
4.9853516
4.9698744
4.963469
5.1659584
5.0038056
5.330796
5.1183677
4.985934
5.1708646
4.9663177
5.151616
5.207247
5.278449
5.147676
5.23851
5.1864395
5.45663
5.3419943
5.492301
5.5339203
5.656439
5.5575786
5.4581947
5.374444
5.259895
5.465946
5.445374
5.6137094
5.465556
5.693926
5.4787145
5.192356
5.383516
5.3750553
5.3028374
5.398396
5.401382
5.243474
5.3873525
5.336627
5.3115187
5.316338
5.237859
5.473811
5.5244346
5.3487854
5.1165977
5.0698423
5.19636
5.4458838
5.0481825
5.119103
5.214119
5.1322083
5.1956387
5.082859
5.0644903
5.0317197
5.1101727
4.955969
4.9975
5.1858845
5.091101
5.018876
5.260218
5.2023845
4.919201
5.0096188
5.0063605
5.1043096
4.7969594
4.854784
4.992432
4.5984025
4.7645917
4.805174
4.8413734
4.8615885
4.850002
4.9332085
4.794426
4.8569903
4.7637877
4.718963
4.8098946
4.7678576
4.780371
4.560554
4.644723
4.62349
4.574133
4.633909
4.514031
4.6214585
4.6145515
4.4665155
4.5685463
4.5610676
4.647319
4.5705194
4.491996
4.6515784
4.988566
4.8941545
4.9872775
4.8877745
4.8960814
4.834619
5.0138874
4.8641458
4.83688
4.614498
4.5651197
4.5703673
4.6535034
4.664143
4.8132896
4.8049726
4.6471257
4.6430492
4.512608
4.6446476
4.4080443
4.6282105
4.5467725
4.671238
4.6841207
4.739872
4.83919
4.720536
4.6838346
4.507419
4.745537
4.4656496
4.400649
4.450492
4.620285
4.5909114
4.606533
4.6019883
4.5471444
4.4877048
4.335828
4.3220444
4.182083
4.30944
4.448555
4.5072374
4.1601562
5.298854
5.2728806
5.3963003
5.444109
5.371137
5.4203625
5.5356503
5.540455
5.454926
5.6154165
5.8292084
5.7930384
5.712352
5.665173
5.7869916
5.010518
5.114093
4.0922875
4.9054418
4.5458746
0
0
4.7485538
4.888244
4.3857656
0
0
0
0
0
6.864884
6.8577585
6.9530616
6.8495784
6.7834854
6.8844566
6.696657
6.6766148
6.4823503
6.12178
5.7035832
4.104727
0
0
6.052418
5.7128944
4.094407
0
4.6124263
4.492357
5.3026013
0
0
0
0
0
0
0
0
0
0
0
0
0
0
0
0
4.6281796
4.833369
4.722108
4.1192183
4.843842
4.7769475
0
4.117936
4.7758036
4.1068645
4.836128
0
0
4.7821217
0
4.608501
4.8704443
4.1917877
5.27809
5.1639204
5.200629
0
0
0
0
0
0
0
0
4.505072
0
4.2439117
0
0
0
0
4.2802987
4.0833592
0
4.6833296
4.591142
4.24897
4.4530706
4.1276093
0
0
0
0
0
0
0
0
4.492873
5.0301685
4.7804604
4.8901014
4.560113
4.5693045
4.505117
4.4597507
4.372856
4.3012185
4.1727486
4.258383
4.2353725
4.5729
4.796618
4.806177
4.5369806
4.6981945
4.9097695
4.836916
4.7329974
4.581357
4.5529714
4.7723837
4.4558043
4.551295
4.427001
0
0
0
5.0551195
4.615942
4.2679057
0
0
4.215004
4.8097305
4.2195606
4.433325
0
0
0
4.330933
0
0
0
0
0
0
0
0
0
0
4.27109
4.0814614
4.269911
0
4.0341988
4.103254
5.025342
4.0610723
4.2372007
4.019569
4.119749
4.2297244
4.4215083
4.2903323
4.4095993
4.493951
4.4531364
4.6115274
4.5469503
4.7678156
4.836808
4.5625234
4.638004
4.86995
4.7385616
4.682389
4.286865
0
4.6413927
4.517287
0
4.3069263
0
0
0
0
0
0
4.937411
4.8770075
4.0983434
4.0552635
4.5078506
5.4679117
4.4745307
4.203657
4.659067
4.503655
4.6645665
4.416926
4.412072
4.2568493
4.0703506
4.7174845
0
5.0034647
4.996995
5.0466957
5.068835
5.058382
4.59732
4.888403
5.0179787
4.8148265
4.888861
4.945781
4.994983
5.016327
4.8910804
4.95708
4.805887
4.2166543
0
0
0
0
5.3335404
5.5658693
5.972203
6.211078
6.5425653
6.4698944
6.3019185
6.8038416
6.845594
6.9967575
6.970105
4.570077
0
4.5375247
4.236754
5.219663
5.3458114
4.437373
4.8936644
4.1939344
0
0
0
4.3777924
0
0
0
4.527929
4.6157703
4.4315753
5.3839993
4.7509675
4.613875
4.8474464
4.84021
4.0882225
4.447609
6.0101967
6.168092
6.284335
6.2203145
6.262572
6.3708434
6.9293213
4.224707
4.2338276
4.0584507
4.0546026
4.0267525
4.4511094
4.2047048
4.427027
4.4435296
4.5729218
0
4.3454137
4.084895
4.2538924
4.0904202
6.474223
6.502775
5.5942183
4.179267
5.2384863
4.5793853
4.499467
4.6115365
4.7010055
4.738821
4.7111306
4.8272696
5.0403824
4.889854
4.125123
5.9005632
5.877784
6.2749643
6.390399
6.2287087
6.2399435
6.1884017
6.215954
6.036936
5.801038
6.0275793
6.1491995
6.048171
6.1240826
6.1244297
6.037952
6.0334587
6.0858736
6.1400213
6.056193
5.9509754
6.1309023
6.092153
5.9955006
6.1543126
6.019365
6.2225738
5.960426
6.0661473
6.1488905
6.1960053
6.250087
6.349947
6.1259766
6.241473
5.793788
5.2217546
4.1938443
4.021111
4.051895
4.584715
5.1730175
5.3275805
5.0329123
5.0328913
4.843031
4.9626236
4.9557257
5.272952
4.863836
4.99446
5.077936
4.7848983
5.4513445
5.7159667
5.7165527
5.8176317
5.7386394
5.6272345
5.553066
5.846097
5.8424683
5.534987
5.5427113
5.552056
5.8996115
5.1528835
4.8499146
4.4248915
4.1839776
4.0176673
4.376615
4.4777756
4.1521673
4.1686473
4.149294
4.2417645
4.521281
4.3917055
4.0415335
4.1369214
4.2254715
4.3412876
5.0197573
5.043386
4.8659673
4.508922
4.269625
4.3485017
4.00549
4.3034964
4.454535
4.176104
4.077162
4.256386
4.114157
4.1979203
0
4.427626
4.5843053
4.46336
4.4836187
4.4725547
4.7553716
4.8132687
4.2813053
0
0
0
0
4.1899333
4.7936535
4.61453
0
0
4.2563334
4.2730956
4.422481
0
0
4.2256036
4.4025283
4.114012
4.095387
4.1585813
4.1792593
4.205259
4.350591
4.3881726
4.6670103
5.7905416
5.8460155
6.4400983
6.0577116
5.8257356
6.0200973
6.129317
4.8234243
0
0
0
0
0
5.6018267
4.45422
4.2492695
4.7084336
4.611745
0
0
0
4.136357
4.6656556
0
0
0
0
0
0
0
4.296302
0
0
0
0
0
0
0
0
0
0
0
0
0
0
0
5.0944166
5.0877743
4.922741
7.015936
7.1084805
7.057849
7.128457
7.06621
6.9096127
6.917591
6.8180704
6.724699
6.775809
6.8061156
7.0798597
6.8082366
6.7214966
6.8575506
6.7299137
6.668374
6.5982156
6.5552893
6.180757
5.569439
5.566226
5.002366
4.984997
4.7086463
4.7561812
4.4059553
4.469591
4.5319853
4.5499177
4.527122
4.003003
0
0
0
0
0
0
0
0
4.3517575
0
0
0
0
0
0
0
0
0
0
0
0
5.1727223
4.5733457
4.7910438
5.0684204
5.112976
5.1175756
5.346585
5.648939
6.1458464
6.048453
5.2208543
0
4.1315336
4.7207417
5.073857
5.208159
5.0866013
4.9536805
4.54499
4.3410854
4.666565
4.761687
4.7582083
4.630758
4.737181
4.5388117
4.343196
4.126593
4.0460587
4.537372
4.7607255
4.699805
4.758793
4.807728
4.513675
4.1674867
4.2025356
4.2958465
4.06625
4.1723003
4.1295915
4.676742
4.8428793
4.9186554
4.8772287
4.8357177
4.674186
4.4834166
4.565615
4.3153467
4.6664367
4.473011
0
0
4.740089
4.6962743
4.690307
4.0752764
4.590723
4.596004
4.168339
4.503625
0
4.134435
4.011508
4.620721
5.6756406
5.842679
4.8442397
4.426815
4.2692947
4.093418
4.9718256
4.466969
4.7208076
4.5488715
