10000
8.851253
8.70613
8.685973
8.777188
8.732116
8.608468
8.645038
8.587339
8.54439
8.197607
8.051716
7.809585
7.9999037
7.9958653
7.7827535
8.0886545
8.06632
7.6870885
7.300668
7.2119513
7.1042094
7.156064
7.2407446
7.6460285
7.723392
7.9832454
8.171356
8.330762
8.183054
8.145471
8.275829
8.119671
8.048776
7.8294306
7.9825964
8.24371
8.281986
8.063135
8.14825
8.10398
8.233059
8.132229
7.9957995
7.9716706
7.582513
7.6546702
7.6266694
7.9377975
8.374261
8.34768
8.230073
8.089748
8.135332
8.385317
8.42629
8.49956
8.5492935
8.3678465
8.395484
8.193285
8.10882
8.2969475
8.071795
8.084261
7.667619
7.8274784
7.6924963
7.8244886
7.708117
7.983441
8.204027
8.138636
8.189334
8.2743225
7.92817
8.279176
8.571636
8.563184
8.426596
8.27922
8.297514
8.392158
8.189754
8.225504
8.026101
8.116222
8.218506
7.6852846
7.739175
7.5474334
7.687613
7.9617257
8.358668
8.230741
8.510769
8.186506
7.7698784
8.358397
8.158453
7.737763
7.766203
7.6677537
7.682916
7.0979004
6.605912
6.165746
6.332762
5.956031
5.398573
5.6465936
6.081036
5.7124424
5.4962015
5.0343466
4.7007465
4.3860335
4.53972
5.0628605
5.3711686
6.221125
6.419051
6.1583195
5.7353706
5.2388883
5.4804196
5.677277
5.4124064
5.773626
5.687388
5.578246
5.558116
5.1635833
4.607334
4.6128597
4.144944
4.8524566
5.00031
5.122463
4.98291
5.001232
5.024105
4.992075
5.084602
4.9576383
4.9512105
5.0512767
4.990102
5.163861
5.0946207
4.826456
5.022047
5.07402
4.892288
5.022892
5.023922
5.064304
5.0686703
4.9103527
5.020843
4.9995003
5.0573416
4.9800086
4.9239573
5.0162973
4.936155
5.0137167
5.0648475
4.884564
5.004252
4.9079404
4.860034
4.859763
4.9300804
4.8792934
4.8895297
4.952264
4.891737
4.8970423
4.8086257
5.0149207
4.837589
4.876582
4.988454
4.843856
5.0569324
4.9788036
4.9777727
5.1526437
4.873218
5.130661
4.848809
4.9756575
5.1246104
5.0097384
5.0002046
5.019473
5.266294
5.05747
5.020038
5.2008157
5.3744206
5.309596
5.2505517
5.084553
5.1833367
5.2443123
5.1012244
5.1083856
5.1635075
5.076569
5.104762
5.0366545
5.091583
5.0054197
5.1551533
5.293544
5.083722
5.0495834
5.0837054
4.9245253
4.8099313
5.0322165
5.0428295
4.944579
4.793417
4.8648515
4.9507346
4.8176584
4.7397585
4.7108583
4.9195595
4.9130497
4.9328423
4.9123325
4.992877
4.838132
4.9444265
4.9284034
4.835291
4.9130144
4.9058843
4.892092
4.6509447
4.729907
4.711401
4.653494
4.6447644
4.7649736
4.77234
4.6250925
4.5820065
4.5996356
4.637193
4.705666
4.683588
4.500985
4.6195726
4.433061
4.6150627
4.36491
4.522446
4.4834747
4.380478
4.465646
4.285277
4.392919
4.482893
4.3364143
4.291281
4.2938175
4.2652526
4.2478027
4.3322935
4.177303
4.267918
4.225428
4.2364016
4.076112
4.193257
4.0817986
4.1160836
4.1858635
4.1154194
0
0
0
4.0069585
4.036447
4.0072885
4.268304
4.335359
4.3796253
4.2128983
4.362992
4.214981
4.0637784
0
0
0
0
0
4.586817
4.5977254
4.501694
4.2898827
4.068662
0
0
0
0
6.48974
6.426575
6.690239
6.767448
7.210397
7.2575784
7.346495
7.7225094
7.5968237
7.672365
7.619154
7.6448035
7.5327783
7.3712573
7.2648816
7.2403455
7.476406
7.6609645
7.6750355
7.7980275
7.79794
7.827983
7.838004
7.6753707
7.1537747
7.076488
7.096657
6.977974
7.3068085
7.278568
7.5203977
7.5767083
7.4440618
7.51615
7.515358
7.477979
7.4811563
7.4014416
7.3069534
7.43803
7.4948072
7.5925913
7.5971155
7.464448
7.509415
7.4984007
7.432684
7.3810625
7.025987
7.158707
7.3905854
7.597647
7.5122275
7.702173
7.658605
7.625412
7.532604
7.565026
7.581424
7.3937654
7.3278522
7.2008467
7.401363
7.5941353
7.540849
7.6489105
7.568751
7.65101
7.653922
7.6751018
7.6354475
7.4670925
7.339683
7.380209
7.9108167
7.675295
7.6902404
7.57431
7.530119
7.5610905
7.6076126
7.647524
7.5677958
7.389216
7.416973
7.4925785
7.6864567
7.879436
7.723404
7.523965
7.6251144
7.643926
7.914889
7.7907314
7.4557405
7.0852284
7.3275414
7.331013
7.382069
7.5094647
7.430395
7.4373846
7.4804883
7.4843855
7.5405393
7.352651
7.293343
7.2910213
7.4124513
7.716731
7.85008
7.84316
7.726101
7.7772994
7.795134
7.602148
7.437558
7.449695
7.2484317
7.4767804
7.580448
7.3961463
7.4444566
7.4841304
7.565698
7.575633
7.7201686
7.652084
7.4605737
7.56697
7.291842
7.5840287
7.8515544
7.8279552
7.6720467
7.766666
7.798704
7.72395
7.805933
7.391149
7.297423
7.1960835
7.312961
7.5660076
7.5647445
7.4095902
7.5576253
7.5352397
7.496425
7.5209785
7.63857
7.3869424
7.379745
7.4565663
7.341164
7.7362905
7.709023
7.6619563
7.756543
7.5821533
7.4834394
7.49154
7.423148
7.4412274
7.2442765
7.2124624
7.4524493
7.8291545
7.825575
7.6936316
7.569072
7.4865866
7.4354515
7.395746
7.5558705
7.4769926
7.4083953
7.370685
7.166169
7.596942
7.5210695
7.3675604
7.5183034
7.344404
7.2955117
7.2711205
7.428317
7.061137
7.085717
6.892216
7.338327
7.403856
7.556622
7.421509
7.426477
7.535954
7.519587
7.5308437
7.497134
7.6599913
7.5687785
7.4409194
7.7393465
7.947367
7.721034
7.7421618
7.632844
7.9593225
7.921188
7.8847857
7.5497136
7.795705
7.3251476
7.022299
7.293107
7.458778
7.3059545
7.3197937
7.422425
7.380721
7.3498416
7.158206
7.235585
7.0740914
7.1969748
7.03356
7.30191
7.2095666
7.2329245
7.1952457
7.162872
7.1199603
7.1883416
7.269122
7.24665
7.279644
7.066437
7.106185
7.347827
7.4042625
7.484677
7.498551
7.4449644
7.3916664
7.4615955
7.607027
7.391941
7.186102
7.076826
7.1826477
7.183827
7.173376
7.0989513
7.152496
7.2885795
7.3235083
7.3205647
7.188188
7.045265
6.9539537
6.7127028
7.0734324
7.1220737
7.2238827
7.272895
7.453596
7.42019
7.6215506
7.479706
7.515214
7.567992
7.3776364
7.477913
7.370676
7.624509
7.641138
7.763017
7.3446217
7.270892
7.175219
7.2430043
7.233258
6.844729
6.7393246
7.1076345
7.145552
7.2407303
7.3665004
7.3787336
7.332634
7.4343944
7.4096675
7.4582314
7.3220778
7.368574
7.211033
7.5504537
7.518765
7.622326
7.6858993
7.6404157
7.437314
7.480642
7.629462
7.6858273
7.735529
7.459773
7.23958
7.2846437
7.619128
7.6352615
7.5115957
7.362284
7.4157243
7.33143
7.52363
7.389634
7.4747353
6.9982576
6.929572
7.154667
7.4507737
7.6431427
7.8334403
7.703456
7.6018057
7.5612135
7.5377793
7.8129225
7.4558897
7.1873927
6.892244
7.409253
7.601372
7.4602804
7.4977417
7.4574394
7.4458957
7.6169643
7.748679
7.4921603
7.1989336
7.468063
7.493325
7.81983
7.8079863
7.9210234
7.8085637
7.7122827
7.713348
7.6726575
7.6862698
7.761067
7.507522
7.533183
7.4026313
7.7614565
7.6079183
7.7292094
7.510317
7.5888934
7.5351562
7.488682
7.6842413
7.600234
7.5316634
7.328423
7.550067
7.824106
8.162567
8.120616
8.083274
8.053994
8.028514
8.073666
7.914165
7.7037544
7.6069684
7.452242
7.6179924
7.8506784
7.6885414
7.5347686
7.409031
7.54405
7.625432
7.847368
7.997759
7.8548427
7.4305944
7.478451
7.8099265
8.120693
8.219462
8.114476
7.9516573
8.049563
8.103088
8.243985
7.7189083
7.61754
7.551097
7.8796363
8.023925
7.8302546
7.7266684
7.687478
7.6397543
7.779008
7.862415
7.966099
7.847551
7.742341
7.9476213
8.180201
8.400864
8.288156
8.262054
8.258782
8.457955
8.286784
8.209172
8.129159
7.9582
7.6927085
7.8865347
7.794062
7.7388153
7.5513096
7.4955587
7.626791
7.760064
7.783698
7.8755555
7.670949
7.6132383
7.8750763
8.105339
8.138156
8.026295
8.114726
8.116217
8.176594
8.214814
8.20812
7.953659
7.6619873
7.678145
8.031215
7.726518
7.7604485
7.908806
7.856477
7.759156
7.8084383
7.9211216
7.9803596
7.9999456
8.079148
7.8011017
7.8920236
8.24746
8.288691
8.076273
8.065999
8.045331
8.077343
8.2498045
8.331405
7.911989
7.809602
7.7150974
7.652564
7.6676097
7.6010666
7.4952374
7.673538
7.753792
7.768695
7.7429323
7.8505473
7.5336075
7.418749
7.6040535
7.9118285
7.933735
8.003273
7.8155336
7.7350883
8.073005
8.218155
8.102236
7.7427926
7.8786445
8.043197
8.245969
8.0638
7.9522443
7.8569627
7.833205
7.870181
7.968629
7.7932205
7.971051
8.020478
7.9849687
7.8796372
7.959562
8.216902
8.242751
8.083429
8.087307
8.091776
8.102142
8.105126
8.07733
7.81091
7.8270817
7.791122
7.626156
7.8469687
7.8676996
7.8027906
7.926196
7.8580637
8.013453
7.948331
8.171904
8.055457
7.969121
7.798483
8.134801
8.101399
8.336322
8.160364
8.135101
8.3263
8.145963
8.024602
8.016612
7.844371
7.913184
8.399764
8.095156
8.164352
8.121586
8.058189
8.035184
8.135245
8.23951
8.264369
8.05764
7.952285
7.9870834
7.765874
7.9010663
7.879223
7.848695
7.910944
8.032828
8.111252
7.9603662
7.8550706
7.9499946
8.288691
8.04294
8.1167555
7.818769
7.6634793
7.4509125
7.4987407
7.5328436
7.841445
7.944781
8.01119
7.8859243
7.8429976
7.615697
7.9116783
8.054158
8.062517
7.9440136
7.814922
7.694324
7.656729
7.770257
7.7594986
7.573337
7.298557
7.4612737
7.5557837
7.145639
6.9684324
7.279484
7.382157
7.1572475
7.518416
7.3784757
7.504762
7.616507
7.1292167
6.9557652
6.8179984
7.2352953
6.7013216
7.0543275
7.1720757
7.166679
7.252838
7.2635384
7.128807
7.132516
7.34968
7.314259
7.6387615
7.510482
7.6671634
7.678576
7.6883936
7.518943
7.3172936
6.9392977
6.955701
7.277335
7.0831194
7.187312
7.3640575
7.340685
7.437454
7.453452
7.2655597
7.026686
7.054034
7.3137054
7.345231
7.167791
7.166254
7.418456
7.5312757
7.4599247
7.120477
7.0163403
7.242651
7.3413963
7.729349
7.9420347
7.9293556
7.8219132
7.763028
7.663522
7.8632927
7.583105
7.754895
7.7845235
7.4627748
7.401768
7.2866907
7.129996
7.112574
7.144541
7.34853
6.999378
6.897199
7.0195646
7.077698
7.1041884
7.0864325
7.212494
7.228917
7.3614144
7.0286922
6.799649
6.8342175
6.846686
7.036075
7.1515326
7.2991943
7.3515306
7.2507505
7.4938335
7.469844
7.385298
7.366772
7.007107
6.59497
7.0007577
7.464486
7.276123
7.459319
7.3246574
7.2634587
7.290016
7.280348
7.3037925
7.4436126
7.451292
6.9461274
7.3685565
7.262447
7.4018946
7.474019
7.5034075
7.21583
7.2005353
6.7603784
6.856695
7.272784
7.4943933
7.3270345
7.7028627
7.6458383
7.7400894
7.59772
7.551284
7.511883
7.506802
7.36969
7.318067
7.0379314
7.3454733
7.2984896
7.515343
7.4219713
7.4962883
7.288021
7.164317
7.0115895
6.9317613
6.6819186
6.864458
7.4003735
7.4499536
7.5067186
7.396097
7.1739316
7.0246077
7.006823
6.9895706
6.995166
6.765018
6.660082
6.6481667
6.9207315
7.035247
7.0418477
7.1048
6.9617
6.9179425
6.919679
6.8125634
6.9816713
6.6970034
6.955025
6.829864
7.0326853
7.0655775
6.6884847
6.660863
6.631439
6.7154255
6.72381
6.894001
7.1505723
6.9685707
7.2127295
6.6843667
6.9957204
7.00112
7.0468383
6.895457
6.9054604
7.1612678
7.2740884
7.503574
7.1203947
6.655446
6.218618
6.3098555
6.56369
6.887316
7.2425523
7.409501
7.5345993
7.5635834
7.758483
7.934797
7.880801
7.743222
7.611086
7.459078
7.1065073
7.013179
7.2615194
7.1124716
7.1400084
7.1372375
7.250827
7.435019
7.991805
7.7087636
7.445819
7.444577
7.615798
7.325096
7.172251
6.994982
6.993544
7.1200747
7.2245955
7.457966
7.747697
7.6159544
7.626009
7.250223
6.9523764
6.748849
6.600274
6.5686574
6.448656
6.624143
6.7571297
7.020037
7.145284
7.204273
7.4122963
7.360079
7.136363
7.2287436
7.031989
7.0025287
7.100867
6.9676476
7.376071
7.578882
7.6164045
7.4477015
7.227932
7.0422177
6.679579
6.7304416
6.5132923
6.36642
6.2808175
6.38474
6.6364737
6.781705
7.026017
6.9402742
7.0446286
7.0474505
7.344193
7.150796
6.807209
6.720354
6.897573
7.1288385
7.155302
7.2763653
7.0036607
6.765192
6.6123424
6.6916003
6.809668
6.2739754
5.767372
5.915544
5.8471274
6.0871964
6.259173
6.8392477
6.6648984
6.402127
6.577151
6.9733973
6.849488
6.709714
6.479662
6.584764
6.665854
6.741058
7.105148
6.9494905
6.737212
6.8018436
6.528128
6.218611
6.4318104
6.087351
5.869116
5.66914
5.689433
5.9925723
6.064598
6.5348716
7.0495877
6.682883
6.7717285
6.979476
7.097372
6.827902
6.311823
6.5073185
6.8059464
7.0475297
7.1306977
6.9348593
6.9031568
6.655196
6.398805
6.449516
6.5668654
6.3197203
5.977416
5.6648264
6.1569557
6.3306594
6.529387
6.6575656
6.5723042
6.45162
6.6350307
7.291733
7.0690575
7.01955
6.3696947
6.843556
7.138044
7.284122
7.3842807
7.1668725
6.579441
6.2775717
6.3167524
6.616297
6.535944
6.060405
6.209502
6.293379
6.4018016
6.510043
6.514318
6.3029566
6.2837095
6.109198
7.080483
7.021934
7.286981
7.1659718
6.9429665
7.1024313
7.185879
7.1838346
6.957438
6.943909
6.0026503
6.170255
6.2955265
6.345709
6.1721535
6.0300503
6.237628
6.5108805
6.8232093
6.8357935
6.2719145
6.2244124
6.268782
6.7367897
6.8403163
6.5152483
6.577725
6.5811176
6.5929894
6.8461094
7.0587955
6.923668
6.3956385
6.0349464
5.8360395
5.9028664
6.083711
5.8209734
5.2926016
5.215153
5.6195283
5.8060155
5.855674
6.168892
6.1023383
5.9439487
5.943272
6.0815134
6.166582
6.276339
6.508071
6.5400195
6.329354
6.7617846
6.8644996
7.224046
7.0384617
6.802046
6.130318
5.776555
5.465113
6.076954
6.130769
5.9820952
5.932824
6.4813848
6.428209
6.5932183
6.5494947
6.263463
6.084508
6.1557446
6.3195314
6.5157075
6.949572
7.1382446
7.082122
7.18711
7.4552617
7.4044943
7.248704
6.4763646
5.941162
5.32557
5.2166734
5.6664405
5.7612987
5.835477
5.8565283
6.1562233
6.387365
6.5107994
6.338396
6.012166
5.9284434
6.5202093
6.7942915
7.2019
7.228785
7.220428
6.9449897
6.832123
7.0603275
7.1300836
6.870931
6.287263
5.755246
5.5737925
5.7831745
5.857564
6.172129
6.2213907
6.303748
6.454926
6.08891
5.6704183
5.726425
5.92089
5.7658415
6.5090685
6.9252243
7.1931458
7.3207464
7.346961
7.1708264
7.0247183
6.73425
6.2448177
5.875888
5.862485
5.9946775
5.654988
5.739611
5.8179307
6.0235324
6.281388
6.2925124
6.22697
6.0264516
6.0797386
6.301604
6.164605
6.5089374
6.547934
6.6638565
6.5643616
6.5991993
6.87751
6.7266827
6.663783
6.1296496
5.986769
5.9163175
6.3549967
6.561473
6.5063543
6.3545322
6.727029
6.93456
6.9353523
6.873127
6.84948
6.8581643
6.8439813
6.9550095
7.2015495
7.103132
7.0786095
7.147206
7.24463
7.3122053
6.846686
6.8388667
6.9627895
6.9326096
6.9538193
6.8551702
6.803226
6.505157
6.792657
7.2012653
7.566836
7.6694984
7.2729464
6.864966
6.8064446
7.1147904
6.982394
6.831471
6.9842677
7.030221
7.1568365
7.14104
7.091573
6.8865676
6.2569323
6.1880927
5.9786673
6.1079316
6.1551337
6.402111
6.585844
6.5742335
6.6320333
6.813163
6.766776
6.4851713
6.18042
6.118315
6.1160913
6.11648
6.266979
6.1095195
5.854022
5.842441
6.382707
6.498169
6.341029
6.376256
6.104978
5.9936476
6.522012
6.514501
6.673672
6.5610847
6.4503336
6.5466757
6.622735
6.5369444
6.4074316
6.4557576
6.5990605
6.4381895
6.7939663
6.884463
6.4194584
6.0133977
6.256009
6.425644
6.427144
6.4708767
6.567497
6.562101
6.5701647
6.4667363
6.63159
6.3886614
6.43113
6.098781
6.3550944
6.429924
6.6327286
6.830056
6.4520903
6.203709
6.385928
6.6032243
6.527414
6.668585
6.215593
6.3315926
6.5867267
6.800425
7.18799
7.276195
7.0137615
6.85014
6.419817
6.792184
6.5239477
6.73552
6.6571054
6.6360087
6.977372
7.062178
7.263096
7.136673
6.7703366
6.8654494
7.0875096
7.12172
7.0284333
6.6352663
6.780676
6.750198
6.96063
7.5561256
7.535882
7.3713264
7.1864014
7.1829348
7.1476035
6.5950437
6.7330976
6.807541
6.9985924
6.9797993
7.181244
7.318241
7.2652717
6.745624
7.179803
7.224463
7.292122
7.3188424
7.5330143
7.0787134
7.0854855
7.0744743
7.3729663
7.653568
7.4865055
7.241835
6.9494424
6.789785
6.6530952
6.50286
7.037782
7.2792253
7.3676953
7.1906586
7.16156
7.002855
6.5947647
6.968207
6.9874387
7.1022243
7.2258854
7.4333825
6.9218683
6.902963
6.7790284
6.9123163
7.2150335
7.073436
6.9113874
6.9965496
6.6317925
6.9055223
6.883503
7.240025
7.271239
7.070792
7.058848
7.059688
6.3768373
6.8047485
7.0201645
6.8594227
7.04404
7.3965793
7.1681113
6.8918257
6.630871
6.815538
7.206067
7.3328924
7.3056517
6.817382
6.896341
6.7731915
6.536071
6.914217
6.8081403
6.8333826
6.8157377
6.726549
6.354924
6.35986
6.871464
7.239888
7.146163
7.349462
7.339423
7.0793676
6.8126316
6.608054
6.5193496
7.112706
7.2726436
7.2365284
6.9904704
6.9648104
6.624831
6.9432807
7.2985196
7.075963
7.165529
7.155408
6.6413035
6.2968163
6.8835034
7.4004774
7.1113257
7.3660946
7.388408
7.1495724
6.8131466
6.9365225
6.6347384
6.859081
7.0814853
6.884716
7.049572
7.0757875
6.873167
6.565527
6.607782
7.1104918
7.2742867
6.9409757
6.4946976
6.3009005
6.61798
7.078462
7.057077
7.1559105
7.2506475
7.1918106
6.9423623
6.7172594
6.676067
6.761723
6.6529465
6.830585
6.7157383
6.7443533
6.8010507
6.744396
6.4571285
6.9195127
7.0798306
6.911738
6.7979426
6.2702017
5.8937445
6.3322186
6.5292964
6.889765
6.761107
6.942622
6.7689734
6.6624165
6.748392
6.56616
6.4682493
6.5773134
6.7223935
6.8293247
6.57315
6.3643064
6.25075
6.216831
6.82865
6.6934347
6.885739
6.5123277
6.2380385
6.0112653
6.2355676
6.8949203
7.146571
7.0420995
7.101364
7.0077252
6.7943945
6.8441815
6.74174
6.831578
6.622694
6.9478145
6.967439
7.085466
6.89857
6.9231505
6.738269
6.8161764
6.9874363
6.9259853
6.811234
6.3720493
6.467047
6.48084
6.8823743
7.0049343
6.965581
7.2737827
7.165409
6.9595537
6.9650884
7.0149775
6.9062276
6.7840934
6.9044495
6.954072
7.0603013
6.858664
6.816514
6.881264
6.612513
6.852383
6.738408
6.7167683
6.1674647
6.4074984
6.99971
7.172556
7.3289375
7.0294094
7.0969887
6.9986954
6.953855
6.9165173
7.0707226
6.8968043
6.684992
6.813924
7.2484727
7.1133966
7.1365705
7.2150574
7.0752687
6.807968
6.9694195
6.7037587
6.5551
6.4412556
6.375606
6.771895
6.9034576
7.1066456
7.1878014
7.0237365
7.0339017
6.9307485
6.911243
6.8331556
6.6614523
6.666076
6.799361
6.991823
7.0821853
7.1766615
7.243265
6.8640447
6.6076517
6.6443
6.714664
6.7426744
6.54414
6.6554165
6.9700994
7.0124297
7.2492123
7.1199026
7.109604
7.0012603
7.0389028
7.037132
7.108471
6.9666286
6.7097745
6.8818083
7.0335712
6.918456
6.7421126
6.928621
6.8522105
6.853583
6.9217668
6.7463098
6.8024735
6.5938873
6.294105
6.665509
6.9485073
7.053303
7.124193
7.02777
7.147947
6.9361777
6.9824195
7.08849
6.948858
6.8693624
6.6982126
6.8416533
6.846902
6.8567295
6.565411
6.8986044
6.8195972
6.3645144
6.3166595
6.2127995
6.121194
6.044789
6.038683
6.4854836
6.700762
7.195293
7.0569615
7.0195923
6.979713
6.941337
6.8551664
6.7794943
6.6890173
6.9051
6.819457
6.897344
6.786313
6.6223483
6.370814
6.4017467
6.254248
6.154152
6.1110144
6.1563873
5.9886537
5.893444
6.015483
6.5260396
6.4793406
6.9280734
6.6938705
6.900933
6.758625
6.688869
6.5910673
6.416302
6.5615573
6.53311
6.4489903
6.681336
6.3595285
5.7998734
5.716715
5.561847
5.392201
5.7864714
5.89333
6.1655993
6.2158723
6.0940447
5.7926984
5.573586
5.9357224
6.227645
6.5601935
7.207401
7.1463747
7.114194
7.2967024
7.3858476
7.3343115
7.0138164
6.955926
6.8885717
6.991662
7.0513744
6.8768263
6.881686
7.1495266
7.520266
7.546051
7.482809
7.456238
7.561558
7.397712
7.1847706
7.307458
7.0835514
7.315096
7.4713416
7.395215
7.43062
7.337206
7.09521
6.930365
6.803118
6.5866203
6.8467073
6.7983327
6.6933227
6.4174395
6.3074293
6.295162
6.4668503
6.367895
6.549504
6.8264723
7.2101703
7.0300894
7.234041
7.5478997
7.0487165
6.7939453
6.70268
6.5738716
6.661199
6.485503
6.3952723
6.3048754
6.2467747
6.361915
6.508279
7.02348
7.048877
7.181116
6.7597437
6.484133
6.036824
5.686028
5.7947674
5.7022367
5.4257436
5.4471498
5.3909626
5.572355
5.379657
5.44285
5.4968143
5.6309905
5.746173
5.7541027
6.242708
6.1392293
5.7557473
5.394531
4.938266
4.8438697
5.0511665
5.479589
5.5163784
5.6799793
5.5862327
5.229112
4.838606
4.6809216
5.019677
5.3018446
5.00974
4.6799607
4.3184204
4.401535
5.3176675
5.6335707
5.957039
5.8977523
5.9141603
5.8567777
5.8053575
5.9212437
5.612507
5.1914277
5.175589
5.4991293
5.9488606
6.4199514
6.209756
5.691994
5.116819
4.7512827
5.677635
5.97805
5.60789
5.1852813
5.352661
5.381121
5.599714
5.8277416
5.907303
6.063679
6.0692635
5.9981527
5.869584
5.9899406
5.650869
5.471585
5.4425836
5.4070916
5.5799065
5.6473746
5.496064
5.0721397
4.7373223
4.282356
5.0332947
5.697381
5.985552
5.810031
5.246066
5.1455417
5.4840393
5.5762763
5.432871
5.493469
5.4953933
5.517645
6.2936745
7.0689955
6.738709
6.1928344
5.8536606
5.7945666
5.9386144
6.379595
6.3352437
6.3716397
5.7085247
5.07068
5.36927
6.226515
6.018715
5.3537583
5.0061407
5.1098905
5.4023485
5.9845557
6.112652
5.5704365
5.4746957
5.738104
6.647499
6.5898423
5.678063
5.3929253
5.5081625
5.656645
6.268646
6.601851
6.393572
6.26721
5.500535
5.2172694
6.006426
6.207697
5.710291
5.499949
5.350344
5.7121687
6.010647
6.055266
6.0782523
5.6253777
5.6169496
5.84923
6.700825
6.7799788
5.8841376
5.6361685
5.4899797
5.4439073
5.625602
6.1248775
6.328659
5.7484994
5.6162796
5.597325
5.0237885
5.154223
5.830636
6.02081
5.8218856
5.431521
5.184742
5.2721353
5.509301
5.7276936
6.5671377
6.4063764
6.2177687
5.6158724
6.1413393
6.5551
6.649159
6.3761873
6.0670366
5.5978613
5.246442
5.542531
6.074729
6.0986366
6.042564
5.8399982
5.977562
5.8251724
5.4655128
5.404101
5.021045
5.4651165
5.970951
5.5748367
5.403834
5.2234993
5.1595135
5.283716
5.240758
5.6004324
6.100417
6.2868605
6.263189
5.9356513
5.900816
6.478443
6.8241844
6.321441
5.941184
6.1510515
6.02383
6.225191
6.14486
6.1557918
6.3172426
6.487895
6.3778815
6.374469
6.1274686
6.0330424
6.1063366
6.0305424
5.8315988
5.6871314
5.500498
5.743342
6.175746
6.4879713
6.4241676
6.2632084
6.271278
6.3673778
6.8112373
6.7903705
6.4400477
6.545091
6.354678
6.3772182
6.688688
6.727396
6.8989987
6.8569527
6.679337
6.823796
7.114881
6.708824
6.886897
6.793911
6.681103
6.7586446
6.9243746
6.512764
6.6976137
7.0657454
6.9492655
7.029965
7.2219925
7.042508
7.27508
7.2800517
7.262482
7.0591335
7.054886
7.2200756
7.1007137
7.448512
7.333946
7.2039423
7.0539956
6.9195247
6.8852043
6.914613
7.111849
7.2249656
7.48883
7.690468
7.4911447
7.712041
7.5897503
7.744476
7.4731774
7.2773037
7.2164407
7.3178797
7.167485
7.216091
7.096282
7.1676464
7.29984
7.2429247
6.818612
6.735959
6.4817014
6.326491
6.383957
6.44961
6.7035475
6.9802437
7.260045
6.935877
7.1132317
7.0743675
7.1419163
7.1564617
7.0216484
6.949588
6.719942
6.6538887
6.7841825
7.073537
7.173115
7.0625725
7.1960735
7.2132006
6.7322264
6.8912992
6.971059
6.932938
6.8103833
6.773651
6.9426336
7.306006
7.2276287
7.648783
7.3737373
7.49422
7.48723
7.446286
7.5668583
7.578002
7.308657
7.1847672
7.1046696
7.094702
7.1414366
7.61184
7.790341
7.977536
7.3958883
7.4784174
7.7332406
7.775913
7.4617796
7.295325
7.5981894
7.903975
7.8026366
7.7978535
7.4397764
7.297264
7.6001616
7.3300247
7.31396
6.9787397
6.9532266
7.109667
7.2390523
7.104029
7.608229
7.7836256
7.964609
7.6216345
7.1589394
7.210749
7.3782263
7.334573
7.2095766
7.128498
7.401889
7.858285
8.112928
7.872404
7.4343033
7.4408417
7.4914527
7.8140926
7.7943344
7.4452114
7.2116704
7.2573457
6.8208485
6.8560667
7.163434
7.4284883
7.6848774
7.2829494
7.323059
7.520392
7.330062
7.180599
6.8425484
7.0412226
7.259236
7.62257
7.6494904
7.381747
7.104377
6.95339
7.3806643
7.919513
7.654066
7.5172253
7.41684
7.2201357
7.2774897
7.2984104
7.6151485
7.949596
7.657625
7.303192
7.3574004
7.29335
7.000899
6.8466177
7.206384
7.4320564
7.526553
7.960725
7.7665596
7.6964254
7.618475
8.083485
8.339248
8.128241
7.850032
7.806102
7.6547832
7.833148
7.640575
8.071878
8.226683
7.9300766
7.287465
7.5543666
7.4958644
6.9994783
6.9995456
7.0551085
7.299756
7.560082
7.758068
7.185156
7.1476955
7.12597
8.068437
8.008944
7.672064
7.5912566
7.5255737
7.4572725
7.614893
7.6789713
7.7372894
7.8446345
7.5035353
7.260826
7.1518345
7.071206
6.9605393
7.0366554
6.7833905
6.8292723
7.0528674
7.049078
6.658087
6.7893095
7.059322
7.3237844
7.2217574
7.072485
7.1317205
7.227519
7.1004004
6.9475155
7.3582954
7.518386
7.4781613
7.753279
7.2971134
7.195282
7.377527
7.2521715
7.060951
6.8873215
6.992986
7.1573944
7.0070367
6.6587396
6.7160454
7.077547
7.9103856
8.030004
8.0109625
8.06494
8.017133
7.798394
7.8021407
7.6573725
7.751354
7.5437713
7.573639
7.2907276
7.2739887
7.6398
7.62895
7.368737
7.634825
7.477235
7.3750963
7.5483413
7.5865207
7.388117
7.263662
7.298092
7.513335
7.9722776
8.3266115
8.11056
8.040034
7.991213
8.001423
7.9328074
7.8358593
7.737796
7.851059
7.860837
7.621755
7.3433037
7.4429483
7.3756194
7.188442
7.228771
7.3487873
7.2387867
7.2441015
7.0086083
6.830673
6.9858975
6.9705
7.6878204
8.04936
7.9629264
7.9623837
8.037981
7.8253107
8.0306
7.7945323
7.9633646
8.076022
7.8396497
7.099924
7.4235473
7.491605
7.3575387
7.2815447
7.211838
7.0532346
6.987094
6.9260354
6.8000817
6.707651
6.8620753
7.4469323
7.7951875
7.846798
7.772702
7.761464
7.8584404
7.7982125
8.050133
7.9565167
7.696496
7.6815357
7.538267
6.8893466
6.9861183
7.5135818
7.5140095
7.616236
7.527909
7.149144
7.271694
7.2800255
6.7917333
6.411228
7.11017
7.181468
7.728957
7.8070383
7.68885
7.5736113
7.3541083
7.482985
7.589782
7.694082
7.7139816
7.4620066
7.1859336
6.551944
6.783964
7.2611637
7.2145066
7.264526
7.3941736
7.181288
7.091232
7.15121
6.7898235
6.799321
7.2461987
7.552644
7.7496653
7.775182
7.6029005
7.74963
7.6141505
7.607098
7.5762014
7.474707
7.570479
7.4351487
6.9802346
6.673711
7.3549085
7.1109877
7.2729516
7.3356895
7.291426
7.226346
7.3632183
6.9242625
6.778899
7.331449
7.3281307
7.6626573
7.847821
7.816818
7.83772
8.027121
7.964437
7.8263845
7.6684084
7.724283
7.680103
7.46182
7.0050764
7.230123
7.4332023
7.3134975
7.4596305
7.4231973
7.2706823
7.4095507
7.142984
6.79445
6.6269345
6.8967776
7.0484486
7.1084647
7.0074544
6.6728687
6.826399
6.8337593
7.009591
6.856126
6.5691457
6.642718
6.669301
6.4722686
5.6970286
6.3596706
6.6747694
6.6854153
6.536876
6.6888905
6.378409
6.161205
5.7513995
5.6003246
6.0779805
6.571437
6.909928
7.4498563
7.425952
7.0783043
7.4876313
7.667022
7.110504
7.213565
6.8637137
6.8380914
6.686774
6.2837305
6.055852
6.065702
6.12735
6.5090175
6.0387344
5.8131647
5.8892345
6.015419
6.4563274
6.331822
6.578279
6.8251367
6.8630357
6.806554
6.829215
6.9189234
6.743906
6.6410937
6.412838
6.461241
6.323934
6.403957
6.4415994
5.7895436
5.9743724
6.5615582
6.7425466
7.0253673
6.939326
6.9187355
6.956747
6.7475047
6.4227347
6.477447
6.856394
6.9411235
7.099134
7.2023926
7.2330337
7.619078
7.478756
7.6302857
7.69701
7.45041
7.180088
7.172276
7.0759406
6.3888903
6.5119724
6.4939218
6.731163
6.9303017
7.005629
6.9284477
6.9421644
6.7085
6.598062
6.205048
6.6618943
7.0803413
7.5014977
7.3411503
7.1495953
7.2667685
7.390558
7.5747004
7.735028
7.6705074
7.261404
7.234505
7.248341
7.2961397
7.0385795
6.9862995
6.8024716
6.9864535
7.2910285
7.2326593
7.224865
7.3081985
7.0510173
7.0946355
7.0100694
6.9930477
6.897595
6.7620893
6.6197534
7.1670294
7.064512
7.1891165
7.0272703
6.723791
6.548345
6.699566
6.6386743
6.7860403
6.4588566
6.4191628
6.5549173
6.582744
6.6091905
6.7243013
7.1605
6.863401
6.6952047
6.8139277
6.9344177
7.055215
7.280694
7.0128455
6.689131
6.6451254
6.5371275
6.434595
5.9897428
6.2065344
6.49047
6.4216805
6.5483775
6.2469087
6.162071
6.3927255
6.4622917
6.5407505
6.6192675
6.5751705
6.7090235
6.7766485
6.839397
6.8885307
7.22415
6.887733
6.271851
6.2603784
6.183137
6.403088
6.4182568
6.2802486
6.2562876
5.877455
5.8412075
5.5412564
5.6692553
5.4136305
5.4373474
5.9239016
5.7151637
5.363676
4.837637
4.867967
5.2987404
5.7506123
5.891772
5.8178215
5.674779
5.7684836
5.9386907
5.894502
6.2073293
5.9601765
4.936777
4.6301527
4.748364
6.0114465
5.8961225
5.908181
5.8642583
5.677487
5.251333
5.418267
5.604689
6.082069
6.032069
5.762314
5.790065
5.8161073
5.744121
5.4516363
5.4380827
5.235485
5.695555
6.035132
6.34693
6.051196
6.4837813
6.216281
5.591552
4.924734
4.7202797
5.0464163
5.5773106
5.1480093
4.867744
4.6882606
4.618641
4.6065297
4.8041553
4.837048
4.771219
4.397821
4.4814515
4.021549
0
0
0
4.709254
4.779851
4.8007555
4.639522
4.595039
4.5554533
4.6249
4.67533
4.642762
4.5994024
4.699252
4.524252
4.643326
4.6583796
4.672643
4.547929
4.615759
4.6544223
4.674273
4.6152787
4.5930147
4.4351497
4.439267
4.648871
4.596582
4.5140977
4.463896
4.5270605
4.5559335
4.5962925
4.6466303
4.7600164
4.662331
4.5396166
4.4853163
4.502304
4.3885927
4.558549
4.50797
4.613641
4.5876827
4.5061975
4.617573
4.5990233
4.467322
4.5698023
4.637399
4.653625
4.599456
4.45829
4.523245
4.52686
4.539117
4.6773767
4.706929
4.6425705
4.6818933
4.598013
4.643327
4.636514
4.6400986
4.814808
4.8304434
4.676169
4.584096
4.72208
4.7432733
4.8575478
4.658426
4.68827
