10000
8.673185
8.520365
8.483442
8.58786
8.5177145
8.541437
8.608682
8.540183
8.565333
8.623673
8.6227045
8.639724
8.599836
8.726898
8.628068
8.673756
8.620041
8.605518
8.68622
8.729245
8.692422
8.7076025
8.673705
8.750478
8.661443
8.790031
8.6817045
8.760963
8.731801
8.727743
8.774385
8.7265005
8.632941
8.627196
8.602905
8.600972
8.570158
8.671744
8.570485
8.61491
8.488908
8.429537
8.441038
8.40162
8.319712
8.163047
7.985462
7.6871715
7.628478
7.6901383
7.4421525
7.529266
7.5210686
7.604951
7.5040207
7.418624
7.344344
7.4730825
7.544417
7.7073464
7.8277245
8.066329
7.930846
8.026828
7.9032536
7.7441816
7.2602625
6.8010454
6.8199725
6.448992
6.1448145
6.0004764
5.9432306
5.8893538
6.080543
6.0934258
5.9822264
5.720567
5.6940084
5.29606
4.9147854
4.732419
4.815487
4.860598
4.8232026
4.795799
4.809985
4.7933846
4.7795253
4.718262
4.7512975
4.8858514
4.82242
4.8716793
4.796134
4.888012
4.92687
4.43858
4.697802
4.7128
4.7859235
4.6373873
4.6660075
4.6497793
4.8031406
4.725322
4.6751657
4.6802163
4.5384264
4.6569366
4.575111
4.740296
4.6725125
4.61703
4.6147456
4.55134
4.6719184
4.5550375
4.64062
4.54453
4.4968166
4.530333
4.5096345
4.5101686
4.525257
4.6229467
4.5103536
4.4970555
4.6059313
4.6647387
4.589305
4.6904135
4.7088356
4.7999434
4.829025
4.8945346
4.8011827
4.8916855
4.827762
4.652152
4.6915293
4.5367546
4.5419903
4.5743265
4.56374
4.605794
4.6997595
4.6842127
4.7158413
4.7453885
4.5921736
4.610488
4.6203017
4.6915436
4.6781197
4.7503033
4.6761866
4.5773277
4.7744274
4.661302
4.6896415
4.7869773
4.7101007
4.555314
4.694983
4.6633034
4.7753406
4.7425275
4.6250343
4.683462
4.666675
4.7560115
4.6472893
4.7562623
4.738573
4.7051063
4.7143173
4.6251926
4.7061644
4.7298756
4.668321
4.699699
4.717437
4.757298
4.759406
4.844915
4.8025556
4.8766236
4.828771
4.8035407
4.9458246
4.8697505
4.978414
4.907529
4.9331894
4.7662015
4.789068
4.813388
4.716335
4.688597
4.5649943
4.633387
4.63427
4.5504565
4.515695
4.597069
4.5823317
4.550812
4.533853
4.6306267
4.596155
4.7168007
4.583296
4.5147643
4.560188
4.5363865
4.477766
4.4270706
4.362521
4.3799157
4.415238
4.331882
4.225625
4.257732
4.2206235
4.1612515
4.2100935
4.155426
4.2882185
4.2551136
4.300848
4.224126
4.35374
4.254687
4.274746
4.436165
4.406337
4.455572
4.443444
4.4210753
4.575406
4.5169845
4.7748303
4.570385
4.742318
4.5638533
4.680601
4.671545
4.6073875
7.037365
6.931167
6.792382
6.9434633
6.9415894
6.8292007
6.881353
7.015933
6.9127393
7.016627
6.836839
7.034426
7.0184946
7.128539
6.983979
7.0961185
7.0505905
7.087842
7.0966806
7.0958853
7.0796185
7.0987616
7.086361
7.125475
7.1187005
7.1425905
7.109027
7.239399
7.0621943
7.09947
7.1011515
7.104742
7.1253533
7.1879883
7.087965
5.241085
5.3402567
5.193089
5.2478094
5.215886
5.3397956
5.525684
5.424013
5.458252
5.517407
5.3040805
5.214117
5.2816195
4.468948
4.427344
4.946838
4.816239
4.8986464
4.9094043
4.921479
4.9113173
4.918037
4.9169927
4.896062
4.948561
4.8890524
4.9127398
4.8847365
4.8899565
4.884384
4.949602
4.879963
4.94342
4.8607874
4.95514
4.8603783
4.9222846
4.844669
4.934424
4.864106
4.9263906
4.86921
4.86668
4.8585167
4.907799
4.881947
4.905468
4.9110765
4.9682593
4.9032
4.9286275
4.904484
4.915452
4.881748
4.919006
4.8751636
4.913014
4.895929
4.9191794
4.8801866
4.834661
4.867084
4.8677907
4.8779993
4.912613
4.8653817
4.8328824
4.8659835
4.9088454
4.919554
4.8671083
4.909506
4.890436
4.9758534
4.9383416
4.944683
4.8885636
4.9583025
4.9260173
4.9858313
4.888203
4.9714494
4.8963966
4.957422
4.805195
4.9012947
4.8640733
4.91949
4.8694563
4.9134445
4.8302164
4.894073
4.953976
4.858008
4.902172
4.9479084
4.937389
4.9133697
4.9218426
4.8098006
5.009594
4.7737265
4.820821
7.0191536
6.840378
6.8189526
6.924799
6.8850775
6.652109
6.809126
6.544948
6.461738
6.4586015
6.4798126
6.391985
6.395727
6.422265
6.3595657
6.4070225
6.4834504
6.4481363
6.509038
6.6436043
6.7357454
6.7348056
6.8739343
6.761867
7.0203676
6.9596596
7.0057383
7.017449
7.0382395
7.1015067
7.194862
7.217253
7.1435037
4.669933
4.6790686
4.7438774
4.6273394
4.8016596
5.0089636
5.0146503
4.803148
4.8363447
4.8820286
4.8476853
4.636143
4.6524096
4.649376
4.6031976
4.620687
4.443681
4.4138346
4.406474
4.3882494
4.4370985
4.4730544
4.3659363
4.4723005
4.2272625
4.3617907
4.2249823
4.419873
4.370135
4.363584
4.303237
4.3393116
4.2341576
4.370068
4.242891
4.490577
4.4768295
4.341422
4.4533453
4.459489
4.5655794
4.4777613
4.3980703
4.580663
4.467401
4.563714
4.675908
4.8594747
4.8454633
4.8693376
4.7304206
4.6505933
5.1570063
5.0364366
5.04584
5.1742725
5.166477
5.175841
5.034261
5.187745
5.007013
4.8930426
4.734824
4.7829247
4.76722
4.848449
4.719702
4.6583133
4.5582056
4.6663036
4.6582036
4.6072335
4.7606897
4.7201266
4.675113
4.804316
4.808671
4.658561
4.55242
4.5410724
4.68222
4.484999
4.555007
4.413593
4.550039
4.786403
4.9122906
4.7533464
4.533183
4.6926513
4.596316
4.465235
4.402359
4.443308
4.609369
4.5469856
4.3349166
4.205706
4.2771144
4.0655217
4.1905675
4.053918
4.1870275
4.160786
4.264188
4.408168
4.420801
4.386485
4.3308954
6.3160524
7.253228
7.2651987
7.3679504
7.280935
7.359958
7.342829
7.3300076
7.4430532
7.3804703
7.334794
7.309161
7.4447126
7.281519
7.328677
7.398314
7.2507563
7.3272696
7.3288717
7.316073
7.4243956
7.308774
7.394766
7.303877
7.298406
7.357088
7.2520046
7.2456036
7.2574434
7.3063736
7.3598833
7.2566967
7.3198943
7.1923923
7.152646
7.081889
6.911195
6.610045
6.5191774
6.4537315
6.3714876
6.08892
6.0290384
6.040597
5.9919834
5.939554
5.8228636
5.7269473
5.5412674
5.598865
5.598192
5.286374
5.105479
4.815988
4.8545322
4.590571
4.5466604
4.8050227
4.9183555
4.837455
4.8843174
4.813606
4.8058133
4.650702
4.7473536
4.6992216
4.5912943
4.605383
4.4979525
4.435104
4.4017105
4.1768394
4.6038017
4.828591
4.903348
4.940562
4.9801407
4.9081244
4.977631
4.9318137
4.9840794
4.9500885
5.020636
4.907404
5.1710687
5.1074605
5.133112
5.1654882
5.234539
5.2897773
5.0421853
4.9622045
5.1943235
4.982832
4.9995556
4.859027
5.0664687
4.9914274
4.949214
5.0682764
5.0710964
5.0510564
5.096584
5.2004194
5.1126904
5.092866
5.200113
5.1312156
5.182988
5.1573772
5.162774
5.0637717
5.101989
4.920027
4.928415
4.897946
4.9965625
4.740487
4.590768
4.638602
4.410113
4.348775
4.235791
4.4260516
4.6421375
4.8522596
4.865889
5.0495663
5.0173993
4.970971
5.100767
4.973261
5.0521574
5.0984945
5.271755
5.1739745
5.1561995
4.6033072
4.699441
4.0667677
0
0
4.2147274
4.371196
4.5538645
4.5161915
4.6357665
4.4872756
4.556717
4.434067
4.3206096
4.578778
4.6665936
4.6080465
4.4842825
4.1725106
4.035848
4.251273
4.504374
4.4305153
4.456486
4.3156424
4.352373
4.332256
4.2960544
4.2894063
4.34615
4.297517
4.278046
4.333406
4.4122324
4.4362745
4.4838395
4.3249636
4.422026
4.332964
4.337381
4.4045343
4.49642
4.469398
4.3899903
4.411252
4.5403543
4.5165315
4.5853987
4.4886227
4.6740327
4.6881194
4.6253567
4.741328
4.758914
4.8691897
4.8722396
4.8127446
4.904727
4.903041
4.9226623
4.8731823
4.8725853
4.926961
4.913311
4.889123
4.8113055
4.8863773
4.8498144
4.844354
4.8180604
4.7299833
4.6871233
4.714728
4.729501
4.630204
4.6524873
4.6233635
4.607069
4.5711026
4.5273843
4.658759
4.637831
4.631463
4.6336164
4.5741863
4.4913354
4.436699
4.4422445
4.400277
4.446863
4.366139
4.367497
4.4093876
4.327843
4.3867984
4.3237457
4.290538
4.388871
4.402982
4.8979278
4.7712927
4.6951427
4.7293797
4.758409
4.753426
4.7425547
4.773145
4.705685
4.7196226
4.7735844
4.7431808
4.811553
4.691525
4.7067165
4.744525
4.687385
4.682601
4.705107
4.6703176
4.686549
4.661913
4.730996
4.6508923
4.7367983
4.7786727
4.7888775
4.7944717
4.7837396
4.7994146
4.7980394
4.744891
4.789799
4.683993
4.830111
4.696036
4.8218203
4.7562985
4.8667517
4.793067
4.845759
4.7188168
4.767763
4.8675685
4.856448
4.769602
4.8265395
4.795945
4.9030776
4.8705487
4.7815757
4.866785
4.790421
4.8918037
4.7347226
4.7450724
4.7645273
4.748681
4.779572
4.944142
4.865099
4.7537465
4.8043265
4.899433
4.839346
4.7868104
4.7645783
4.7521467
4.717606
4.709496
4.711158
4.7659407
4.728093
4.633793
4.80325
4.7318172
4.7672067
4.822644
4.7787337
4.7727895
4.7791033
4.783528
4.85645
4.9226685
4.88296
4.860627
4.7743554
4.76832
4.7088675
4.9167614
4.945307
4.8858066
4.8614206
4.9040184
4.9901543
4.9646177
5.0146823
5.023083
5.018112
5.007772
5.023192
5.0528436
4.9972076
5.070319
4.9176035
4.888657
4.8911295
4.981601
4.7153606
4.874445
4.8416066
4.903231
4.880302
4.92425
5.014726
5.204894
5.1739383
5.1707487
5.2725825
5.3184934
5.249316
5.2961793
5.346139
5.274544
5.3007064
5.2206445
5.245222
5.1959486
5.0831532
5.1627855
5.179513
5.076915
5.121128
5.257623
5.2871532
5.2053757
5.0386086
5.069263
5.039465
4.964871
4.6358128
4.635854
4.578679
4.2398148
5.2304196
4.8850327
5.2694297
5.196753
5.1227593
5.2611437
5.219177
4.9972305
4.931571
5.3292656
5.357632
5.2159305
5.3617477
5.243271
5.2370243
5.288557
5.190106
5.1682467
5.17766
5.1502795
5.2551765
5.3169255
5.380264
5.284466
5.461623
5.4331026
5.384226
5.806066
5.680636
5.492609
5.3225946
5.673641
5.5115623
5.669717
5.423741
5.5913024
5.6182213
5.6186686
5.6480503
5.742453
5.7830563
5.5141454
5.5720844
5.533159
5.290473
5.310317
5.2008185
5.3409023
5.245183
5.4179115
5.4626756
5.4426136
5.362213
5.4672904
5.353566
5.4606357
5.531993
5.4515643
5.346576
5.3143826
5.468111
5.4364743
5.383187
5.3892965
5.4084578
5.3220305
5.283803
5.3147454
5.2674785
5.341835
5.4500346
5.4764137
5.4833508
5.5036116
5.5134315
5.3341494
5.4559646
5.7586465
5.7544208
5.5671134
5.5099235
5.4384375
5.589979
5.587473
5.327421
5.3829203
5.4713335
5.569506
5.4928346
5.4905906
5.256194
5.3052397
5.204418
5.246784
5.167812
5.30328
5.1268215
0
4.3111134
5.334755
5.2982745
5.440203
5.3627663
5.2071686
5.516569
5.2954664
5.3616147
5.4077344
5.238075
5.3425508
5.225694
5.223803
5.1930914
5.133647
5.232732
5.230231
5.1836863
5.009074
5.020239
5.18183
5.1066294
5.0275784
5.037924
5.0244317
4.8825846
4.8484344
4.719244
4.7730627
4.803125
4.2821007
4.630649
4.734246
4.3065133
4.451744
4.305123
4.5298276
4.588349
5.205087
5.987674
6.392067
6.3533583
6.321248
6.343387
6.345615
6.377654
6.4073153
6.1814914
5.946115
5.8334274
5.553877
4.9136486
4.421198
4.0751705
4.109858
4.165698
4.210145
4.590134
4.304311
4.4309864
4.5620337
4.4954815
4.3013663
4.2445235
4.2087903
4.209866
4.3172464
4.486958
4.59334
4.442937
5.1944685
5.7208457
5.9315586
5.923678
6.095679
5.6340585
5.8821907
5.71493
5.6058445
5.4030423
5.8510933
5.570411
5.0596123
4.4981184
5.1058097
4.8098226
4.4805
5.557614
5.6245184
5.5991898
5.5853615
5.56149
5.6654444
5.669574
5.472804
5.710393
5.6629033
5.7538652
5.7176347
5.657195
5.691374
5.661784
5.613421
5.5925097
5.6282463
5.705203
5.603531
5.7061296
5.5564756
5.7595243
5.6548653
5.5745287
5.4629993
5.443994
5.404879
5.4316316
5.210319
5.2657313
5.09401
5.041691
4.9878817
4.967834
4.967807
4.967593
4.908715
4.838574
4.8016233
4.896576
4.7834864
4.809157
4.794422
4.8512497
4.867024
4.9366
4.851696
5.00019
5.13671
5.1990557
5.2713914
5.334368
5.353506
5.4565125
5.475026
5.546219
5.482659
5.553032
5.7394085
5.891485
5.883048
5.9724402
6.0300946
6.118274
6.08156
6.191666
6.199197
6.180711
6.1286564
6.2149487
6.2714777
6.243626
6.313644
6.36635
6.265041
6.198827
6.200861
6.252805
6.2112546
6.135806
6.110133
6.0915117
6.072735
6.077677
5.9986115
6.039849
5.9685583
5.985975
6.049895
5.8533044
5.924066
5.8643856
5.903078
5.810187
5.7635975
5.8608723
5.9461102
5.986732
5.914796
5.8565235
5.9339237
5.8813124
5.929723
5.9850826
5.9323936
5.956527
5.9900594
6.013816
6.040291
6.003664
5.9110107
6.0046153
5.846525
5.9387064
5.8851614
6.072837
5.9072604
5.972055
6.022943
6.0065565
6.0604453
6.052272
5.994956
6.108292
6.1382003
6.24351
6.281591
6.264382
6.2724166
6.3113165
6.24177
6.177996
6.3473663
6.133983
6.21587
6.2598896
6.2822986
6.358544
6.2290707
6.205774
6.2045245
6.282344
6.1836586
6.1694546
6.13621
6.114016
6.2037272
6.1450644
6.150774
6.0880218
6.1217737
6.151578
5.997036
6.067834
6.079416
6.0379214
6.080451
5.9268045
6.0413957
5.8647237
5.7944303
5.813548
5.7625823
5.7608976
5.9026704
5.9212956
5.863735
5.9157605
5.984952
5.9588094
6.0750546
5.9116354
5.9188237
5.9000793
6.0263257
5.989997
5.9869747
5.9794936
5.960658
6.018187
5.9782352
6.030244
6.011972
6.0526505
6.0312424
6.027879
6.015691
6.0085235
6.1454062
6.1784906
6.0642033
5.987629
6.0739336
6.152878
6.202333
6.1421976
6.1396484
6.101129
6.0668287
6.1823773
6.260895
6.189739
6.2156124
6.0700645
6.0773454
5.9931397
6.0499287
5.8968673
6.114385
5.9831576
5.841485
6.0465274
5.9417787
6.019976
5.81927
6.0440674
5.800267
5.9176545
5.766148
6.010331
6.0037365
6.163589
6.027752
6.123777
6.0249805
6.052489
5.9773903
6.113714
6.0123706
6.11617
6.015427
6.0248647
6.1662974
6.1629043
6.021943
6.112556
6.010162
6.0313272
5.983839
5.914356
6.057743
6.066025
6.07542
5.931859
6.00478
6.1102757
6.1077414
6.103323
6.1348085
6.055272
6.173765
6.189697
6.1581826
6.172806
6.184995
6.2162247
6.228058
6.1002817
6.1309423
6.084886
6.065304
6.1183524
6.1867523
6.178674
6.1507816
6.2235084
6.1659746
6.222144
6.037921
5.9661145
5.9129977
5.911338
5.9232583
5.8846397
5.976677
5.870866
5.872553
5.8802614
5.919902
5.913268
5.8174224
5.752343
5.6679344
5.6670227
5.5561237
5.5851145
5.658306
5.4711766
5.45022
5.615487
5.69168
5.8030515
5.840298
5.8624506
5.8191247
5.6891937
5.7411246
5.71625
5.7996864
6.024397
5.9512978
6.05391
6.006234
5.94628
6.072406
5.8689666
5.906741
5.6492815
5.542172
5.454872
5.4253826
5.4972377
5.5203657
5.7949457
5.772636
5.7094235
5.797484
5.809366
5.7070704
5.8139772
5.9241104
5.936118
5.7589707
5.509945
5.640135
5.5177474
5.4979963
5.478288
5.4414825
5.5135612
5.4837313
5.5175943
5.543629
5.6960006
5.857027
6.0766735
6.2200184
6.072058
6.0924106
6.103283
6.238557
6.2072525
6.2956905
6.206989
6.378283
6.4787235
6.468412
6.405348
6.379147
6.4032784
6.4964657
6.3683095
6.5048823
6.1803875
6.242472
6.190903
6.217559
6.173476
6.387455
5.7381654
5.660956
5.682003
5.6303883
5.6648164
5.7376666
5.794737
5.9850516
6.2026653
5.9086733
5.825512
5.7635465
5.8624883
5.9960785
5.9218163
5.745904
5.882262
5.9829903
6.202655
6.4026895
6.3277955
6.242505
6.189425
6.026144
5.604709
5.289334
5.1526575
5.227464
5.254282
5.2091923
5.256863
5.5084763
5.5337467
5.763281
5.9825335
5.60717
5.133271
5.2050743
5.3295083
5.4016137
5.297212
5.1770587
5.2426944
5.284496
5.481868
5.589813
5.611064
5.741952
5.769762
5.823252
5.57992
5.651533
5.671368
5.5674253
5.6879606
5.7491007
5.685072
5.857839
5.789811
5.9142203
5.9882164
6.009609
6.01945
6.0835695
6.1157584
6.0591865
5.8569136
5.7553763
5.526484
5.437319
5.2670946
5.2988605
5.2085886
5.3461037
5.349936
5.363939
5.3118124
5.2758703
5.3553987
5.4206862
5.345591
5.1367846
5.179548
5.131064
5.038657
4.713062
4.963721
4.9085107
4.932503
5.001203
5.1720123
5.0201206
4.9766083
5.16325
5.116382
5.1267633
5.186363
5.2303967
5.1541834
5.23238
5.1934834
5.1781693
5.120699
5.184235
5.1285524
5.0998535
5.095839
4.9923153
5.112344
5.0785456
5.1049423
5.039105
4.958479
4.967096
5.0057983
4.952385
4.9937735
4.9825573
4.9291744
4.873578
4.8285055
4.877517
4.8955994
4.8572016
4.9065666
4.810916
4.842675
4.853298
4.8278203
4.8703227
4.889559
4.8617935
4.8472166
4.8324566
4.80395
4.7630777
4.729465
4.8227196
4.750175
4.9484205
4.939071
4.897234
4.862903
4.927739
4.705005
4.737302
4.8061247
4.7961726
4.8842506
5.012427
4.9055843
4.8835654
4.878486
4.828096
4.792898
4.752882
4.6381593
4.620778
4.663764
4.830482
4.6121216
4.7750626
4.6448164
4.6279645
4.564692
4.707812
4.7628226
4.8386283
4.8427744
4.8358035
4.765906
4.87097
4.7164354
4.828648
4.700255
4.8000665
4.829998
4.8247533
4.75668
4.7273803
4.9388714
4.893381
4.8652024
4.883273
4.9905486
5.0152593
5.0068216
4.866036
4.920323
4.9214625
4.9463906
4.8469396
4.8652444
4.887193
4.880096
4.9600096
4.9952807
4.910349
4.9879355
4.9535127
4.9437275
5.046704
5.0433283
5.0847178
5.0356207
5.0487227
5.0418744
5.033064
5.0694494
5.099022
5.1324735
5.046311
5.1195874
5.1196656
5.118064
5.08532
5.132968
5.11578
5.146974
5.0506053
5.102166
5.0873795
5.047609
5.085534
5.1152678
5.1307735
5.0205336
5.1266575
5.0176883
5.034197
5.0691895
5.154437
5.1193495
5.1074867
5.032001
5.0182266
5.025962
5.061019
5.017738
5.6568894
5.807477
5.6886783
5.8501897
5.9025383
5.9239554
5.7914205
5.8666
5.7535696
5.9463205
5.75657
5.9441795
5.7762537
5.9078903
5.867559
5.9213643
5.870885
5.907689
5.7638407
5.766994
5.798627
5.8866706
5.8148856
5.7842035
5.9538646
5.9401517
5.891092
5.8060503
5.8760543
5.8847632
5.965775
5.952346
5.9881277
5.9017334
5.987577
5.9517565
5.993284
6.0899835
6.0320487
5.9494452
6.1086473
6.0857186
6.0770717
6.051358
6.1021996
5.9584002
6.048227
5.9884205
6.0020547
5.909209
6.001179
5.923766
5.980918
5.904494
5.933435
5.908333
5.888024
5.927683
5.909809
5.92658
5.9818325
5.919377
6.067595
5.9207835
5.9629097
5.990926
6.075465
6.0829043
6.1256447
6.227537
6.150035
6.19952
6.1597123
6.25237
6.1140914
6.2745
6.207728
6.2240186
6.2896576
6.2189517
6.3011
6.1910224
6.2836328
6.1987343
6.223228
6.1799946
6.1850286
6.1137075
6.2110114
6.114934
6.035925
6.1273947
6.035341
6.068607
5.8686323
6.0149326
6.0982146
6.079165
5.9295044
5.9592905
5.9348674
6.0154057
6.0017533
6.12561
6.1403103
6.3248086
6.2076106
6.186703
6.100531
6.09962
5.9928503
5.9142447
5.8581123
5.933928
5.8263836
5.922814
5.9223456
5.7779164
5.809094
5.673258
5.4513655
5.386707
5.4265623
5.183815
5.2950854
5.288187
5.3595757
5.318765
5.256959
5.2610583
5.411285
5.460813
5.5043783
5.5716944
5.4293394
5.505969
5.9681735
5.691968
5.798928
6.1365247
6.213616
6.351
6.276892
6.255015
6.151305
6.138483
6.0980163
6.1500125
4.011424
4.165183
4.006905
4.2043858
4.171047
4.02868
4.220384
4.2696404
4.352681
4.521594
4.484082
4.4862185
4.5637465
4.638429
4.6549664
4.6188416
4.5948744
4.7257886
4.61425
4.7289715
4.8383226
4.8289385
4.851509
4.873289
4.8537455
4.915356
4.981843
5.1787715
5.224131
5.3508554
5.2510705
5.2610817
5.3348093
5.2573256
5.300701
5.3251424
5.337502
5.32094
5.2656446
5.3502107
5.242527
5.402057
5.5089393
5.486439
5.418015
5.4895506
5.4953413
5.4687448
5.408488
5.285209
5.367432
5.4261603
5.315298
5.4493046
5.441772
5.4886394
5.450234
5.497417
5.4620214
5.3654633
5.3848257
5.348171
5.4554334
5.4226584
5.466471
5.485096
5.361288
5.367863
5.2604346
5.303815
5.2413793
5.277519
5.320793
5.336256
5.3634825
5.320646
5.341369
5.304393
5.3195424
5.364947
5.2804904
5.196051
5.1619296
5.1383452
5.1593986
5.2408853
4.9927597
5.0630817
4.9721107
5.0662565
5.021894
5.0858097
5.062512
4.967806
5.0057297
4.885363
5.1494207
5.065806
5.098337
5.087526
5.010027
5.0677805
5.0968056
5.161369
5.220635
5.11762
5.166816
5.1422734
5.000061
4.9319763
5.1182923
5.219687
5.1373715
5.1587524
5.2369676
5.1174965
5.1021304
5.2761874
5.3508363
5.323899
5.2564144
5.195475
5.4205933
5.453694
5.525064
5.765502
5.7510157
5.74551
5.6805334
5.665924
5.7282248
5.526232
5.498169
5.5531163
5.535941
5.7261467
5.9355497
5.7863
5.750571
5.7729797
5.748129
5.7951746
5.8349376
5.8276663
5.7779837
5.7594028
5.727489
5.702517
5.7558956
5.7949576
5.738407
5.716774
5.799259
5.686742
5.58282
5.7022395
5.64314
5.730747
5.569828
5.72797
5.6707487
5.77758
5.6436224
5.707027
5.6159205
5.652416
5.6827273
5.8024616
5.7248654
5.746112
5.6580515
4.37471
4.3950624
4.5639873
4.6900496
4.7183537
4.876721
5.058502
5.20563
5.2994995
5.322634
5.376122
5.4333663
5.6304846
5.58868
5.5674663
5.740503
5.839387
5.7703915
5.8359523
5.798815
5.8864937
5.885618
6.1251287
6.105056
6.0968003
6.161803
6.150186
6.159097
6.1809125
6.0994735
6.070278
6.1218066
6.320006
6.426801
6.2959256
6.2733064
6.115053
6.051306
6.1214857
6.0219707
6.0596933
6.240981
6.1384273
6.193016
6.435644
6.528041
6.4742303
6.2645435
6.235651
6.118621
6.0646343
6.048016
6.3727336
6.2090964
6.403747
6.1568894
6.270566
6.141915
6.0961885
6.2021112
5.976616
6.023809
5.790583
5.976753
6.021446
6.0882254
6.0727253
5.94919
5.910512
5.8973064
6.0176077
5.9413166
6.0532794
5.9396544
6.1552153
4.4996824
4.52043
4.474485
4.467949
4.525013
4.43801
4.4650364
4.6446595
4.565339
4.57156
4.6474924
4.730492
4.7495737
4.8488526
4.9134684
4.916656
4.90229
5.02839
5.1020684
5.172092
5.1742706
5.361521
5.444438
5.4474974
5.817072
6.0695786
6.082281
6.1239963
6.08095
6.1835365
6.0328054
5.974661
5.8931713
5.8053336
5.8739457
5.7556114
5.62422
5.560709
5.523038
5.541372
5.488456
5.4831877
5.513377
5.564408
5.5286183
5.5192094
5.4262815
5.4688888
5.3765526
5.4313216
5.4613266
5.2944274
5.200136
5.058469
5.0722075
4.912809
4.9156656
4.9773984
4.872741
5.007953
5.0142784
5.0706744
5.1773305
5.0411987
5.1486125
5.014741
5.004599
5.060196
5.0173287
5.106533
5.0114737
5.083436
5.0984855
5.0909867
5.067134
5.1242213
5.192599
5.1631703
5.1426067
5.1208005
5.1422944
5.168328
5.1504326
5.1388545
5.215466
5.3086286
5.2746024
5.338848
5.2948017
5.3636622
5.312697
5.3105507
5.247462
5.29924
5.2466097
5.3432455
5.2948093
5.3470306
5.2834415
5.2975698
5.303385
5.349806
5.3276134
5.276322
5.416903
5.2839994
5.23755
5.2059813
5.1996183
5.232541
5.1819534
5.2608895
5.270794
5.302696
5.26713
5.3573356
5.3361964
5.3832107
5.361511
5.3763385
5.4170403
5.477708
5.465166
5.5320916
5.4428883
5.4856367
5.4552097
5.4206676
5.4774175
5.5079455
5.554025
5.54543
5.570234
5.538038
5.5635214
5.5790234
5.6187487
5.644903
5.6365576
5.700747
5.6746626
5.723029
5.657661
5.76044
5.7722616
5.7667146
5.7617884
5.81748
5.834144
5.7024612
5.6346397
5.6201086
5.6970663
5.6951876
5.6656246
5.7269187
5.6446238
5.6459503
5.684542
5.640188
5.7051325
5.7604027
5.807307
5.7852087
5.7848053
5.8111944
5.6281137
5.676411
5.6545563
5.4471745
5.358568
5.267127
5.4040346
5.472853
5.2646947
5.296047
5.2961597
5.19835
5.2901983
5.272756
5.2381415
5.298752
5.252917
5.1353946
5.321337
5.2700076
5.108351
5.2668877
5.2677736
5.2383614
5.203603
5.167709
5.0957823
5.093454
5.146084
5.2272325
5.125341
5.282441
5.289932
5.2523484
5.3380547
5.3389187
5.346286
5.3531694
5.3671536
5.3861294
5.3702607
5.35818
5.407884
5.362637
5.3898716
5.3592443
5.385906
5.4529276
5.416365
5.44726
5.3632593
5.299435
5.348704
5.2757087
5.2658305
5.195112
5.236565
5.1972814
5.150109
5.1450534
5.1503983
5.104751
5.1046376
5.087782
5.060272
5.0361176
5.0905614
5.104306
5.12241
5.056784
5.134714
5.0741343
5.199104
5.0348644
5.096609
5.1846457
5.219448
5.108787
5.2234907
5.2904444
5.4555006
5.5492754
5.6308494
5.756864
5.8410726
5.805783
5.814967
5.905749
5.9709353
5.989718
6.013488
6.010139
6.0687923
6.1846614
6.0866256
6.2241745
6.1078763
6.251407
6.0895267
6.2685375
6.0939455
6.317762
6.1146674
6.361551
6.18626
6.22121
6.2217474
6.2405076
6.312361
6.36131
6.2754893
6.281793
6.245656
6.206711
6.194502
6.2114697
6.1935554
6.1900134
6.172479
6.135237
6.185411
6.153022
6.201747
6.293784
6.20007
6.2426276
6.228762
6.244301
6.234692
6.2193427
6.2515125
6.2924395
6.2270045
6.1543245
6.201924
6.142598
6.1808167
6.1789536
6.138187
6.267382
6.1098685
6.179617
6.1009936
6.120685
6.071648
6.0969186
6.0850616
6.1050773
6.0796323
6.1245427
6.0511627
6.0764685
6.0558662
6.040846
5.9829698
5.9242897
5.954702
5.874461
5.961266
5.971009
6.0545096
6.051167
6.0739207
6.0378137
6.161918
6.1599455
5.9287467
5.9117126
5.6865563
5.727369
5.5675793
5.498829
5.471432
5.2821994
5.2297397
5.0914364
4.986382
5.024816
5.021428
4.880129
4.8444586
4.8095474
4.8888063
4.9184585
4.748364
4.842371
4.6864357
4.789417
4.732966
4.7443924
4.7665467
4.8008127
4.744288
4.8323135
4.7391195
4.862181
4.7937655
4.7997627
4.807026
4.786827
4.8213854
4.8089104
4.896596
4.7999125
4.867622
4.8966236
4.906267
4.858702
5.0326834
4.9070683
4.9777937
4.9090805
4.9742947
5.0056324
4.955713
4.964724
4.9506445
5.001396
4.975561
4.96084
4.984535
5.0110908
5.0443907
5.0140195
5.0308022
4.963253
4.9952435
5.008492
5.021103
4.9887547
4.998267
5.023268
4.9831014
5.0203447
4.9794307
5.0215807
5.0349455
5.0071154
5.001369
4.966309
4.977263
4.98458
4.9879074
5.017624
4.9659624
4.9498777
4.95264
4.9475822
4.9576716
4.947564
4.8816257
4.9861035
4.9045153
5.0470514
4.91879
4.8805647
4.927802
4.8550644
4.8907566
4.8969026
4.894158
4.9152894
4.937494
4.908104
5.05452
5.159314
5.241587
5.237661
5.2990117
5.3099804
5.2787843
5.2638407
5.2513075
5.158076
5.0720577
5.1473684
5.189407
5.1964464
5.202769
5.2370243
5.237311
5.17782
5.206738
5.197651
5.221355
6.44228
6.459179
6.497638
6.305462
6.265764
6.1992598
6.173026
6.157261
6.186559
6.0537763
6.084034
6.0087824
6.026376
5.9747534
5.967211
5.9160075
5.9226446
5.952347
5.927416
5.9312706
5.8958807
5.9034142
5.899063
5.8880844
5.904267
5.9538064
5.8889546
5.9485617
5.886048
5.9303503
5.947204
5.859685
5.8990574
5.90654
5.8663316
5.8917017
5.904295
5.9088187
5.9215407
5.872756
5.840952
5.9036574
5.8988714
5.892119
5.8992095
5.905362
4.979935
4.9158134
4.912035
4.9591417
5.06156
5.0248904
5.0531836
5.069882
5.064435
5.1889815
5.066891
5.1703167
5.042654
5.2995963
5.1252832
5.300762
5.0904527
5.281919
5.0601716
5.2707863
5.063841
5.283763
5.11715
5.317204
5.1391926
5.2871194
5.1215363
5.2854667
5.141079
5.2816978
5.0456004
5.2659883
5.138267
5.1752086
5.1898136
5.1388054
5.241888
5.109614
5.237009
5.1352854
5.273244
5.0954046
5.307098
5.095199
5.3147006
5.084016
5.327409
5.091399
5.2690096
5.0826454
5.33839
5.100479
5.3221908
5.0639873
5.3360057
5.0409827
5.32113
5.049302
5.272535
5.075203
5.422112
5.092122
5.364879
5.162035
5.357593
5.1567187
5.365651
5.208573
5.3701367
5.173183
5.3271422
5.2354774
5.3359203
5.1883454
5.331586
5.2250338
5.376685
5.233231
5.360908
5.142373
5.3257775
5.1223593
5.344032
5.124387
5.2401857
5.139196
5.2305903
5.1315145
5.2765365
5.0920415
5.3043394
5.076438
5.274892
5.11309
5.2311687
5.124203
5.256061
5.1622887
5.2494674
5.184916
5.2808867
5.216016
5.3075457
5.265592
5.2899313
5.2019978
5.219541
5.172296
5.2620096
5.2084208
5.283372
5.202343
5.3286333
5.2227416
5.305922
5.222001
5.2592826
5.1911707
5.2929792
5.1935205
5.256734
5.1851826
5.2784095
5.1897
5.3212147
5.191105
5.2043242
5.152818
5.2132235
5.1495824
5.245619
5.1774583
5.2294455
5.1716294
5.231604
5.148035
5.1526933
5.1290894
5.1932144
5.131396
5.1549535
5.1099772
5.142858
5.107777
5.1716127
5.093404
5.1723223
5.0957527
5.173153
5.077532
5.1707
5.1400476
5.1917696
5.1847267
5.20259
5.202224
5.175123
5.1567397
5.1597314
5.158355
5.159508
5.169278
5.156249
5.1927047
5.1970882
5.190687
5.207036
5.274494
5.2026505
5.2308216
5.172581
5.23788
5.209747
5.226427
5.181932
5.2247515
5.143399
5.148984
5.166218
5.1521034
5.128125
5.1401725
5.1809134
5.1132226
5.1827116
5.126728
5.1360736
5.146672
5.1285787
5.0943747
5.1386166
5.1267486
5.158612
5.113127
5.13507
5.128946
5.15683
5.130491
5.150001
5.1148624
5.207164
5.1521444
5.1692643
5.1641808
5.1771946
5.154429
5.1469193
5.151636
5.1380663
5.1758413
5.1657424
5.1851544
5.1921005
5.206139
5.21751
5.207214
5.2029047
6.0927916
5.9867725
5.851781
5.8764815
5.923019
5.958968
5.91016
5.9971876
5.8655343
6.0041294
5.9323373
6.046134
5.9427776
6.059511
5.923789
5.939371
6.0248184
5.9641213
5.9597564
6.044342
5.9233236
6.022759
5.9014645
6.0009437
5.914979
4.788103
4.68019
4.620126
4.651536
4.6170993
4.6105814
4.586058
4.610085
4.5804877
4.592786
4.5903025
4.587497
4.54012
4.5929375
4.5972223
4.566163
4.5858355
4.6046076
4.644259
4.5393457
4.635175
4.5805793
4.5446715
4.573359
4.6325116
4.657423
4.564811
4.61716
4.536006
4.608273
4.552248
4.5951486
4.538664
4.582776
4.4936976
4.5744753
4.486206
4.5902233
4.4882097
4.5664253
4.484506
4.62076
4.416687
4.578992
4.5164876
4.4746113
4.5199194
4.4575543
4.539376
4.375735
4.5042458
4.3700595
4.450304
4.3230705
4.5091305
4.3008575
4.409293
4.4095817
4.396344
4.3986936
4.1970453
4.281386
4.21358
4.1099377
4.155122
4.0812163
4.2459917
4.118471
4.2071066
4.185286
4.345378
4.2051153
4.37373
4.3138075
4.3931446
4.4336467
4.6467056
4.6673756
4.7748003
4.694036
4.661898
4.690821
4.6838584
4.722292
4.6699824
4.8019204
4.8912797
4.981117
4.943269
4.9853497
5.0797133
5.100908
5.1510396
5.116765
5.192963
5.2518096
5.339608
5.4065337
5.326192
5.493207
5.5187683
5.581283
5.548198
5.6632357
5.525504
5.793372
5.5825253
5.6483274
5.623251
5.6331673
5.639112
5.67554
5.7172127
5.6679826
5.7355328
5.681763
5.796992
5.680804
5.8525763
5.7941456
5.8700514
5.7936616
5.874563
5.7694
5.89231
5.8110204
5.8949738
5.8703666
5.909898
5.837088
5.9038897
5.952006
5.9688425
5.8252587
5.963911
5.880022
6.07792
5.9493437
6.0613966
6.0129085
6.2002897
6.0318513
6.14957
6.080436
6.159126
6.1089926
6.1120872
6.116003
6.0937834
6.1345115
6.180959
6.1930356
6.090565
6.1274457
6.1165295
6.1519103
6.0394254
6.0707035
5.972949
5.8751025
5.7848597
5.724738
5.704799
5.6316423
5.5824904
5.4837823
5.421791
5.5229893
5.554601
5.492348
5.559805
5.597406
5.6503935
5.5874186
5.5921645
5.5344043
5.747511
5.5512657
5.7320476
5.610745
5.7336545
5.5578904
5.607357
5.5591226
5.569828
5.5436206
5.7085886
5.512469
5.633575
5.5244236
5.6849337
5.5340166
5.7139883
5.5328374
5.7133436
5.4555855
5.596319
5.4542823
5.67247
5.508967
5.579068
5.485132
5.6257806
5.463938
5.6348176
5.412204
5.4823976
5.305035
5.515437
5.393327
5.4020543
5.3342314
5.3744354
5.4249053
5.4085355
5.4497023
5.4153357
5.4159985
5.4103622
5.3517714
5.4258695
5.4160185
5.408601
5.414146
5.3778706
5.2722397
5.3091555
5.280186
5.2834425
5.2965384
5.2808905
5.1786814
4.9744806
5.177317
5.041832
4.926241
5.1373935
4.8962736
4.909265
4.888975
5.0676756
4.8398123
5.007694
4.859987
5.0292535
4.885137
5.01216
4.853434
4.9813275
4.8029656
4.9825187
4.798531
4.8970685
4.795196
4.926519
4.84257
4.924585
4.85744
4.895727
4.780712
4.897136
4.766042
4.860796
4.755856
4.828892
4.6880856
4.8409486
4.7397814
4.8650203
4.835891
4.8132977
4.7031426
4.776662
4.74302
4.818945
4.722748
4.7450147
4.663
4.753829
4.7743793
4.7709007
4.6385202
4.7829895
4.70585
4.660079
4.7327046
4.6453843
4.6770344
4.701434
4.743613
4.675742
4.7640495
4.834784
4.753379
4.8057823
4.7864566
4.831807
4.732649
4.8270135
4.758786
4.8198104
4.7198834
4.821455
4.74241
4.8179564
4.8528595
4.8603826
4.8702893
4.838903
4.8829384
4.9026084
4.8779182
4.898137
4.8534565
4.7750387
4.7657084
4.766998
4.8252077
4.812498
4.8933973
4.784112
4.8804727
4.805498
4.826891
4.7545714
4.8356805
4.75513
4.842706
4.752525
4.796779
4.774316
4.8909826
4.7369266
4.838958
4.7067037
4.7735558
4.687956
4.781526
4.6895885
4.6694074
4.6758623
4.698067
4.634039
4.669429
4.669392
4.726233
4.70249
4.73482
4.689277
4.7276983
4.6984515
4.6986146
4.692997
4.6996956
4.7039704
4.8090205
4.7000103
4.7078886
4.7361608
5.8325124
5.789718
5.7117596
5.7346706
5.729065
5.7797647
5.710217
5.77581
5.702212
5.7466083
5.7275634
5.7377276
5.756397
5.810791
5.770994
5.7840257
5.778839
5.8569016
5.828736
5.8410406
5.832246
5.865048
5.8600273
5.9675198
5.869858
5.8888955
5.937914
5.8429585
6.0095425
5.860076
6.0139847
5.815054
6.05832
5.873644
6.0312443
5.8690596
6.0384383
5.875078
6.0862856
5.9160423
6.051561
5.914524
6.116151
5.940251
6.068064
5.9231315
6.0677514
4.2397647
4.3675613
4.338969
4.283202
4.2308903
4.2211723
4.2170143
4.2100067
4.2032676
4.2024307
4.191111
4.2527847
4.242089
4.2615943
4.207123
4.1649017
4.198836
4.1605616
4.2256513
4.239264
4.2850633
4.2376184
4.305966
4.2321696
4.353923
4.277732
4.3546643
4.2612567
4.320997
4.240369
4.213634
4.3226657
4.2619896
4.324858
4.339517
4.367497
4.4128103
4.3650465
4.378944
4.3897505
4.3507223
4.334904
4.405698
4.3528433
4.458122
4.4368496
4.4183793
4.373651
4.3535337
4.308304
4.3774514
4.283237
4.320797
4.304917
4.2854285
4.2523417
4.191644
4.335312
4.31921
4.314107
4.290126
4.3755026
4.3043275
4.362259
4.327754
4.377563
4.3257732
4.338304
4.2882013
4.320788
4.289676
4.327484
4.3090315
4.3205495
4.246727
4.2021065
4.2718973
4.226901
6.0570545
6.2233205
6.2115207
6.133947
6.251476
6.1373324
6.2269335
6.0885763
6.271329
6.1656427
6.247551
6.1426086
6.242666
6.2097683
6.201862
6.256387
6.25929
6.21989
6.303492
6.26219
6.2712207
6.241064
6.3034935
6.274095
6.234023
6.268556
6.224186
6.237208
6.213588
6.118863
6.1539392
6.545875
6.842759
6.948575
6.911845
6.970347
6.9111385
6.6619444
6.539375
6.5136623
6.3727064
6.2698298
6.2881393
6.1880193
6.218474
6.175157
6.1842217
6.058205
5.991494
6.084543
5.944747
6.0388155
5.9571915
6.085287
5.9360003
6.094761
5.935426
6.118249
6.0775943
6.035719
6.226038
6.296597
6.2289696
6.328341
6.3515534
6.4544554
6.473979
6.4904466
6.531616
6.4900665
6.5528955
6.6334763
5.482188
5.276079
5.4509583
5.3477774
5.4701176
5.316355
5.347988
5.285806
5.3686333
5.3148956
5.3104525
5.302354
5.322987
5.2810497
5.290922
5.337877
5.353442
5.3576937
5.356997
5.354812
5.420561
5.390131
5.405301
5.392327
5.3910127
5.451978
5.4170885
5.451456
5.386036
5.4942203
5.426228
5.5394588
5.4318233
5.516393
5.4393597
5.5249567
5.4437313
5.527289
5.3819976
5.506473
5.4051495
5.5682526
5.4545736
5.5579395
5.479725
5.5811224
5.526258
5.5792694
5.527195
5.5798726
5.4661303
5.583821
5.5183764
5.541496
5.6300664
5.650391
5.6275826
5.616976
5.6513085
5.663521
5.723141
5.720402
5.773715
5.804576
5.7709374
5.763983
5.7549562
5.796727
5.7865276
5.750272
5.678057
5.7135377
5.699805
5.7110715
5.7382264
5.682844
5.734768
5.6889224
5.6751647
5.7065954
5.72954
5.7295876
5.639514
5.7627945
5.739613
5.706191
5.6795363
5.7455297
5.709944
5.6916084
5.645098
5.718341
5.7052593
5.6923904
5.6137757
5.6760674
5.559771
5.626992
5.5747223
5.646428
5.677879
5.771378
5.72795
5.772153
5.735002
5.7994394
5.6995316
5.8041053
5.782639
5.7915688
5.7157207
5.781836
5.6790257
5.776048
5.7109704
5.759637
5.748028
5.768119
5.7812195
5.775864
5.7788777
5.7689934
5.759865
5.787251
5.7117968
5.774001
5.7189007
5.792135
5.6575565
5.7741485
5.675004
5.7843776
5.6798625
5.787278
5.658678
5.769541
5.581691
5.710377
5.615818
5.753644
5.6284437
5.6888947
5.5977583
5.70832
5.580485
5.755855
5.6152267
5.7165146
5.600186
5.77818
5.5736456
5.5908284
5.6096816
5.5867925
5.5823817
5.5200396
5.54205
5.5281415
5.5072427
5.5081353
5.5244856
5.4949093
5.537989
5.555445
5.5189133
5.5545454
5.529351
5.563418
5.524618
5.5447664
5.5009685
5.5302935
5.537098
5.5689855
5.5088134
5.5281525
5.5675087
5.448741
5.561296
5.55323
5.503664
5.496338
5.428857
5.519555
5.4541707
5.5188093
5.419485
5.4735937
5.480915
5.4448166
5.443672
5.4733033
5.3537397
5.424996
5.4077525
5.4131136
5.361178
5.421087
5.3749475
5.4216723
5.383296
5.392701
5.3413453
5.4042535
5.3429723
5.3823867
5.4108577
5.4675593
5.4373198
5.449803
5.345943
5.371925
5.4012613
5.3208933
5.330143
5.351228
5.374886
5.3807545
5.397068
5.375991
5.3364844
5.3143663
5.3913116
5.325249
5.36689
5.3723764
5.409685
5.3646626
5.3394494
5.3686514
5.39826
5.355174
5.3788195
5.353321
5.3635025
5.335411
5.341337
5.328827
5.366884
5.310878
5.384654
5.3451104
5.403876
5.364103
5.377969
5.374716
5.4448814
5.3729043
5.42296
5.4190493
5.4531965
5.415154
5.4258275
5.42274
5.4640236
5.4083223
5.469516
5.3835373
5.444253
5.382578
5.420995
5.36016
5.375474
5.380647
5.42427
5.425393
5.447505
5.4818077
5.525422
5.555063
5.5414276
5.562892
5.5622225
5.548099
5.615955
5.621591
5.6210194
5.5946774
5.6020646
5.612589
5.610412
5.6672025
5.688503
5.6944323
5.7305775
5.6966486
5.7191696
5.7315874
5.7098646
5.6842027
5.693539
5.638037
5.6883407
5.5995445
5.730831
5.629654
5.642854
5.6623297
5.6825256
5.708148
5.719799
5.6892986
5.8023505
5.660911
5.8589644
5.7723784
5.708166
5.817828
5.7666287
5.6688375
5.6449137
5.6723905
5.6208653
5.6008315
5.722945
5.5847917
5.6228924
5.59457
5.629047
5.6166124
5.646802
5.589265
5.67186
5.5557327
5.6748753
5.4454308
5.5249653
5.413466
5.4922886
5.482148
5.403682
5.5024233
5.299433
5.377088
5.425152
5.4086533
5.409507
5.3928523
5.382843
5.395211
5.479992
5.422914
5.5713477
5.469692
5.565978
5.622535
5.5426955
5.6593337
5.6687036
5.640752
5.672346
5.6363354
5.7254596
5.7703986
5.7254024
5.73459
5.7701187
5.743243
5.8279953
5.732446
5.699616
5.728806
5.7856717
5.842556
5.82424
5.864886
5.8184977
5.8489075
5.839951
5.869849
5.7418513
5.7707844
5.810442
5.875566
5.8653135
5.963981
5.8934345
5.965089
5.958713
5.93461
5.9242992
5.887327
6.0537763
5.8881707
5.8922887
5.8854113
5.865228
6.003607
5.9934983
5.888548
5.8485255
5.8271556
5.8398886
5.897379
5.83301
5.9241104
5.7902055
5.9741974
5.810287
5.867281
5.847495
5.9308124
5.8170414
5.790896
5.9211636
5.8205185
5.8768015
5.757487
5.8152328
5.8133926
5.8362265
5.7984962
5.8277454
5.6794415
5.742745
5.7832212
5.8744316
5.7694893
5.8570666
5.7596183
5.816851
5.7645874
5.809896
5.785398
5.804357
5.8636284
5.813609
5.8521004
5.8889127
5.7974033
5.929087
5.824332
5.9552293
5.818282
5.919052
5.8336754
5.834972
5.872194
5.835447
5.807873
5.734224
5.7590003
5.7518945
5.8633585
5.885289
5.873118
5.872056
5.8491135
5.838113
5.86098
5.8376756
5.9096637
5.832452
5.7541294
5.7455497
5.769387
5.7173376
5.6907964
5.6158237
5.730779
5.6255045
5.6074147
5.5523257
5.545046
5.559327
5.4719963
5.5153556
5.509364
5.5124607
5.4858327
5.4385962
5.518819
5.4515834
5.552601
5.584504
5.4612904
5.621612
5.4624295
6.240261
6.2304335
6.1728907
6.216791
6.186153
6.360059
6.4706397
6.485771
6.432623
6.478445
6.6019144
6.633121
6.583753
6.5714016
6.697755
6.6997743
6.768728
6.9141436
6.8024244
6.8561964
6.7596426
6.673725
6.5306816
6.53988
6.5209703
6.3659234
6.361567
6.2132564
6.3368287
6.1790304
6.332079
6.329657
6.355365
6.3785033
6.360018
6.477697
