10000
7.7511845
7.73363
7.4747224
7.291233
7.1894517
6.899269
6.5796366
6.540385
6.675044
6.9069076
6.986092
7.12603
7.169147
7.172887
7.251564
7.314823
7.15878
7.038637
7.1956196
7.1991615
7.6444283
7.709879
7.5958977
6.9268956
6.2345133
7.2090344
7.5741577
7.577408
7.414351
5.995137
4.151942
4.1454535
4.7009296
4.7016354
5.081364
5.3294897
5.3361216
5.284321
5.243894
5.1322346
5.063271
5.121616
5.463867
5.106742
0
0
0
4.279233
4.6496553
5.05098
5.590071
6.1083817
6.22523
5.7973185
5.1470885
4.8003774
4.850967
5.017474
4.760477
4.826746
4.837833
5.0264387
5.310022
5.361257
5.7282367
6.003522
6.250188
6.1685376
6.132526
6.3523846
6.450627
6.4155207
6.5158815
6.850299
6.8364224
6.850621
6.9973865
7.2867475
7.1711197
6.700885
6.1443944
5.2982273
4.8855524
5.292416
4.7440033
4.5354934
4.259607
4.2767434
4.1128135
0
0
4.358182
4.2718143
4.011958
4.0945196
4.5367937
4.560884
4.9994955
5.242895
5.3331413
4.907133
4.182641
5.1645164
5.6516886
6.4642577
7.3355556
7.8583574
8.292729
8.293243
8.302437
7.734932
7.7193866
7.8484726
7.4289
7.130783
7.0631475
7.1366577
7.654098
7.723839
7.4818735
7.3172865
7.152952
7.519346
7.9102154
7.746312
7.676855
7.6484857
7.4762926
7.5085616
7.3361444
6.9856377
5.8596945
4.586923
0
0
0
4.646386
0
0
4.4844
0
4.4277554
4.1584945
4.5076976
4.5586586
0
0
0
0
0
0
0
0
0
0
0
0
0
0
0
0
0
0
0
0
0
0
0
0
0
0
0
0
0
0
0
0
0
0
0
0
7.473254
4.618247
6.1819124
5.006229
7.0156603
6.545666
5.915965
5.901687
6.2873125
6.402447
6.346909
6.1907187
6.164516
6.2194986
6.2033515
5.920597
5.7807536
5.6952543
5.568886
0
0
0
0
0
0
0
0
0
4.842166
4.201329
0
0
4.572915
4.452058
0
4.598257
4.1943703
0
0
4.7094584
0
0
0
0
0
0
4.130705
0
0
0
0
0
0
0
0
0
0
0
0
0
0
0
0
0
0
0
0
0
0
0
0
0
0
0
0
4.3436956
4.292249
4.092663
4.270678
4.1433973
0
0
0
0
4.710122
0
4.214775
4.4038677
4.5064754
4.720155
4.8899927
4.9997716
4.763319
4.7839494
4.7534256
4.7813244
4.244937
0
0
0
4.7804937
5.114561
5.1384587
0
4.331382
4.319468
4.343792
4.3160143
4.342369
4.0985465
4.20975
4.2185426
4.4067163
4.4790635
4.471138
4.9103723
5.06413
4.7781987
4.382232
0
4.5163383
4.6657043
4.7743864
4.2617064
5.9357386
5.791668
4.98557
5.365709
5.354331
4.7143526
4.891928
4.750085
5.296535
5.7612786
6.080823
5.8847528
5.991536
5.862385
5.808856
5.7093453
5.5124083
5.7604246
5.767167
6.0959473
6.441467
6.2875905
6.5522223
6.6312523
6.479351
6.638861
6.5304675
6.5479107
6.514978
6.2350173
6.1329026
6.189366
6.4684377
6.5373645
6.8890796
6.8267527
7.053254
7.7138906
8.080063
8.045026
7.9521337
8.163909
8.36715
8.13392
8.032454
7.706894
7.664709
7.6904535
7.532077
7.5535445
7.5384727
7.4672723
7.2658176
6.8119693
6.4430146
5.7466884
5.043076
4.964922
5.4717226
5.566368
5.8199015
6.356133
6.3641667
6.1654325
6.101332
5.8807526
5.781847
6.0445356
6.0582
6.2804728
5.966211
5.6675787
5.0374303
5.293757
5.130092
5.202498
5.3170056
5.2678943
4.8263464
4.306013
5.1019335
4.821687
4.529591
4.739865
4.947156
5.5082755
5.885373
6.1172466
5.3692436
4.5449066
4.1188993
0
5.3227124
5.3622937
5.322895
5.2987995
5.2742267
5.108101
5.080193
5.2947392
5.475697
5.342587
5.247804
5.2781277
5.3507113
5.539498
5.463527
5.572124
5.5099144
5.596307
5.6066766
5.570492
5.6203413
5.6235585
5.641478
5.628062
5.632153
5.747874
5.7260103
5.799126
5.875837
5.9765677
5.9856863
5.9809175
6.047784
6.0799527
6.078956
6.0661654
5.8615127
5.951298
5.8980274
5.8268743
5.8902197
5.862049
5.65099
5.280784
4.4895105
4.6883936
5.3744764
4.97348
5.019454
5.463986
5.3942614
5.363198
5.0040426
4.8123293
4.144352
4.3130608
4.5075965
4.161282
4.2771597
4.193341
4.1134677
4.2037783
4.1870346
4.221223
4.270463
4.2478137
4.736309
4.8864613
4.9964633
5.1569104
5.1433253
5.2897615
5.2273955
4.7366767
4.4906597
4.9062185
4.3659706
5.456221
6.036583
6.254889
6.2439
5.8360815
5.354409
4.0727262
0
5.0358853
5.3444676
5.5901585
6.189154
5.6025
5.979047
4.5476375
4.964084
5.3780627
5.2574286
5.141464
5.1050415
4.697261
0
4.190218
4.0702786
0
0
0
0
0
0
0
4.034232
5.3380227
5.104381
5.177218
4.9859996
5.1307774
5.1102962
4.8806825
4.862444
4.625583
4.3757787
4.319706
4.3453207
4.2570305
4.2783837
0
0
0
0
0
0
0
4.4304776
4.5549674
4.5558405
4.8441305
4.9351606
4.6187844
4.749513
5.134881
5.531647
4.815151
0
0
4.5157905
0
4.3594875
4.189704
0
0
4.827572
0
0
0
4.6153893
4.1972055
4.1302743
4.4811287
4.4529223
0
4.2531962
4.19622
0
0
0
0
0
0
0
0
0
4.1348443
0
4.180465
0
4.592847
0
0
4.1821337
4.6110826
5.0131826
5.256687
5.352781
5.321447
5.5094223
5.5848646
5.3494873
4.8344164
4.632082
4.670686
4.5982203
4.595222
4.4618673
4.5287895
4.74928
4.7094707
4.7841344
4.780224
4.941786
4.9440093
4.9732027
4.800731
4.958225
4.8879466
4.879332
4.844805
4.7587557
4.7471466
4.7853994
4.721122
4.7806287
4.7529316
4.882952
4.9382668
5.1803923
5.0222425
5.1596193
5.0784407
5.0900908
5.108727
5.3306336
5.124067
5.2068067
5.2810593
5.5124083
5.6323166
5.602095
5.563105
5.600646
5.5119057
5.3254986
5.285941
5.1839337
4.9185467
4.9075174
4.8579736
5.061922
5.0059605
5.03816
5.2709813
5.4225283
5.462399
5.300349
5.256203
5.404454
5.523033
5.23037
5.4894557
5.37482
5.370112
5.255111
5.3987894
5.234556
5.2207317
5.1524754
5.1363583
5.3449473
5.34908
5.2885675
5.4479175
5.5692286
5.313028
5.3726363
5.1858225
5.2379208
5.1217465
5.097894
4.9819355
4.9059644
4.8087783
4.8070745
4.8393135
4.931299
4.735567
4.851725
4.791214
4.6830845
4.6139784
4.5256786
4.5168905
4.345564
4.370207
4.4864473
4.2917023
4.2683268
4.091608
4.0103316
5.945835
6.1665907
6.1329074
6.2651916
6.379957
6.42275
6.386997
6.3956494
6.4794607
6.3769727
6.3058686
6.225685
6.23804
6.3005714
6.1125946
6.071499
5.9111032
5.8049507
5.6178603
5.800518
5.8786135
6.0249205
5.9533195
6.0428276
5.9951744
6.0335183
6.071791
6.323241
6.377924
6.459621
6.2549453
6.002009
6.0708
5.994582
5.8306894
6.0694933
6.0082865
6.1660514
6.301834
6.289489
6.494317
6.178178
5.972658
5.865136
5.7922645
6.1634517
6.1856217
6.2280107
6.281296
6.295682
6.1571293
6.144352
6.109506
6.058279
5.9283175
5.989064
6.2944803
6.232123
6.076188
6.143816
6.1926827
6.3761578
6.53765
6.542343
6.396182
6.2114305
5.9641266
5.8835926
6.056342
5.9955378
5.1053715
4.57781
4.54493
4.598382
4.42749
4.2576847
4.1185865
4.2424593
4.5290904
4.090645
4.178153
4.049211
5.319386
5.1957345
5.1683264
5.146214
5.1773643
5.2260613
5.1307597
5.134401
4.9182925
4.7000985
4.5885086
4.1521974
4.035003
0
0
4.0817695
4.324796
4.0340915
4.262687
4.2287135
4.241356
4.003385
0
0
0
0
0
0
0
4.357569
4.389128
4.280311
4.3572674
4.411877
0
0
4.834526
4.958657
4.771809
5.9385257
5.4739537
5.822174
5.8192177
5.0373063
5.999308
6.6905365
7.035732
7.168255
7.112853
6.828843
7.3558707
7.634634
7.5502625
7.224869
7.3064113
7.4516177
7.2163987
7.1808324
7.1687427
6.961322
6.9487457
7.1035123
6.9181223
6.554124
6.1538706
6.04137
6.090035
6.2752113
6.374052
6.3876038
6.2955203
6.235034
6.303619
6.3104215
6.4786277
6.5583873
6.2140694
6.6097097
6.1838665
6.4644227
5.4559984
4.732546
4.502561
4.1214023
4.0431194
4.492015
4.5579457
4.3735023
4.1903305
0
6.144714
6.565612
6.5175295
6.48297
6.6763897
6.7844048
6.658615
6.3802166
6.5829735
6.744277
6.6253552
5.925811
5.428765
4.4494324
0
4.324958
4.276963
0
0
0
0
0
4.209423
0
4.189006
0
4.4107842
0
0
4.65563
5.2933664
4.7380576
0
0
0
0
5.0815153
4.7313466
5.079216
4.620517
5.216031
0
5.073414
5.244998
5.2186155
4.282948
4.1098795
0
4.423921
4.182889
4.2685623
0
0
4.160783
4.431008
4.77188
5.097949
5.0101137
5.4323344
5.512986
5.4833174
5.462616
6.123703
6.257862
6.677449
6.8901467
6.6880765
6.4363375
6.4159317
6.7009563
6.6546545
6.616189
6.585909
6.1631174
6.2972336
6.0989594
5.69807
5.314192
5.1616735
4.893404
4.413305
4.448648
4.682747
4.56375
4.7993326
4.6943417
4.040074
0
0
4.112015
4.3164525
4.8859916
5.139383
5.233667
5.411635
5.291767
5.893478
6.3771896
6.139069
5.6347036
5.7855277
5.5082684
5.786554
5.8690486
5.9214787
5.9432287
5.9973006
6.101838
5.9616566
5.900096
5.993796
5.9157877
5.7114644
5.682801
5.6550813
5.366809
5.5593033
6.1428413
6.4633822
6.6100616
6.301159
6.2050567
5.9214916
5.747464
5.8589683
6.020167
6.329409
6.657125
6.657504
6.572502
6.781681
6.4299316
6.367428
6.7880096
6.2801614
5.332547
5.9575195
5.816431
5.759509
5.8060274
5.4382057
5.396074
5.427478
5.428647
5.2270865
6.0995693
6.6047473
6.5148754
6.8019953
6.5952673
6.4464693
6.321353
6.2194576
6.1664543
5.991065
5.789894
5.793946
5.7860436
5.9770365
6.2509894
6.2271724
6.2858825
6.575327
6.6684256
6.510537
6.493033
6.8107414
6.8584948
7.231048
7.293248
7.311465
7.2096395
7.3560634
7.293998
7.2456264
7.3211374
7.2459555
7.332488
7.1865616
7.2236195
6.9483414
7.1074824
7.0135393
7.0995374
7.237628
7.1793146
7.426265
7.3559093
7.472123
7.1680145
7.0733743
7.492187
7.176797
6.844918
4.425143
6.93332
6.8143554
6.8800335
6.787971
6.8229427
6.721985
6.5097904
6.3393717
6.1377597
6.147729
5.9727936
5.982788
5.92737
5.924348
5.983856
6.122479
6.1433215
6.170883
6.124762
6.2443085
6.4863048
6.6473756
6.7029886
6.7390423
6.728863
6.5932903
6.6716557
6.609346
6.4936194
6.591955
6.4557877
6.420766
6.4397416
6.501341
6.373317
6.4470143
6.5744224
6.727107
6.6650715
6.7600503
6.673107
6.8971133
6.9946084
6.9715614
7.183768
7.437867
7.587136
7.691622
7.6609297
7.715284
7.665406
7.462397
7.515854
7.374866
7.276784
7.4956346
7.525976
7.6352215
7.468195
7.512399
7.298397
7.2356644
7.255007
7.3478403
7.162484
7.0157495
6.9256077
7.016448
6.8866873
6.9880066
6.975008
7.288458
7.3787975
7.1661997
6.9733934
6.7077994
6.4457417
6.5460486
6.704087
6.346091
6.252337
6.3704863
6.4321146
6.1254425
6.0523486
6.6483984
6.49883
6.130767
6.2871475
5.898503
5.5072064
5.1139
5.0717244
4.906111
4.8511324
4.7925706
4.8068533
4.7681813
4.5437474
4.208964
5.473533
5.1818814
4.85565
4.2326818
4.899
4.639305
4.9443774
4.844954
5.1352134
5.312545
5.492791
5.646651
5.7097664
5.65987
5.570695
5.5579267
5.545542
5.6061153
5.3581376
5.8198495
6.0383453
6.2445326
6.2206173
6.194968
6.2249894
6.397623
6.628742
6.5953054
6.6824107
6.535199
6.5847054
6.5406094
6.544649
6.440675
6.2109647
6.143686
5.9737763
5.9134665
5.8546023
5.70304
5.6597543
5.5241075
5.5207496
5.597905
5.70481
5.617496
5.6516027
5.611998
5.641066
5.7094927
5.65437
5.660219
5.5468674
5.5768566
5.7265263
5.7846274
5.7259197
5.774244
5.8652797
5.833298
5.9130435
6.1218414
6.3710823
6.251222
6.1714797
6.18297
6.0335
6.053357
6.2783957
6.5016975
6.518708
6.318251
6.4484563
6.6638675
6.7910666
6.8765984
7.012978
7.051933
6.8212347
6.5167503
6.2548413
6.211456
6.079607
6.1995344
6.337384
6.56375
6.4980106
6.903494
6.830619
7.1212606
7.2066336
7.186925
7.1533504
7.282379
7.340734
7.4260626
7.453598
7.5769963
7.617418
7.599749
7.546661
7.983189
7.926072
7.9742117
7.746894
7.6657796
7.694332
7.58264
7.4222383
7.590848
7.276677
6.8179812
6.625023
6.9585266
6.8303437
6.7969613
6.7290606
6.53385
6.4995294
6.477503
6.6740212
6.541427
6.5941505
6.6387887
6.4774685
6.132052
6.1693277
5.993964
4.760348
4.3678265
4.478817
4.6755905
0
4.773283
4.1552997
0
0
0
0
4.3762684
4.8859057
4.868553
4.589301
4.78937
4.8675265
5.114668
5.1117797
5.1540966
5.1301656
5.3424225
5.380173
5.3882346
5.4340987
5.265945
5.358152
5.3198047
5.259432
4.9522657
4.901508
4.8942046
4.782323
4.750717
4.706859
4.6457295
4.4663033
4.3089304
4.1839023
4.08867
4.676656
4.4709415
4.58786
4.7019835
4.5818233
4.6579027
4.611348
4.5564084
4.499733
4.382147
4.3505116
4.6816397
4.904791
4.1587276
0
4.235587
5.958066
5.780914
5.7075834
4.088287
0
0
0
0
4.3130884
5.996343
5.885153
4.3137164
4.082597
4.2339935
4.3508525
5.754773
6.424557
6.947276
7.3567233
7.6948953
7.729118
7.6650467
7.5823317
7.294084
7.0632496
7.1545544
7.1397047
7.1709228
7.2297106
7.1668315
7.224553
7.2326083
6.122051
4.837874
4.740424
4.2986603
4.5081506
5.0035243
5.15678
4.964507
4.9002457
4.7647605
4.23987
4.148588
4.3766274
4.397671
4.4295444
4.2543163
4.1041117
0
4.4866176
4.9862814
4.976062
5.434638
4.9901333
0
0
0
0
0
0
0
0
0
0
0
0
0
0
0
4.428367
5.314838
4.1574736
4.117635
4.587001
5.2220364
4.785953
0
0
0
0
0
0
0
0
0
0
0
0
6.1438084
4.417335
6.4966874
6.5198855
6.75457
6.894159
6.8683124
6.698101
6.711195
6.743837
6.4903407
6.652155
6.632602
6.683906
7.037984
7.2814407
7.246003
6.871437
6.430147
4.9193287
4.3925123
0
0
0
0
0
0
0
0
0
0
0
4.493525
5.129183
6.3580875
7.0211062
7.1489563
7.0406857
6.9596176
6.7263336
6.713478
6.5846715
6.6314087
6.504164
6.3768554
6.4114885
6.3746786
6.2442055
6.116401
6.293337
6.276389
6.371806
6.457546
6.505925
6.5182962
6.560174
6.6786413
6.7472296
6.6717005
6.7026973
6.79049
6.819529
6.974041
7.1978116
7.3117933
7.4370503
7.3369207
7.5049496
7.584949
7.6345835
7.6385894
7.6210423
7.5416136
7.5112906
7.554144
7.583362
7.5012136
7.5727577
7.605312
7.5255623
7.531525
7.364645
7.2861223
7.2175617
7.0983586
6.97359
6.9352484
6.856659
6.798709
6.7549467
6.6521597
6.705173
6.565447
6.62558
6.451385
6.431001
6.380023
6.4325166
6.4438524
6.5103016
6.561258
6.596308
6.5660806
6.546296
6.5435934
6.5040054
6.5708265
6.6656094
6.7172146
6.7986164
6.9349427
7.1508827
7.2489343
7.25715
7.357353
7.413076
7.591593
7.4700103
7.11978
7.069799
7.1486135
7.1839094
7.2179546
7.163716
7.0403404
6.784048
6.6388063
6.624486
6.4798093
6.466311
6.40744
6.472543
6.4017024
6.3977413
6.3724957
6.306263
6.1885023
6.293558
6.2814226
6.410536
6.44443
6.672567
6.6634636
6.80221
6.9548197
7.0381074
7.0228963
7.177324
7.14477
7.1496887
7.231844
7.2320676
7.3023014
7.2811613
7.2493877
7.1641684
7.137016
7.123795
7.285902
7.30583
7.152231
7.177124
7.0063457
6.8217134
6.8140635
6.4177103
6.389372
6.1329837
5.8421526
5.6366134
5.707927
5.5731897
5.705638
5.9923186
6.1955876
6.0303793
6.056787
6.003596
5.8386025
5.753713
5.617002
5.5242143
5.648357
5.6983986
5.8118887
5.9149475
5.9690647
5.9606056
5.886709
5.908472
5.821978
5.8516507
5.976945
5.9829774
6.144341
6.275466
6.436565
6.5034895
6.59258
6.709023
6.902483
6.9936304
7.100472
7.1275487
7.4815807
7.5889435
7.42755
7.272898
6.7345514
6.197355
6.1108103
6.626342
6.9865437
7.2526655
7.0985475
7.513081
7.594887
7.7298822
7.6429715
7.459313
7.1938143
6.798975
6.404812
5.988261
5.6592627
5.216823
5.2016344
4.962878
4.8499637
5.2512836
5.4858913
6.1002483
6.56339
6.8578057
6.9869204
6.938219
7.1178193
7.0896187
7.118798
7.253893
7.046793
7.0784607
7.1910286
6.8345804
6.9665565
6.915223
6.9356318
6.766541
6.774218
6.7269025
6.873789
7.1064954
7.2082024
7.270952
7.256571
7.0766344
7.183643
7.22182
7.2079983
7.0009327
7.2441006
7.1615963
6.78409
6.817124
6.9290066
6.567218
6.520445
6.3763733
6.5201344
6.497916
6.642885
7.023369
6.955924
6.7755413
6.6129146
6.7270627
6.7222037
6.6719627
6.5368595
6.064348
5.5107603
4.980728
5.896653
6.6893277
6.3883266
5.3153195
4.6200337
4.110321
0
0
0
4.0982685
4.1264677
4.585898
5.361191
5.7324877
6.0606394
6.3419056
5.680694
5.5728483
5.768207
5.8917994
5.335177
4.9767585
5.114736
5.2456193
5.159297
5.17006
5.075799
4.9366612
4.819556
4.63228
4.6419754
4.533025
4.630733
5.6184816
7.0229015
6.984703
6.5433736
6.010917
6.465854
7.090554
7.0382695
7.228447
6.99304
7.2649183
7.4640903
7.571308
7.372825
0
0
0
0
0
0
0
0
4.7039237
5.22171
4.9472103
0
0
7.3800726
7.026521
7.2502155
7.0244493
7.0663233
5.7546387
7.044573
6.764469
6.688386
6.4921365
6.464628
6.215824
5.831523
5.7442245
5.6725664
5.9251738
5.9451456
5.9445853
6.010284
6.05251
5.965532
5.7851586
5.4831867
5.266746
4.387156
0
0
0
4.947898
4.7504473
4.633429
4.7736936
5.3602753
5.0657706
5.2202554
4.690968
5.0868163
4.637922
0
0
0
4.7397175
4.0677032
4.3160295
4.1324725
4.2533665
4.106948
4.386537
5.034206
5.3687396
4.061588
4.6443458
4.5564017
4.34448
4.3214593
4.286182
4.2980447
4.4139123
4.5843954
4.809214
4.8315415
4.895554
5.0244365
4.836153
4.861808
5.3410077
5.1410193
5.099598
5.4971333
5.3555765
5.5982814
5.5823655
5.5688252
5.6309085
5.500453
5.5084534
5.41838
5.3788342
5.3359876
5.385071
5.2702155
5.367981
5.30291
5.338435
5.508336
5.361871
5.475729
5.6606274
5.689838
5.670095
5.604904
5.6399546
5.6031113
5.555048
5.508347
5.691959
5.8904157
5.696608
5.677716
5.2929683
5.0498734
5.022603
4.752763
4.493578
6.234341
6.3064756
6.0684805
6.3672676
6.181689
6.364612
6.4472055
6.482457
6.5627027
6.552414
6.506167
6.447676
6.480459
6.5011754
6.4623303
6.371414
6.4679613
6.5195513
6.4599905
6.4127245
6.301308
6.467902
6.458913
6.659892
6.4871674
6.437341
6.3047943
6.2483497
6.2456746
6.2735047
6.310197
6.1463056
6.3233876
5.9859185
6.2520943
6.0197906
6.170973
6.4434366
6.545449
6.6403184
6.7298503
6.6898055
6.6287136
6.6936545
6.7171025
6.5753593
6.734215
6.851054
6.369864
5.794319
5.695422
6.1147175
6.1786704
6.3058653
6.139713
6.339616
6.7534113
7.236142
7.158434
6.9469
6.3694963
6.0519085
6.116727
6.0046916
5.8372607
6.305068
6.4638276
6.709131
6.68886
6.7213087
6.669717
6.5767303
6.6487327
6.4182873
6.423421
6.5778894
6.5962653
6.788889
6.955866
6.796348
6.696417
6.570661
6.8119645
6.9712286
6.899577
6.9274826
7.1824293
6.476671
5.8740416
6.1670113
6.3268943
6.070203
5.854049
5.340372
4.4160433
0
0
0
0
0
0
0
4.2143035
5.2714067
6.394791
6.925392
6.87097
7.339747
7.2228703
6.9879055
6.4062333
6.6496243
7.3235483
7.481117
7.5933547
7.477995
7.2936783
6.978566
7.1024766
7.5809364
7.444153
7.129544
7.047826
7.1094584
7.0788937
7.275112
7.239549
7.093177
6.816415
6.654795
6.784799
6.8146544
6.691721
6.461756
6.453462
6.0798135
6.0927353
5.838522
5.421563
5.055749
4.8669696
4.828071
4.726132
4.1265726
4.1665893
4.019188
4.193408
4.151373
4.318375
4.2985287
4.260418
4.267192
4.181633
4.2499495
4.147706
0
0
0
0
4.4328046
4.2778296
0
0
0
0
4.2078896
5.141876
4.7780776
4.848643
4.1781917
0
4.4710407
4.094307
4.541076
4.9632587
5.654151
0
0
0
5.4615407
5.0752716
0
0
5.190051
4.3916273
0
0
0
0
0
0
0
0
0
0
0
0
0
0
0
0
0
0
0
0
0
0
0
0
0
0
0
0
0
0
0
0
0
0
0
0
0
0
0
0
0
0
0
0
0
0
0
0
0
0
0
0
0
0
0
0
0
0
0
0
0
0
4.3508067
4.2491994
4.3745737
4.1974583
4.313918
4.2325153
4.1956067
4.2076287
4.031132
4.043953
4.1647863
4.2493925
4.040759
4.1156783
4.1673136
4.1648602
4.2153935
4.069103
4.0503197
4.11604
4.0900025
4.1512213
4.12193
4.062363
4.10625
4.1227636
0
0
0
0
4.128459
4.3366394
4.295357
4.71067
4.008863
4.0202365
4.5612683
5.022684
5.4483213
5.803735
5.9961762
6.1442547
6.217936
6.4453
6.577897
6.383449
6.1811686
5.846996
5.573681
5.6930985
6.0041876
6.03891
6.004792
6.1041045
6.199333
6.326871
6.4329195
6.135745
5.963339
5.8594284
5.922052
6.267963
6.4862385
6.6361537
6.843215
7.0584497
6.9576406
6.9149294
7.0780306
7.1468587
7.1730795
7.1347475
7.1188936
7.1640167
7.2171507
7.148133
7.01156
6.7944574
6.6581497
6.4852705
6.596075
6.444978
6.973956
6.878053
7.004045
7.033551
7.0569363
7.016423
6.703788
6.617595
6.5955877
6.5212636
6.5098133
6.6717634
6.861824
6.7181263
6.6140137
6.585431
6.7569146
6.5379014
6.5785227
6.3883243
5.8966146
5.386018
5.061229
4.5168266
4.100337
0
4.7027082
4.636955
4.28242
4.415296
4.160191
4.2893248
4.304249
4.311573
4.3023643
4.209688
0
4.0408688
4.017249
4.054874
4.030096
4.8670316
4.5092196
4.4047823
4.7238116
4.890703
4.9916754
4.9188504
4.722877
4.3552365
4.1753893
4.168227
4.254124
4.3529983
4.421442
4.4016232
4.4994073
0
5.12924
5.285627
5.255227
5.077636
4.8107424
4.554087
0
4.5654154
4.5670056
4.719258
5.128199
5.1863146
5.089234
4.709512
4.67522
4.763254
4.1940775
4.343401
4.3376317
4.094674
0
0
0
0
0
0
0
0
0
4.441676
4.6440744
5.1023407
5.231821
5.25153
5.419877
5.585446
5.3477135
5.1243186
4.9750996
5.280354
5.768347
5.916437
5.973053
6.0490813
6.2849674
6.23178
6.0710444
5.83735
5.4598064
5.226483
4.973194
4.926147
4.924129
5.105999
4.8028116
4.741298
4.8832407
4.911825
5.0885353
5.1723266
5.3720555
5.5891075
5.58285
5.9659147
6.1381474
6.2652187
6.469987
6.9344525
7.0145535
7.042193
6.921813
6.9476533
6.56094
6.1073837
5.92964
5.8871903
6.1153364
6.2200117
6.0556192
6.066024
6.1332154
6.4762373
6.5265336
6.6046066
6.6022477
6.6228175
6.552143
6.476185
6.458766
6.5203276
6.641076
6.7320194
6.6748514
6.7081413
6.7916675
6.4542627
6.186302
6.077582
6.2829323
6.179075
6.390312
5.7773085
5.5265164
5.575734
4.865204
5.7352552
5.182362
5.6702967
6.3036885
6.0673733
5.2184143
5.5830398
5.76964
5.852782
6.2531247
5.9886255
6.215165
6.360463
6.3890495
6.9746532
6.9498825
7.29239
7.669162
7.8173437
7.710401
7.8999047
7.919991
8.035983
7.944956
7.2679863
6.656647
6.526975
6.570326
7.052572
6.7052517
6.562807
6.813821
7.0474653
7.395301
7.8017583
7.859612
7.814503
7.703368
7.6237907
7.41226
7.086751
7.329767
7.4512887
7.446733
7.2693224
7.117155
7.1403465
7.3860216
7.1957955
7.2150984
7.3004336
7.3239346
7.2986593
7.5535297
7.7180085
7.7415266
7.8096714
7.8761015
7.8134885
7.5696564
7.4856634
7.470582
7.4648566
7.3323107
7.261491
7.1026897
7.310658
7.2943015
7.2792544
7.4052367
7.5367274
7.192432
6.8043547
6.2640944
6.58457
6.595845
6.6163526
7.141231
6.9457417
6.807147
6.7684107
6.6736217
6.644285
6.629863
6.76452
6.7568417
6.872774
7.064722
7.088633
6.934002
6.893739
6.873559
6.9141455
7.1099668
6.866547
6.7594447
6.672897
6.846766
7.1738234
7.0989165
7.2015586
7.2763777
7.388948
7.515036
7.4160557
7.511573
7.285255
7.2161474
7.3266563
7.255706
7.174327
6.9924736
6.9074945
6.793048
6.7015505
6.6528983
6.7015095
6.7105436
6.6806383
6.6218567
6.5427365
6.460803
6.31224
6.3192415
6.18999
6.0975723
6.14576
6.1662436
6.259431
6.1231055
6.1711426
6.2456007
6.2315407
6.170409
6.0501924
6.001849
5.924408
5.950537
5.966193
6.008745
6.034866
6.041546
5.982102
5.983362
6.129835
6.1371274
6.021419
6.1131105
6.0550613
6.061407
6.2861423
6.3029394
6.472266
6.42719
6.7005553
6.6702023
6.7617126
6.8210683
6.760113
6.704798
6.8635607
6.9044437
7.0977545
7.446964
7.5522137
7.4327307
7.5031004
7.3110065
7.2970114
7.3386846
7.3573627
7.16556
7.096632
7.1267643
7.0656195
6.824752
6.959704
6.903576
6.778708
6.813387
6.8051944
6.7946687
6.858922
6.8722067
6.7551513
6.7063727
6.5912943
6.440169
6.551767
6.510302
6.4882674
6.40384
6.402703
6.3173904
6.3342443
6.437357
6.4266872
6.3170605
6.494153
6.695309
7.100719
7.1273136
7.1104307
7.151265
7.293839
7.3224173
7.420194
7.530449
7.588067
7.4858813
7.5734572
7.5690556
7.789374
7.7993536
7.765487
7.8186584
7.7149324
7.5378513
7.171421
6.9504695
6.7367673
6.671315
6.556664
6.339529
6.2818065
6.009059
5.9566154
5.915635
5.9197245
5.9712877
5.891212
5.797832
5.8127074
5.7720146
5.804097
6.004301
5.9023385
6.1042175
6.159088
6.186003
6.203455
6.2501636
6.314272
6.4334283
6.6373606
6.7799006
7.0648556
7.4098816
7.658699
7.8202972
8.023544
8.050417
8.242978
7.9699483
8.013748
8.078198
7.8154078
7.8181024
7.7313156
7.6606536
7.5616355
7.482816
7.342411
7.2954016
7.443405
7.4352636
7.399444
7.4345093
7.488526
7.3107505
7.144723
7.116284
7.16428
7.1310334
7.2191954
7.2119484
7.1724577
7.1952634
7.2877345
7.45356
7.753511
7.7087283
7.8196726
7.779747
7.800179
7.740528
7.6935215
7.845281
8.084389
8.152311
8.21668
8.102398
8.116857
