10000
9.127789
9.237334
9.192924
9.400263
8.924653
8.979168
9.303608
9.143327
9.288074
9.190891
9.101281
9.1469555
8.960729
9.052376
9.050736
8.948598
8.835315
8.651083
8.737588
8.808566
8.737006
9.031334
8.938586
8.669897
8.637948
8.496953
8.630338
8.52417
8.505777
8.263142
8.211649
8.155885
8.358324
8.497121
8.436259
8.5275545
8.6330805
8.384254
8.866009
8.652438
8.649445
8.383406
8.490873
8.619668
8.734428
8.45199
8.339079
8.744357
8.748711
8.735387
8.870135
8.829734
8.854772
8.828054
8.762331
8.773754
8.7898
8.881703
8.794482
8.781959
8.784882
8.850288
8.764454
8.74542
8.815358
8.720584
8.679259
8.69367
8.568507
8.687879
8.645633
8.500795
8.796103
8.675662
8.780856
8.703583
8.829663
8.815726
8.883272
8.845203
8.831334
8.834729
8.69131
8.7313385
8.723713
8.620275
8.662733
8.66713
8.664998
8.720907
8.706743
8.708512
8.578754
8.590676
8.566034
8.644251
8.614129
8.60496
8.544348
8.358922
8.467907
8.400194
8.760511
8.588143
8.457733
8.557281
8.584904
8.535765
8.59687
8.64366
8.582481
8.647245
8.694017
8.677553
8.766081
8.806229
8.771422
8.780395
8.6232
8.609904
8.5564785
8.389732
8.4221
8.456354
8.37291
8.339328
8.470492
8.620369
8.534651
8.511654
8.535326
8.557391
8.496237
8.367112
8.434979
8.431688
8.456922
8.406261
8.499342
8.472478
8.594537
8.715669
8.78094
8.849518
8.661637
8.822108
8.878189
8.88934
8.78209
8.750102
8.743693
8.709783
8.844476
8.745004
8.847873
8.485456
8.31856
8.265937
8.340081
8.5062
8.537752
8.72778
8.796763
8.827259
8.850619
8.70761
8.845158
8.891992
8.873929
8.818895
8.628351
8.694807
8.643457
8.565092
8.470384
8.502606
8.369917
8.504975
8.52401
8.419135
8.414889
8.405285
8.387106
8.500761
8.466926
8.519149
8.586747
8.710486
8.562938
8.671989
8.849227
8.776607
8.711431
8.558473
8.365826
8.361824
8.357145
8.460427
8.323724
8.646445
8.40985
8.511318
8.383638
8.296761
8.128906
8.088095
8.062092
8.071295
8.117987
8.012057
7.9817166
7.8286057
7.837026
7.7781906
7.7531657
7.7588553
7.8385496
7.8287625
7.924158
8.058414
8.142305
8.02183
7.8705597
8.012459
7.8337045
7.771201
7.6978073
7.70104
7.6270227
7.698087
7.6940923
7.724455
7.8138447
7.8443956
7.937834
7.8499784
7.8218055
7.8232045
7.9184375
8.049482
8.134423
8.015779
8.129338
8.053057
8.017731
7.994604
7.893817
7.9406314
7.8959017
7.525655
7.7849474
7.581217
7.8514285
7.6814184
7.8643017
7.9181056
7.8492017
7.9121842
8.055623
8.030125
7.990496
7.90339
8.086821
8.055784
7.8919687
7.9915595
8.118207
8.054352
8.091424
8.290126
8.431804
8.38129
8.439159
8.355873
8.468561
8.274608
8.200718
8.201264
8.147515
8.219772
8.216752
8.420252
8.444992
8.419152
8.593321
8.398241
8.124973
7.958627
7.9273696
7.959091
7.931302
7.9954596
7.9589734
7.9782414
7.9974146
8.108933
8.018594
8.223171
8.268416
8.229863
8.261658
8.118756
8.256742
8.138025
8.042208
8.0178795
7.980826
7.9311113
8.099628
8.00458
7.827088
7.7429724
7.7168517
7.874232
7.866161
7.626312
7.8985066
7.742495
7.8761306
8.013558
8.200889
8.100247
8.1076
7.6909623
7.4631014
7.4035764
7.4186816
7.505213
7.6039453
7.711642
7.6550264
7.5658154
7.3907723
7.524501
7.6180344
7.5443854
7.534113
7.5524907
7.734207
7.673466
7.5882525
7.4964194
7.5214953
7.492511
7.5673485
7.684955
7.8842435
7.9745383
8.201442
8.144331
8.259205
8.327935
8.391151
8.324768
8.349378
8.253002
8.24307
8.276354
8.2537
8.186645
8.27139
8.111693
8.133135
8.003206
8.003018
7.899175
7.8806105
7.873353
7.6888785
7.4677396
7.584932
7.487033
7.2715907
7.377929
7.3203073
7.4463634
7.3338513
7.388501
7.493521
7.3273506
7.547092
7.640334
7.615507
7.7370677
7.717728
7.8798633
7.971598
8.019768
8.090392
8.054012
8.088377
8.009941
8.009667
7.935548
7.766923
7.6930494
7.9645724
7.6727858
7.5845723
7.828522
7.98356
8.108905
8.252741
8.384739
8.443631
8.302242
8.247438
8.015532
7.8513336
7.7135167
7.440186
7.4876246
7.443248
7.282933
7.3644404
7.3920584
7.386107
7.460197
7.5508533
7.646735
7.6952353
7.663324
7.518527
7.4718947
7.4911876
7.4515142
7.517375
7.684446
7.3261538
7.457932
7.5449643
7.478551
7.618462
7.2056847
7.2693815
7.408792
7.1600404
7.138264
7.087732
7.4358125
7.203275
7.1500645
7.0371943
6.9015946
6.917414
6.8019457
6.5651073
6.4717493
6.210549
6.25149
6.249653
6.1588097
6.2984357
6.242453
6.3964114
6.4667544
6.6210523
6.727249
6.6310463
6.630044
6.4870505
6.443962
6.3618946
6.3399377
6.4752345
6.27551
6.2479987
6.4003425
6.796799
6.6852293
7.012203
7.253029
7.0452285
6.8644733
6.6068974
6.2364826
5.959804
6.037096
5.9213033
6.0401316
6.4144354
6.232271
6.1798687
6.4285216
6.261461
6.365039
6.3944254
6.171112
6.1385865
6.1573315
6.209853
6.1663947
5.9779806
6.225161
6.058145
5.817881
5.712275
5.5281334
5.2951517
5.1425786
5.2097783
5.162009
5.3047695
5.2422595
5.1745167
5.4343605
5.455943
5.3752146
5.457746
5.5097065
5.415901
5.416339
5.307078
5.243493
5.253956
4.9319077
5.413799
5.278546
5.409403
5.40893
5.2117286
5.3726125
5.6228433
5.3841767
5.514591
5.29059
5.385893
5.1029425
5.147521
5.2988544
5.553114
5.58839
5.9718804
5.8660784
5.992882
6.195128
4.6730347
5.25498
5.319566
5.4441733
6.0612125
6.40734
6.249661
6.4366527
5.938796
5.958625
6.075715
6.127722
6.399162
6.592283
6.6336255
6.548988
6.502095
6.582445
6.5374813
6.684122
6.9928803
6.536573
6.538898
6.3161173
6.026042
6.362279
5.6151514
5.8626933
6.2140555
6.3387594
6.106267
6.3269258
6.2245955
6.248057
6.2095513
6.3076334
6.3961296
6.231777
6.149466
6.1194034
6.478675
6.6596503
6.8907485
6.7100344
6.337901
6.3375664
6.366517
6.341098
6.0583005
6.0085
6.0379925
6.1363554
6.088747
6.2412434
6.191162
6.0119934
5.8719926
6.034134
6.075425
6.2198405
6.3332686
6.2454786
6.3298197
6.4156976
6.578655
6.697262
6.5388775
6.6648293
6.6527004
6.512571
6.3661547
6.423195
6.225702
5.9470234
6.008225
5.842183
6.28799
6.2149444
6.529901
6.447775
6.5473995
6.629905
6.961644
7.032433
7.0597253
6.814846
7.19367
7.223166
7.0874896
6.7304535
6.7647405
6.768647
6.854383
6.4722543
6.551191
6.51862
6.579714
6.496703
6.4580736
6.6012926
6.377566
6.407889
6.424419
6.6045365
7.037249
6.9507356
7.053716
7.0346546
7.3077435
7.052796
6.880392
6.852317
6.9298058
6.8097334
6.5668464
6.440498
6.639306
6.470604
6.653409
6.851302
6.9142823
6.7731094
6.662505
6.833098
6.8062654
6.668358
6.9682255
6.49675
6.664768
6.481849
6.5057654
6.653433
6.9268227
7.0137978
6.8590956
6.468661
6.177192
6.217492
6.14713
5.868824
5.7786336
5.619034
5.453578
5.223044
5.1134624
5.207878
5.4469795
5.5989523
5.342454
5.2927995
5.507579
5.7009296
5.6346793
5.2914147
5.1768303
5.621106
6.207955
6.4472013
6.6057777
6.278682
5.945631
5.6643186
5.2071195
5.1899
5.0583878
5.0660086
5.3307004
5.6332912
5.7252765
5.84733
5.9478946
6.251957
5.976006
6.170297
6.120885
6.668515
7.032176
7.18936
7.1353855
6.9826913
7.1944046
7.5035706
7.5672708
7.494215
7.516995
7.3432817
7.316293
7.1877055
6.9753923
6.7752423
6.8070664
6.630006
6.461591
6.1729827
6.387637
6.4339466
6.244914
6.418111
6.2633095
6.2384186
6.1695414
5.865483
6.015342
6.204221
6.349916
6.267145
6.398431
6.575996
6.4265766
6.637461
6.4373345
6.4282255
6.632899
6.739866
6.853866
6.910854
6.8607545
6.44579
6.0624475
5.883458
5.8551655
6.202971
6.2458725
6.315369
6.393466
6.3838167
6.562052
6.4231524
6.292304
6.5300555
6.2667737
6.2932243
6.1088457
5.894847
5.6025143
5.524783
5.6968603
5.7585382
5.8198953
5.123681
5.0450892
4.7713127
4.9105597
4.938697
5.338057
5.4414186
5.3867087
5.381815
5.4283605
5.659243
5.6518903
5.4238997
5.8627505
5.574424
5.437877
5.3853283
5.374402
5.6029696
5.470628
5.610615
5.7017617
5.9864006
6.019414
6.178242
6.2966557
6.011524
6.2743764
6.1339993
5.867386
5.7465124
5.832791
5.971121
6.006322
6.044261
5.930305
5.8466225
5.8388333
5.724343
5.7574964
5.645297
5.906513
5.8193955
6.314441
6.0497203
6.0720215
6.141617
5.966692
6.117263
6.2909117
6.3924685
6.633022
6.667424
6.3575044
6.3881946
6.163947
6.185726
6.433463
6.3398027
6.1990037
6.461221
6.04687
6.4145308
6.6791253
6.6857834
6.709878
6.7315807
6.8032923
6.962085
6.8676195
6.720035
6.9897766
6.7560916
6.919377
7.0705676
6.9749155
7.153932
7.1827855
7.2336593
7.3348026
7.400896
7.401684
7.3189397
7.365389
7.4659605
7.1608458
7.25269
7.074973
7.123913
7.0400853
7.2048025
7.045649
7.1760855
7.172835
7.23859
7.211619
7.2208157
7.190101
7.1932077
7.307179
7.250788
7.170765
7.0590878
7.1056986
7.048236
7.135107
7.178438
7.270033
7.2797136
7.201771
7.257826
7.1585317
6.8723183
7.316881
6.768524
6.6144285
6.303507
6.01384
5.8570724
5.9834886
6.042937
6.2033544
6.092178
6.1435404
6.0200934
6.368207
6.270934
6.4399977
6.4490757
6.5224
6.395384
6.6887093
6.5452976
6.7477417
6.606678
6.788311
6.849754
6.67056
6.7651153
6.8159494
6.9686155
7.303492
6.9494667
6.9164343
6.8518963
6.8557005
6.6166544
6.555635
6.7534165
6.516016
6.615545
6.750266
6.9481707
6.7873726
6.8790812
6.8977184
6.770174
6.910728
6.803562
6.8695717
6.8977146
6.905136
6.8388195
6.8872194
6.8695464
7.0221157
7.138545
7.3125515
7.145812
7.0347557
7.0816984
7.302882
7.340392
7.462221
7.5491533
6.95322
6.900789
6.927542
6.9694414
7.086157
7.177526
7.099589
7.171817
7.164366
7.015668
6.882697
6.5863066
6.5445514
6.666966
6.7128105
6.3902044
6.4857726
6.4464445
6.8506603
6.7000313
6.514633
6.52404
6.5957413
6.9054265
6.89055
6.861118
6.580895
6.0780644
6.111771
6.2153363
6.7801
6.799124
6.9378896
6.8503137
6.784356
6.782275
7.06737
6.953234
6.9110703
6.96412
6.882667
6.63954
7.000634
7.099067
7.3559504
7.2387366
7.1205373
6.924531
6.979642
6.865751
6.578266
6.663765
6.865932
6.7658615
6.5905128
6.6509113
6.515921
6.6116796
6.6205497
6.460916
6.764886
6.631516
6.796674
6.793998
6.8597198
6.6665926
6.7822065
6.858617
7.100994
6.9607706
7.0173845
6.794446
6.6355634
6.538107
6.313429
6.3932414
6.3342257
6.5188866
6.5623693
6.4483986
6.5507345
6.5913143
6.7169776
6.7932787
6.5914135
6.7788115
6.683983
6.8244085
6.7932463
6.784134
6.729318
6.6794558
6.696821
6.712665
6.833578
6.859724
6.9815035
6.7790623
6.8278055
6.709256
6.811854
6.6436386
6.7329698
6.640062
6.858414
6.4570484
6.417722
6.3597994
6.383772
6.198812
6.1768675
6.0904064
5.693195
5.5855255
5.722698
5.6191473
5.7558155
5.6614003
5.9622426
6.5197396
6.850507
7.120675
6.6883802
6.722824
6.742552
6.85312
6.924314
7.0006557
6.959332
6.7710915
6.4522276
6.1854587
6.318361
6.263731
5.9074717
5.950424
5.864485
6.0239477
5.878866
6.038222
6.1165853
6.938862
7.0244627
7.001608
6.8155956
6.686703
6.821667
6.9003396
6.999191
6.862648
6.923297
7.079284
6.792738
6.828369
6.7020783
6.676689
6.94819
6.88193
6.4345703
6.0306196
5.602082
5.3278155
5.3805585
5.6062584
5.829568
6.1960096
6.1569824
6.192137
6.2652106
6.29882
6.1609898
6.3152704
6.15284
6.5525846
6.698904
6.6406918
6.516048
6.452297
6.493284
6.5045595
6.4918385
6.5096884
6.6228676
6.735708
6.6970177
6.832756
6.8308983
7.0450687
6.969706
6.947831
6.9263673
6.847016
6.7084703
6.627268
6.6123075
6.729968
6.7794304
6.7712564
6.621828
6.4264765
6.4156294
6.384665
6.243931
6.055699
6.265017
6.068262
6.059552
5.9133215
5.912036
5.9505086
5.7084618
5.7405014
5.8131204
5.847309
5.909306
6.021715
6.074878
6.422225
7.0598207
7.3075123
7.0370884
7.0249405
7.0156198
6.9663754
6.7888594
6.6172147
6.545348
6.545713
6.3647404
6.5215445
6.5748825
6.570688
6.7808704
6.72437
6.7587514
6.8244815
6.838894
6.8164554
6.7975197
6.9514856
6.959931
6.8300366
6.9539785
6.733593
6.7561374
6.6292987
6.69593
6.6960573
6.589738
6.764059
6.833749
6.82716
6.7795153
7.0351896
6.862788
7.005909
6.7093477
6.697352
6.660542
6.7240634
6.7664967
6.9858713
6.918886
6.9456606
6.871534
7.0236745
6.904617
6.7620363
6.7714868
6.6655245
6.7554855
6.892062
6.8115788
6.8225102
6.8830376
6.9487906
6.9851427
7.0177965
7.1828365
7.017474
7.258153
7.132744
7.2804174
7.439067
7.491013
7.3054814
7.338551
7.3438306
7.3702607
7.4245853
7.3819227
7.592181
7.5468597
7.6171985
7.207236
7.18104
7.305361
7.3196454
7.2720885
7.257349
7.2303762
7.077217
6.855588
7.0031695
6.819966
7.034408
6.8246536
6.7020583
6.5554705
6.6553607
6.6259313
6.871899
7.2746468
7.231906
7.201168
7.1132226
7.0918117
7.0465746
7.0843077
6.984956
7.1735845
7.0430956
7.076484
7.1403837
7.135099
7.046168
7.0526953
7.029482
6.998677
6.9772635
7.0214586
6.94377
6.810879
6.7874737
6.692265
6.703306
6.8225236
6.5658298
6.495688
6.363693
6.3352346
6.309144
6.2489805
6.285849
6.35106
6.2845764
6.102373
6.1917734
6.178723
5.913771
5.7565684
5.5446405
5.7276864
5.80348
6.002291
6.1527762
6.290414
6.195885
5.921504
5.964479
5.9084826
5.973227
6.015126
6.2804894
6.5704336
6.6170244
6.3924
6.3209553
6.521472
6.4809628
6.647104
6.445249
6.5341983
6.499244
6.951098
6.7314453
6.39244
6.5659027
6.5527463
6.5893054
6.701333
6.4649754
6.1220093
5.9485006
5.8733654
5.983993
5.7790594
5.964142
6.1682067
6.0708156
6.016565
6.070307
6.0688434
6.251106
6.3177958
6.4044666
6.4246016
6.5553913
6.8284736
6.699724
7.036093
7.0612497
6.673319
6.6415505
6.5888443
6.779168
6.636781
6.569244
6.5400906
6.675104
6.5624247
6.6096516
6.450244
6.4925833
6.4694185
6.52869
6.516796
6.7299957
6.756927
6.702174
6.510187
6.4623504
6.225397
6.5319395
6.6513734
6.66609
6.6545153
6.8186955
6.6884866
6.526942
6.4078784
6.3147297
6.3823414
6.3705525
6.4047694
6.346883
6.316055
6.507828
6.5778203
6.6202474
6.6485715
6.570938
6.3818803
6.2794867
6.3551106
6.3435793
6.233575
6.1185265
6.1605263
6.523374
6.332262
6.391157
6.44799
6.1651254
6.107724
6.309016
6.439234
6.3052874
6.383491
6.0671225
5.999564
6.080062
6.2756753
6.2869964
6.403932
6.321
6.317843
6.2685065
6.3778834
6.3970375
6.4188066
6.4359617
6.3766994
6.2661924
6.159661
6.072111
6.051952
5.954956
5.9015865
5.87952
5.837393
5.787695
5.848815
5.7881474
5.806284
5.694745
5.7371864
5.7271085
5.854666
5.793721
5.7361374
5.6644845
5.264063
5.3296075
5.163221
5.1589518
5.1462584
5.2937765
5.194558
5.3160486
5.635435
5.9202423
5.8819637
5.914617
5.8281083
5.8689423
5.871341
5.749591
6.2455072
6.4007244
6.221458
6.147452
5.982918
5.657962
5.6354914
5.639709
5.745725
5.6571956
5.8478975
5.503927
5.455743
5.0039225
4.9373326
4.720245
4.9211497
5.2126474
5.5156317
5.176658
4.9280934
4.714947
4.6922274
5.0406575
5.3640285
5.430384
5.527612
5.452859
5.3620563
5.4136376
5.4930997
5.553805
5.5888753
5.548635
5.5105257
5.414834
5.2700896
5.2101917
5.175472
5.1143103
5.1959887
5.097566
5.1423163
5.133384
5.093239
4.909512
4.818246
4.77604
4.8362403
5.0052676
5.1086187
5.26688
5.316196
5.324585
5.415822
5.5046463
5.648286
5.7061405
5.4960966
5.4028673
5.4720592
5.521262
5.310168
5.5802546
5.65792
5.7247977
5.5224934
5.4603367
5.113075
4.9133286
5.008201
5.0029926
5.0619426
5.1123195
5.061316
5.1796412
5.143363
5.1648073
5.208625
5.020574
4.9133267
4.968502
4.750629
4.7510786
4.785217
4.735896
4.522487
4.812888
4.8042426
4.5613375
4.758455
4.706772
4.9313726
4.969079
5.0495253
5.008877
4.9029737
4.77246
4.649504
4.5893235
4.511546
4.4779673
4.368692
4.414988
4.5457864
4.3541226
4.468449
4.3879366
4.447245
4.621523
4.65946
4.7533727
4.627224
4.6506824
4.4704313
4.5046525
4.6697335
4.812616
4.7389097
5.098201
5.3061914
5.447614
5.3923726
5.597107
5.5149217
5.4801183
5.477062
5.378516
5.5260124
5.510089
5.3820353
5.33235
5.5961504
5.1158156
5.284301
5.5990295
5.614809
5.8823843
5.8986063
5.7807875
5.6831245
5.6427965
5.6485324
5.527935
5.6609573
5.4358544
5.8214436
5.993079
6.075143
6.1561756
6.1577644
6.1239944
6.1717544
6.0190377
6.1184015
6.019608
5.988848
6.1010237
6.0264997
6.2127476
6.053536
6.0270915
6.2620087
6.2680717
6.0774302
6.259372
5.7454534
6.129959
5.963211
5.9909997
5.800463
5.774872
5.6151094
5.8936853
5.934984
5.970609
5.915346
5.9045496
5.925899
5.835292
5.9930468
5.9875994
5.9600115
5.9421406
5.982678
6.056934
6.0085635
5.9401364
6.07845
5.722848
5.698357
5.594397
6.039842
5.873572
5.838114
5.8022895
5.98573
6.233829
6.563628
6.6172576
6.5768814
6.2759624
6.4733133
6.7798553
7.3004227
7.2111716
7.2309394
7.2625513
7.0633674
6.732212
6.7509904
6.730017
6.5725822
6.4451885
6.5972066
6.7059593
6.607137
6.3580236
6.1769032
6.0725913
5.958482
5.9769073
5.803524
5.7369905
5.667649
5.6044497
5.4107537
5.3763776
5.4645796
5.5211596
5.6904035
5.8126893
6.033871
5.977912
6.1030326
5.883656
5.728114
5.6562734
5.829138
5.964217
6.096533
6.224191
6.191129
6.125002
6.4441886
6.7379127
6.861987
7.016518
7.2428765
7.3099036
7.7070704
7.7766066
7.9814677
7.645632
7.2243547
7.1651697
7.20321
7.2592077
7.1427236
7.0393753
6.9470935
6.9710436
6.917327
6.937863
6.818854
6.7364388
6.439392
6.2773986
6.2080455
6.2259874
6.0578804
6.03277
5.807579
5.8313417
5.5437527
5.4554977
5.458555
5.638161
5.887987
6.0524125
6.290378
6.5634937
6.4567494
6.8138895
6.8971915
7.2168627
7.384559
7.2383637
7.4290285
7.407414
7.5926423
7.674591
7.932021
7.9133844
7.730164
7.340772
7.2085195
7.2242565
7.4044747
7.477525
7.6822615
7.6210985
7.5951076
7.531905
7.6173306
7.460973
7.6442003
7.303326
7.3532276
6.9736915
7.121233
6.8705087
7.1534204
6.9621153
6.9729714
6.7972608
6.8923903
6.4741955
6.487256
6.2463255
6.237015
6.332766
6.6318765
7.028952
7.1740546
7.2738533
7.223497
6.935287
6.9536867
6.687427
6.6278324
6.9022818
7.107901
7.309046
7.1366653
7.280413
7.5371537
7.7955384
7.928045
8.102183
7.8711486
7.53988
7.3425083
7.3460164
7.75862
7.8233066
7.761127
7.6424203
7.610111
7.656636
7.411322
7.391371
7.362407
7.027977
7.024559
6.7115116
6.888794
6.44767
6.6326785
6.241185
6.2641044
6.210054
6.2656727
6.249412
6.223042
6.1329494
6.2435894
6.3090525
6.764265
6.9946694
7.094798
7.0894094
6.9678645
6.725491
6.827482
6.7688565
6.7568984
6.619137
6.7182894
6.509632
6.397003
6.1895604
6.3551583
6.2006955
6.1863403
6.108565
6.204898
6.515658
7.049692
7.219243
7.1548433
7.221714
6.8864512
6.544443
6.4473686
6.267483
5.8997793
6.1326456
6.5301147
6.739405
6.4388833
6.545987
6.3761373
6.7060666
6.9369264
6.9258804
7.0415335
7.091797
7.055846
6.836921
6.9559913
6.996435
6.994924
7.024069
7.0228434
7.130602
6.984462
7.072281
7.0410247
7.0811157
6.878964
6.526635
6.492556
6.6734543
7.135423
7.0821443
7.378057
7.4157486
7.5688496
7.6992855
7.7787952
7.6879606
7.749384
7.4998865
7.496109
7.6496363
7.736737
7.866387
7.881204
7.6815786
7.621801
7.7365594
7.763656
7.599134
7.608123
7.421552
7.7315598
7.4775968
7.771906
7.560726
7.393744
7.3613577
7.3562202
7.373979
7.2007475
7.164685
7.0262384
6.9643345
6.757367
6.7101727
6.708732
6.754545
6.667187
6.465075
6.241729
6.461815
6.248507
6.452342
6.721858
7.374941
7.118364
7.4243526
7.25341
7.422379
7.4331245
7.7120667
7.6399937
7.7722597
7.7829328
7.84738
7.848658
8.080888
7.940804
8.140542
7.751547
7.4425015
7.0992875
7.002653
7.130704
7.0608535
7.1857495
7.178648
7.078533
6.898876
6.991475
6.588975
6.680888
6.552475
6.74179
6.5042253
6.365691
6.537736
6.4065833
6.360612
6.829792
6.56854
6.69848
7.0394025
6.614698
6.594038
6.524802
6.6045575
6.680984
6.8030796
7.019748
7.1252856
7.144417
7.3459635
7.4286265
7.526972
7.7130437
7.7164245
7.733584
7.6083736
7.5699406
7.401073
7.489453
7.099779
7.230782
7.0509896
7.2563467
7.281282
7.086261
6.9827604
6.8984537
6.8350706
6.858944
7.14121
7.023812
7.076547
7.234302
6.827772
6.77237
6.7243576
6.6500688
6.5444818
6.2804146
6.2811537
6.3149977
6.3468127
6.4241114
6.0590677
6.151039
5.909444
5.7657337
5.8889875
5.7827587
6.105892
6.278298
6.5377855
7.0854673
6.7921696
7.035457
7.3206453
7.585586
7.176342
7.3694334
7.214598
7.2015014
7.190604
7.3378677
7.1378264
7.0302687
7.070945
7.21419
7.1422634
6.9430017
6.9004674
6.752048
6.738657
6.478429
6.319531
5.9266486
5.7912064
5.8804846
5.931483
6.0900292
6.1334662
6.1894007
6.306835
6.094638
6.243993
6.084533
6.006924
5.842957
5.906007
6.1370826
6.2840185
6.5840435
7.011497
7.075532
7.083914
7.2657237
7.358137
7.5731993
7.58187
7.554918
7.864396
7.8163605
7.950511
8.016774
7.8039722
7.5792813
7.448717
7.716034
7.514179
7.4394803
7.2583156
7.125933
7.034381
6.9964886
6.988243
6.5706234
6.287702
6.332138
6.2233734
6.155117
6.241577
6.174511
5.9196243
5.7123265
5.528637
5.6584253
5.3988647
5.643907
5.5208755
5.5577826
5.6500964
5.6556964
5.8818026
6.294635
6.525467
6.654993
6.8962164
6.75613
6.9617863
7.177595
6.7870708
7.2675886
7.55109
7.795189
7.58362
7.7798634
7.7860737
7.8952627
7.8254514
7.387804
7.524372
7.175103
7.1507006
7.0900707
7.0248084
6.897646
7.0437818
6.8348923
7.0214796
6.992341
6.923786
6.8564296
6.817149
6.7376013
6.6618752
6.716363
7.1375737
6.927311
6.9989524
6.905567
6.745406
6.6936574
6.386149
6.3634477
6.1198044
6.085268
6.219097
6.3619766
6.462432
6.699113
6.79541
7.0879626
7.269651
7.2462897
7.236416
7.160144
7.4276495
7.36283
7.525523
7.456534
7.2249312
7.1618176
7.0947857
6.7728887
6.0635366
6.379523
6.26817
6.355827
6.3315277
6.2996116
6.2526946
6.31019
6.3019114
6.753688
6.407013
6.301189
6.056346
5.9959154
6.1795197
6.2483277
6.4686923
6.039048
6.0088105
5.934762
6.205217
6.081393
6.463072
6.460063
6.619851
6.5078855
6.9464917
6.814992
7.069555
6.8439636
6.9790606
7.0734878
7.046178
7.0078063
6.885849
6.439783
6.3269806
6.4921446
6.5782027
6.5733304
6.296057
6.4598203
6.400028
6.410856
6.011226
6.217994
6.0403337
5.7410016
5.5749354
5.692398
5.8315616
6.041561
6.060241
6.130542
6.22608
6.3297567
6.4767494
6.4359922
6.5377083
6.561784
6.5054884
6.8316884
6.6953273
6.903721
7.049871
7.0795465
6.857074
7.0789647
6.958746
7.0163603
6.9373684
6.9161987
6.2187333
6.404405
6.459997
6.4051538
6.413571
6.3104453
6.281479
6.204857
6.320262
6.1992607
5.8237314
5.9755187
5.7316475
5.506627
5.9706993
6.039842
5.979202
6.245558
5.9361095
6.4870586
6.3230352
6.295924
6.0132523
6.043215
6.021167
6.082521
5.7369313
5.9883213
5.471291
5.373875
5.2250996
5.5508943
5.837935
5.8374434
5.8642015
6.285507
6.225508
6.1871243
6.041631
5.9925475
5.8026333
5.848601
5.8116174
6.1129246
6.0762515
6.495695
6.4538803
6.5833855
6.610914
6.530952
6.320398
6.434105
6.4579844
6.4167266
6.269506
6.3013287
6.167191
6.2787423
6.2998037
6.534947
6.378884
6.2523427
6.529673
6.4847894
6.450011
6.4376903
6.318264
6.263731
5.9905043
5.9449744
5.9323587
5.9078517
6.007743
6.1938653
6.4522486
6.4960647
6.7602625
6.755483
6.8910937
7.1395674
7.41302
7.333522
7.181251
7.179539
6.912582
6.589141
6.4925203
6.4973836
6.4642124
6.973546
6.798873
6.80474
6.4414144
6.3410673
6.5062394
6.60989
6.613476
6.1862273
6.1902647
5.5771146
5.8986063
6.558454
6.6591706
6.5093594
6.996837
7.076481
7.181277
7.173146
6.9036565
7.158757
7.0982327
6.9003153
7.235745
7.137426
7.1216803
6.8011737
6.963971
7.4053116
6.988064
7.00719
6.3162007
6.5662537
6.168349
6.8817744
6.8966885
7.1359367
7.542
7.271487
7.2912664
7.0909886
7.254049
7.236898
7.0471196
7.342572
7.054112
6.7641788
6.853804
6.8346043
6.8808913
6.763177
6.827957
6.9180865
7.07059
6.885047
6.8554974
6.6928306
6.8576665
6.6684875
6.6571617
6.874233
6.6837716
6.8580017
6.6844287
6.630935
6.6386375
6.664041
6.670921
6.6775904
6.555594
6.878836
6.698372
6.6211658
6.6642947
6.7800536
6.8921595
6.64549
6.940894
7.135586
7.1892343
7.3053083
7.1911545
6.881781
6.6958447
6.87036
7.058336
7.0689917
6.6064215
6.7256966
6.4843593
6.2907944
6.5524516
6.7189436
6.492105
6.440489
6.360448
6.476313
6.138866
6.0862136
6.2497325
6.224117
6.1585236
6.1589704
6.079308
6.280854
5.912424
6.3630056
6.5360827
6.419881
6.131148
6.0518403
6.3062115
6.158773
6.7545333
6.869197
6.9170046
6.9513545
7.0120797
7.079501
7.33119
7.1528535
7.203927
7.1004715
7.2309265
7.540698
7.5079746
7.1523247
7.0080748
6.854836
6.666883
6.47731
6.7110043
6.5650496
6.379996
6.226149
6.128887
6.05751
5.9450393
5.9712462
6.031474
6.0985723
6.1826553
6.141716
5.9465866
5.964827
5.807042
5.930412
5.9381166
5.7961407
5.701736
5.695498
5.6484475
5.4049416
4.9198637
5.1479473
5.237019
6.206702
6.951903
6.9922004
6.9857845
7.0834293
6.684725
6.958625
6.8913417
6.8740444
6.753249
6.2936764
6.054994
6.024194
5.933098
5.7073708
5.5874133
5.4712114
5.5217457
5.667356
5.7812552
5.5624676
5.5583615
5.6360407
5.951214
5.8964405
5.9605455
6.118207
5.896203
5.6807647
5.1326895
5.0969644
5.038056
4.9870853
5.200891
5.5203567
5.4386983
5.1239
5.30791
5.2855306
5.3186984
4.812263
4.393931
0
0
0
0
0
0
0
0
0
0
0
0
4.5198374
4.630669
4.409192
4.4342685
4.4316883
4.4876404
4.456415
4.486852
4.4547844
4.449441
4.4795957
4.5159135
4.512952
4.643507
4.49378
4.6911426
4.623393
4.615837
4.556126
4.6553464
4.60809
4.7652903
4.785673
4.629415
4.667813
4.8298635
4.7133565
4.784274
4.7706676
4.6845474
4.646613
4.743666
4.71159
0
0
0
0
0
0
0
0
0
0
0
0
0
0
0
0
0
0
0
0
0
0
0
0
0
0
0
0
0
0
0
0
0
0
0
0
0
0
0
0
0
4.051704
4.036321
4.2466326
4.4718156
4.4722295
4.406496
4.7593164
4.731192
4.542491
4.5800343
4.575906
4.504269
4.5946054
4.502047
4.3874073
4.5444975
4.5280037
4.491157
4.4661956
4.5752006
4.500509
4.5215416
4.3380666
4.5787287
4.468133
4.573175
4.3705363
4.285552
4.0040283
0
0
0
0
0
0
0
0
0
0
0
0
0
0
4.1606383
4.3342266
4.294214
4.1851864
4.151688
4.217178
4.2519765
4.36808
4.315913
4.0007725
0
0
0
0
0
0
0
0
0
0
0
0
0
0
0
0
0
0
0
0
4.354086
4.524008
4.4067144
4.645841
4.185456
4.406462
4.448165
4.82244
4.816832
4.9965076
5.0395927
4.6747313
4.361468
4.280836
4.411025
4.561518
4.568256
4.720878
4.840474
5.0496035
5.1335235
5.240507
5.305957
5.502339
5.4917517
5.4981713
5.4322977
5.481786
5.2619796
5.296998
5.0992556
5.3126645
5.236473
5.115364
5.1706214
5.1445684
5.3195868
5.0347977
4.9609003
4.8213706
4.8455124
4.6698756
4.626895
4.512864
4.4972463
4.5667152
4.737663
4.696965
4.319884
4.468943
4.2034864
4.2711754
4.360011
4.366378
4.2053094
4.276136
4.0565305
4.3039527
4.2394896
4.0878735
4.181831
4.1730595
4.585272
4.7135186
4.9004707
4.6500196
5.076251
4.9328103
4.929201
4.7647166
4.696418
4.765923
4.8063803
4.89728
4.895524
4.8000345
4.9402885
4.875355
4.866894
4.6837835
4.524875
4.398176
4.34943
4.614499
5.089307
5.4264565
5.5451555
5.526972
5.50916
5.6597633
5.648283
5.6183963
5.6394196
5.7279453
5.672667
5.791641
5.7058673
5.595049
5.608022
5.787023
5.790279
5.671869
5.4950933
5.570314
5.721935
5.5107164
5.846444
5.5382433
5.574953
5.346627
5.6651845
5.707161
5.5432687
5.4933705
5.542812
5.5867357
5.6261864
5.6855555
5.92013
5.7565794
5.6853037
5.7635875
5.802863
5.764977
5.8243794
5.8514304
5.7996492
5.7940383
5.8601966
5.8180223
5.857671
5.8297744
5.7230277
5.6818542
5.711342
5.567008
5.1752753
4.881293
4.7453866
4.757472
4.7606025
5.049611
5.0676966
5.3047338
5.1734014
5.463283
5.2337713
5.5349226
5.6868987
5.3873363
5.1985254
4.969217
4.484685
4.40665
4.42216
4.1090336
0
0
4.160062
4.399075
4.3665404
4.283396
4.2515144
4.0877347
4.1063666
0
0
0
0
0
0
0
0
0
0
0
4.2230825
4.51208
4.787887
4.732255
4.8750677
4.9975686
5.0480804
5.088642
5.150883
5.172332
5.0137677
4.816122
5.0164685
4.6418295
4.622784
4.3182254
4.1672974
4.0210323
0
0
0
0
0
0
0
0
0
0
4.166479
4.2689395
4.2757835
4.3239346
4.3299065
4.187838
4.1330714
4.069989
4.078507
0
0
4.1548347
4.349282
0
0
0
4.089871
4.0691175
4.318866
5.110652
5.2639155
5.277996
5.254892
5.3595076
5.3954926
5.2733617
5.300224
5.1277328
4.9706817
5.1403866
5.395089
5.604144
5.422425
5.242993
5.4030256
5.4310255
5.4326224
5.5179477
5.2180166
5.3505564
5.3966303
5.390873
5.4211764
5.520864
5.3844748
4.9539714
5.114881
5.1010456
5.1979113
5.046414
5.095701
5.185133
5.1920786
5.1952662
5.2569036
4.8746614
4.9738216
5.1300654
4.981807
4.9765935
5.0972524
5.1181383
5.2187233
5.151096
5.062474
5.0968294
5.102089
4.8768973
4.9341574
4.9979773
5.1150246
4.8010244
4.529762
4.440815
4.571518
4.674688
4.700348
4.684478
4.6056423
4.6271477
4.509932
4.5110564
4.637868
4.536186
4.4774485
4.471646
4.395881
4.406505
4.3588333
4.577051
4.641486
4.7601433
4.796017
4.7838163
4.800126
4.8428307
4.618759
4.625916
4.5953918
4.609416
4.6935687
4.694662
4.818771
5.045415
5.2936506
5.2747583
5.279932
5.302946
5.317295
5.323979
5.1436787
5.0811434
4.9759717
4.9646006
4.9691978
5.0854464
5.0443625
5.19328
5.2389317
5.1418266
5.1597624
5.291092
5.215602
5.3598886
5.139337
5.1058345
5.1090817
5.1867666
5.160295
5.0437083
5.112108
5.157789
5.0922403
5.011915
5.129588
5.048994
5.157589
5.2571344
5.3683686
5.183338
5.084136
5.1029606
5.298897
5.4891906
5.4034595
5.0752506
4.9445405
4.813812
4.716229
5.218505
5.0116825
5.177214
4.932654
4.9893713
4.864666
4.94669
5.0636854
5.2001886
5.3385787
5.5324135
5.525647
5.690812
5.5913696
5.5869026
5.4809337
5.1490054
4.9693537
4.630785
4.4579215
4.364752
4.4547462
4.551635
4.6792316
4.9113083
5.1259813
5.1092496
5.0114207
4.895267
4.9866924
5.0458837
5.169275
4.8825526
4.8894553
5.0063896
4.9621344
4.890142
4.944777
4.877239
4.9884057
5.0467234
4.767069
4.8124623
4.894921
4.8046575
5.761308
5.624905
5.9075747
6.110141
6.0630765
6.063946
5.727533
5.611286
5.5189857
5.6841297
5.8438616
5.9739
6.236667
6.3643894
6.4932714
6.2034707
6.3247204
6.5437865
6.472008
6.6088796
6.530463
6.377938
6.4348063
6.1019273
6.2659745
6.006344
5.9979305
5.842787
6.1305313
5.938566
6.1064606
5.9161468
6.0435166
6.0240498
6.104327
6.123419
6.0807424
6.324847
6.219695
6.2509923
6.1863084
6.371301
6.5201817
6.357445
6.4750295
6.254553
6.2459774
6.320418
6.4582205
6.472093
6.233881
6.227401
6.2048244
6.4354205
6.48458
6.5361533
6.70612
7.0889406
7.0193567
6.8749113
6.941108
6.955623
6.741793
6.861614
6.7203283
6.6675215
6.5344124
6.4054112
6.484335
6.5116725
6.5010176
6.251419
6.132063
6.0726724
6.2505245
6.4092517
6.234197
6.1741376
6.4289093
6.362805
6.200821
6.1905413
6.0128675
5.895077
5.4315705
5.1499834
5.3470325
5.3527207
5.3366756
5.1738596
5.1938863
4.94863
4.945598
5.0444016
5.0679107
4.9136815
5.040693
5.174574
5.100153
5.2248707
5.2126627
5.287123
5.476775
5.5896077
5.904462
6.066166
6.248395
6.2645283
5.9853415
6.1574783
5.837566
5.9265323
5.8241787
5.5053864
5.62751
5.116861
5.157056
4.9524736
4.9945736
4.964179
4.6772537
4.5061517
4.6749377
4.7927456
4.715792
4.521503
4.5050335
4.2547727
4.3381596
4.449554
4.4491243
4.898756
4.8355722
4.1947727
0
0
0
0
0
0
0
0
0
0
0
0
0
0
0
0
0
0
0
0
0
0
0
0
0
0
0
0
0
0
0
0
0
0
0
0
0
0
0
0
0
0
0
0
0
0
0
0
0
0
0
0
0
0
0
0
0
0
0
0
0
0
0
0
0
0
0
0
0
0
0
0
0
0
0
0
0
0
0
0
0
0
0
0
0
0
0
0
0
0
0
0
0
0
0
0
0
0
0
0
0
0
0
0
0
0
0
0
0
0
0
0
0
0
0
0
0
0
0
0
0
0
0
0
0
0
0
0
0
0
0
0
0
0
0
0
0
0
0
0
0
0
0
0
0
0
0
0
0
0
0
0
0
0
0
0
0
0
0
0
0
0
0
0
0
0
0
0
0
0
0
0
0
0
0
0
0
0
0
0
0
0
0
0
0
0
0
0
0
0
0
0
0
0
0
0
0
0
0
0
0
0
0
0
0
0
0
0
0
0
0
0
0
0
0
0
0
0
0
0
0
0
0
0
0
0
0
0
0
0
0
0
0
0
0
0
0
0
0
0
0
0
0
0
0
0
0
4.6399727
4.659603
4.6146817
4.512563
4.656064
4.6884737
4.7915664
4.812502
4.945147
4.8358917
5.076417
5.214644
5.4337573
5.64264
5.9958887
6.0558867
6.29646
6.383446
6.721
6.917195
7.152503
7.1946454
7.4373403
7.3976564
7.4907455
7.1828146
7.0649843
7.0534897
6.9697924
6.8154907
6.630934
6.3298087
6.3632426
6.4183455
6.407551
6.532057
6.2719116
6.3516555
6.0551925
6.006358
6.0382752
5.895289
5.669353
5.344804
5.104829
4.8578167
4.7482915
4.485854
4.605351
