10000
8.855927
8.894523
8.842504
8.898614
8.876286
8.818639
8.897636
8.863002
8.824459
8.865964
9.019703
9.002474
9.009505
9.023269
9.070319
8.941683
8.81535
8.83766
8.878697
8.887021
8.89477
8.972813
9.032061
9.059419
9.097399
9.073155
9.13482
9.136293
9.157336
9.156447
9.135529
9.143057
9.054901
9.007467
8.942004
8.964037
8.935316
9.023958
9.007795
9.043767
9.060872
9.128093
9.135689
9.1272
9.0686865
9.139683
9.132027
9.063202
9.007658
8.935921
8.905517
8.902406
8.962894
9.055112
9.091397
9.189305
9.191887
9.193497
9.202222
9.152626
9.094898
9.039895
8.985227
8.968882
8.978756
9.048578
9.022446
9.054139
9.029939
9.042385
9.00243
9.062538
9.027552
9.06214
9.045878
8.999374
8.993872
8.949207
8.966639
8.931813
8.784894
8.762965
8.77005
8.805946
8.760651
8.783475
8.860575
8.829331
8.874772
8.789043
8.877854
8.8734045
8.934476
8.881392
8.91311
8.911772
8.9209795
8.9423065
8.851833
8.837875
8.839069
8.810022
8.795839
8.819379
8.821537
8.810495
8.814132
8.868129
8.78342
8.867212
8.827812
8.930565
8.887436
8.87069
8.860885
8.85177
8.871674
8.858453
8.920187
8.942296
8.813358
8.876244
8.816055
8.839989
8.915879
8.827248
8.840491
8.835584
8.8288355
8.899777
8.851974
8.940543
8.922441
8.918577
8.873641
8.8371935
8.853267
8.810209
8.868862
8.891906
8.970711
8.925594
8.893681
8.827155
8.850346
8.750452
8.77826
8.73415
8.7195
8.709308
8.698689
8.759768
8.669946
8.800436
8.712616
8.770988
8.724005
8.685238
8.606501
8.546911
8.493783
8.411882
8.416214
8.420811
8.61073
8.564949
8.521001
8.507239
8.44859
8.350359
8.282502
8.249123
8.124146
8.14872
8.001348
8.026137
7.896616
7.8699303
7.7575846
7.659137
7.3286066
7.114939
6.784622
6.443978
6.031219
5.42157
4.9192924
4.4075108
4.360301
4.5124536
4.6983037
5.12811
5.3225236
5.5718403
5.6679926
5.824242
6.2192674
6.4438224
6.6429534
6.8984575
6.9582524
7.143713
7.2925234
7.362835
7.540551
7.544255
7.479259
7.481918
7.622676
7.6672072
7.8574433
8.070501
8.109896
8.038767
8.104224
8.140429
8.069596
8.074013
7.9273424
8.003818
7.8789897
7.908435
7.926331
7.938454
7.911534
7.973705
7.9825206
7.995883
7.9743834
8.026916
7.956475
8.1046095
7.9472256
8.071261
8.001006
8.005408
7.976664
8.066347
8.088198
8.053706
8.025625
7.9954033
8.107649
8.072361
8.101847
7.9981914
8.042222
7.9782376
7.9795594
7.9951544
8.003102
8.015863
7.9502025
8.071525
8.103022
8.092542
8.096933
8.108933
8.110275
8.108073
8.245992
8.2379055
8.238523
8.260449
8.254369
8.266074
8.27265
8.261496
8.279914
8.251527
8.30095
8.355298
8.347088
8.350715
8.313875
8.350578
8.320003
8.354037
8.310339
8.325332
8.316647
8.317632
8.333614
8.342086
8.332294
8.362809
8.358402
8.396655
8.312074
8.378997
8.421542
8.466303
8.535138
8.483924
8.503583
8.426231
8.351425
8.282141
8.374672
8.380854
8.467222
8.454279
8.487359
8.476193
8.493457
8.503547
8.480692
8.474653
8.468179
8.452553
8.457854
8.483738
8.481252
8.4498825
8.47989
8.473788
8.4493065
8.438093
8.433661
8.3958235
8.3510475
8.297232
8.275705
8.277503
8.250797
8.337869
8.309263
8.382884
8.316447
8.382707
8.334614
8.399721
8.42348
8.377562
8.453176
8.4120035
8.489707
8.389006
8.415701
8.38084
8.375885
8.365854
8.380172
8.375171
8.408758
8.415057
8.397675
8.437924
8.345152
8.278351
8.398348
8.329415
8.330011
8.255632
8.274439
8.245137
8.266266
8.288395
8.276454
8.305465
8.277048
8.257279
8.272484
8.253801
8.2895355
8.284351
8.260346
8.232668
8.23316
8.373139
8.440336
8.514799
8.522317
8.478659
8.472462
8.505035
8.431738
8.463407
8.4529085
8.459425
8.469261
8.417667
8.461781
8.327639
8.386111
8.285411
8.274416
8.256129
8.259655
8.240878
8.246044
8.235368
8.221641
8.259061
8.204043
8.307552
8.186572
8.2950735
8.194445
8.259969
8.227973
8.255524
8.214098
8.263312
8.18718
8.306014
8.170112
8.320065
8.267167
8.400262
8.256273
8.347901
8.271466
8.296324
8.281224
8.312687
8.298515
8.4240885
8.334822
8.376495
8.349459
8.488111
8.357447
8.491158
8.359089
8.410155
8.239445
8.234941
8.04479
8.193403
8.124174
8.31451
8.406875
8.535481
8.445671
8.551663
8.453593
8.556344
8.448172
8.552176
8.403635
8.384783
8.146422
8.185318
8.085979
8.161769
8.119449
8.241145
8.171579
8.347947
8.210196
8.363766
8.184144
8.221515
7.975298
8.038949
8.013896
8.100606
7.942545
8.028817
7.9474344
7.8506308
7.968363
8.009385
7.918518
7.923876
7.917554
7.970425
7.892842
8.012006
8.0024605
8.048205
8.003697
8.012582
7.9838014
8.130912
8.074694
8.167576
8.221139
8.201475
8.122095
8.079186
8.103346
8.1235695
8.085462
8.036477
8.121899
8.15968
8.157799
8.121772
8.091704
8.179125
8.242836
8.156995
8.2748785
7.913253
7.8610497
7.644072
7.4781504
7.5015893
7.3609276
7.0942645
7.1241345
7.0982437
7.0291505
7.026491
6.9688325
6.827386
6.6628823
6.331012
6.2492085
6.3901863
6.211234
6.057835
5.7936277
5.5138984
5.2180233
5.2349424
5.0526676
4.8520966
5.140883
4.6752253
4.6127577
5.010274
5.212361
5.757109
5.4743114
5.2522817
5.122059
5.055393
5.4953365
5.467796
5.425145
5.0002556
4.4940095
4.835819
5.337034
5.401098
5.0775003
5.3170924
4.7859774
4.722516
4.969942
5.03497
4.9921794
4.779152
5.041999
4.989344
5.0040765
4.7420497
4.8470798
4.9111176
4.7393074
4.6880174
4.6434393
4.3521137
4.6146164
4.442157
4.401768
4.4519844
4.522093
4.6937056
4.7863154
4.9279585
6.700305
6.696179
6.640566
6.7036057
7.045246
6.2231865
7.248325
6.9045362
7.022891
6.9442077
6.8064394
6.764733
6.9997864
7.028746
7.352421
7.3995595
7.4436903
7.6839333
7.520299
7.454302
7.4095855
7.5992403
7.1225963
7.3795857
7.345163
7.339815
7.557865
7.2066193
6.821379
5.755444
4.185402
0
0
0
0
0
0
0
0
0
0
0
0
0
0
0
0
0
0
0
0
0
0
0
0
0
0
0
0
0
0
0
0
0
0
0
0
0
0
0
0
0
0
0
0
0
0
0
0
0
0
0
0
0
0
0
0
0
0
0
0
0
0
0
0
0
0
0
0
0
0
0
0
0
4.0145407
0
0
0
0
0
4.1600065
4.188144
4.19863
4.015518
4.078677
4.0509357
4.178428
4.114441
4.317384
4.3037543
4.2698503
4.2889605
4.3349686
4.3426723
4.338149
4.367929
4.365839
4.148466
4.2067146
4.089602
4.010972
0
0
4.074442
0
0
0
0
0
4.351752
4.1981907
4.03402
0
0
0
0
0
0
0
0
4.2094083
4.321745
4.056054
4.011168
4.1914463
4.4757633
4.7989764
4.391297
4.4219174
4.305278
4.634292
4.3953753
4.322188
4.552509
5.231923
5.6157684
5.3233013
4.917514
4.5064187
4.5034122
4.354813
4.482617
4.539054
4.8603315
5.0711145
4.934034
4.662472
4.4522057
4.224443
4.273256
4.6350317
4.6523976
4.5669484
4.7614307
4.878743
4.9846787
4.9427342
4.3772564
4.0493374
4.4478116
4.381482
4.5376663
4.47015
4.4485064
4.567158
4.587955
4.6149483
4.587484
4.594429
4.6136894
4.6377287
4.5588665
4.524016
4.662508
4.5782557
4.6223536
4.4535627
4.4401293
4.2864623
4.2952566
4.2670503
4.294816
4.3406186
4.2839622
4.274664
4.097805
4.130798
4.0109425
4.129041
4.1582775
4.0572104
4.1050587
4.045968
4.1837387
4.228731
4.1443
4.180876
4.2042875
4.2748218
4.287896
4.2143693
4.3744125
4.3539805
4.2371664
4.371923
4.3475533
4.3695946
4.414153
4.359347
4.348525
4.489496
4.370681
4.3818054
4.321
4.2630143
4.242784
4.3818736
4.3847404
4.3521338
4.395516
4.296316
4.428692
4.299026
4.38191
4.2985826
4.2488174
4.369883
4.140524
4.122809
0
4.1744733
4.200142
0
4.3707147
4.429698
4.5816245
4.543479
4.533611
4.3277693
4.320222
4.2577853
4.0669065
0
0
0
0
0
0
0
0
0
0
0
0
0
0
0
0
0
0
0
0
0
0
0
0
0
0
0
0
0
0
0
0
0
0
0
0
0
0
0
0
0
0
0
0
0
0
0
0
0
0
0
0
0
0
0
0
0
0
0
0
0
4.0115666
0
4.0017815
4.202743
4.0949354
4.0747886
4.036125
4.123824
4.043653
0
0
4.039829
4.1649685
0
0
0
0
0
0
0
0
0
0
0
0
0
0
0
0
0
0
0
0
0
0
4.2356534
4.1225696
4.360766
4.346205
4.3545136
4.3889766
4.328823
4.2767286
4.1680346
4.071796
4.1865287
4.3890543
4.4177732
4.567497
4.5240097
4.480812
4.5596924
4.31155
4.4470787
4.685094
4.64419
4.5184755
4.436861
4.419113
4.5957146
4.547932
4.2506886
0
4.2049823
4.108138
4.356245
4.6268687
4.6084185
4.5350714
4.490428
4.6552734
4.5192194
4.4178333
4.279926
4.191824
4.131201
4.515355
5.037371
5.290778
5.2615376
5.2357664
5.0025206
4.694858
4.6721926
4.3629093
4.2437716
4.3313303
4.495932
5.0487747
5.403218
5.4179945
5.634613
5.375472
5.260648
4.9472933
4.729856
4.6510196
4.585698
4.965372
5.088105
5.204035
5.5888305
5.650861
5.5537167
5.2923427
5.2471924
4.987721
4.683229
4.6217675
4.3897495
4.378962
4.989658
4.784325
4.8706183
4.65675
4.458884
4.2831154
4.48134
4.601232
4.6166563
4.6404533
4.177202
4.1197658
4.282195
4.1568804
4.3979836
4.3148384
4.1280746
4.035229
0
0
0
0
0
0
0
4.9701643
5.0632563
4.9875913
4.9199476
4.6701775
4.7723026
4.7009487
4.7676363
4.709955
4.6700716
4.5586815
4.579138
4.5755043
4.5892887
4.6132793
4.5983915
4.495137
4.5684443
4.5007567
4.649449
4.5129733
4.6369243
4.570109
4.467321
4.744255
4.618115
4.786531
4.8538823
4.884626
4.9047575
4.9099946
4.9994154
5.020987
4.9637284
5.0230293
5.0579143
5.041218
5.0056586
5.086319
5.1038623
5.056288
5.1143603
5.1718554
5.2721086
5.324978
5.271164
5.3848248
5.3568664
5.3245935
5.397973
5.458374
5.396785
5.3740153
5.3328376
5.4225717
5.3322372
5.3490252
5.3539004
5.413771
5.124622
5.2565637
5.222851
5.237412
5.2339354
5.284892
5.2313566
5.2973447
5.15859
5.1482496
5.3133283
5.2106967
5.1773334
5.164418
5.070011
5.0368786
5.021683
4.972558
4.9804273
4.9069524
4.9129524
4.950422
4.948787
4.9668703
5.026727
5.1502514
5.2054954
5.130264
5.0398693
5.1228614
5.0976443
5.073481
5.1593914
5.111215
5.1656737
5.0887065
5.1029134
5.09298
5.0199122
5.072435
5.0972943
4.93144
4.9871407
5.0310416
5.0015807
4.9585204
5.0360622
5.039436
4.9347734
4.97005
4.915459
5.1300955
5.159537
5.089072
5.1799006
5.2305036
4.992079
4.937414
5.095301
5.2300963
4.936674
5.2618256
5.3179517
5.055703
5.341418
5.0604796
5.028982
5.112327
5.197878
5.190937
5.33053
5.2122293
5.3185472
5.2663736
5.3361516
5.433091
5.5178385
5.6227427
5.6380806
5.593374
5.644135
5.714431
5.6977224
5.782731
5.7932644
5.8032346
5.852112
5.722541
5.7397895
5.7583547
5.70683
5.8064413
5.812054
5.8107004
5.8611917
5.7122784
5.8602934
5.686673
5.844467
5.7062287
5.73033
5.5317054
5.643812
5.495016
5.5313387
5.4342175
5.556112
5.482655
5.5619426
5.5760503
5.563018
5.5578136
5.450603
5.5721936
5.5458565
5.5234494
5.3688893
5.4165645
5.538125
5.2930317
5.447175
5.389268
5.490922
5.557519
5.4450064
5.288292
5.1922855
4.968385
4.989204
4.979449
5.1157265
5.2671022
5.1581264
5.191473
5.0298343
5.1886377
5.0522733
5.193064
5.1078415
5.1409025
5.107189
5.135377
5.185112
5.3070483
5.3372526
5.3990154
5.493765
5.6184196
5.4562683
5.5539455
5.480973
5.47698
4.8600674
4.7260427
4.2041507
4.20288
4.290784
5.0991488
4.654676
5.023526
5.3899527
4.3054733
5.473374
5.539591
5.687212
5.415389
5.176872
5.359403
5.270892
5.4451275
5.6754565
5.6826315
5.7404137
5.8350816
5.9406137
6.1561646
6.309373
6.4192314
6.6540136
6.772387
6.765351
6.7686467
6.726917
6.717589
6.728988
6.720895
6.7417583
6.8638244
6.8795977
6.7047977
6.68511
6.6342163
6.658234
6.69647
6.6668816
6.674961
6.702402
6.6548967
6.607241
6.5792384
6.5073447
6.485558
6.58352
6.571314
6.551046
6.430368
6.476514
6.5425067
6.402059
6.5148697
6.5940685
6.702873
6.6739855
6.5605183
6.5458164
6.5116487
6.5020804
6.502385
6.3981137
6.4256654
6.595139
6.5792522
6.6517606
6.5682516
6.67063
6.8024187
6.9604073
6.9301167
6.6004004
6.2478447
5.854167
5.160851
0
4.2026706
4.351693
4.467662
4.421526
4.5149546
4.6381664
4.5630994
4.6858854
4.691007
4.7151127
4.6691923
4.6184545
4.727628
4.7220716
4.6309586
4.6734138
4.7103553
4.634572
4.678206
4.683299
4.8260484
4.8323317
4.824704
4.8491645
4.8583436
4.9244833
4.958491
4.8552876
4.9309297
4.8459263
4.8603
4.875004
4.9111614
4.9320645
5.008806
4.9994574
4.9061465
4.8534136
4.892475
4.853262
4.806392
4.7799826
4.797481
4.8496847
4.7867613
4.802318
4.790465
4.799412
4.799632
4.7606406
4.871127
4.8021398
4.790867
4.77543
4.8267045
4.768522
4.8128242
4.762643
4.7935843
4.767625
4.9002724
4.7779484
4.887448
4.767185
4.881559
4.752098
4.8288774
4.803848
4.8407993
4.849988
4.7894754
4.8316374
4.8123918
4.809825
4.8498306
4.89277
4.845326
4.85644
4.833049
4.84029
4.8953023
4.8703012
4.897382
4.894496
4.8745346
4.85889
4.8260884
4.8373637
4.8859644
4.9215007
4.8819914
4.890056
4.914285
4.9356956
4.9062257
4.8381596
4.878353
4.906835
4.92681
4.9167404
4.7957163
4.9281306
4.8570385
4.9280033
4.8662376
4.962274
4.9654856
5.1136923
4.969418
5.059869
4.9454236
4.9573045
4.969762
4.990162
4.992832
4.8679094
4.907406
5.012955
4.947505
4.956299
4.8523574
4.9049916
4.883264
4.8210974
4.8512535
4.861708
4.8986945
4.9030867
4.8345337
4.8928638
4.929192
4.9487762
4.936813
4.9850698
4.9780927
4.955861
4.940379
4.949009
4.92992
4.854473
4.884712
4.9172707
4.878791
4.8130903
4.8771834
4.8637943
4.8380775
4.8799086
4.893045
4.876187
4.821312
4.8948054
4.7865586
4.8143597
4.8200827
4.853527
4.7673693
4.8701305
4.863764
4.8196115
4.8052464
5.002792
5.119004
5.187324
5.3097496
5.3213663
5.3801117
5.396541
5.4260035
5.4602404
5.4662414
5.4629016
5.4887695
5.511577
5.563936
5.541791
5.54611
5.510895
5.5315275
5.4924526
5.6092052
5.6663885
5.6984777
5.61751
5.629583
5.664747
5.5603366
5.633812
5.5505295
5.6315136
5.519863
5.624587
5.5248985
5.5708995
5.5550923
5.5436206
5.613313
5.604284
5.587191
5.625112
5.5746717
5.6352286
5.6144357
5.593292
5.6031327
5.6040254
5.6028476
5.6127567
5.658494
5.595595
5.78508
5.8028383
5.7358093
5.7130017
5.8294835
5.739052
5.789414
5.733714
5.776708
5.747787
5.8077693
5.7114606
5.772622
5.665183
5.779237
5.593595
5.8403826
5.832239
5.691181
5.8502183
5.9049215
5.696147
5.830334
5.831064
5.8522763
5.6384397
5.725396
5.8207026
5.871913
5.822566
5.8478727
5.80696
5.9051104
5.8379927
5.890258
5.8423185
5.853794
5.8409967
5.9069242
5.831856
5.907495
5.8470364
5.887504
5.8211555
5.8789587
5.882384
5.882729
5.869761
5.9174
5.856637
5.8555975
5.7227135
5.700498
5.6363487
5.8399396
5.759335
5.5779295
5.509605
5.4679837
5.372917
5.1023297
5.2317986
5.566082
5.063337
4.6548967
4.6562276
5.449938
5.521581
5.711523
5.617413
6.0321884
6.4291086
6.648796
6.6026983
6.424343
6.402743
6.5535603
6.5972323
6.533381
6.533818
6.595908
6.3768654
6.3511367
6.261113
6.2235947
6.1011577
6.356293
6.831419
6.5578017
6.3840528
6.678985
6.4396653
6.4614677
6.6347823
6.877409
6.6426563
6.1825786
6.3757834
5.983533
6.1328
6.7046576
6.800247
6.7621374
6.2877274
6.398738
5.826747
6.3044915
5.515479
5.56348
5.180332
5.328929
6.076372
5.9744234
5.9979663
6.362299
6.2900944
5.4931273
5.380302
6.0327477
6.4033294
7.006491
6.7952952
6.2658186
5.6437154
5.97098
6.1334295
5.8144426
5.6263676
