10000
10.156267
10.058726
10.066951
10.061085
10.025455
10.0563
10.095261
9.983186
9.964529
9.95105
9.899036
9.937581
9.942285
9.90214
9.966432
9.981009
9.887047
9.866302
9.981472
9.865602
9.987342
10.05578
10.035642
9.864777
9.990867
9.992149
9.990373
10.009909
10.133231
10.224967
10.008627
9.985969
9.848258
9.931827
10.064294
10.105288
10.06295
9.937786
9.763367
9.625544
9.396143
9.150434
8.832907
8.668954
8.269223
7.5345316
6.675429
5.970093
5.437348
4.37334
0
0
4.0818777
4.044236
4.200304
4.757093
5.1625824
0
0
0
4.2115207
4.3090253
4.145674
0
4.5889587
4.2863154
0
4.937227
4.4490266
0
0
0
4.3374963
4.481838
4.5884995
4.8542547
4.7343254
4.633973
4.5461574
4.3513618
0
0
4.383324
4.935208
4.768428
4.562807
4.6381407
4.5973415
4.5868807
4.554053
4.601751
4.7107673
4.843121
5.0828547
4.8616056
4.7720265
4.793048
4.87136
4.8488555
4.9508677
4.792026
4.7886796
4.820677
5.0180736
5.269471
4.9906607
5.0558715
5.0830417
4.7741284
4.967258
4.88871
4.4045267
0
4.2410054
5.5003386
4.6454487
4.6649766
4.8036356
0
0
4.4543123
4.27456
4.9369054
4.9623604
0
4.512727
4.084599
4.594823
0
0
4.2068043
4.1577687
4.1717873
4.555793
0
0
4.3403106
4.3346334
0
0
0
0
0
0
0
5.2247477
4.4986753
4.4388657
0
0
0
0
0
4.1544514
4.121638
0
4.374354
4.1700068
0
0
4.489707
0
4.074914
0
4.263627
5.4603186
4.9540215
4.408566
4.456785
4.5737233
4.8274264
5.147299
4.5744085
0
4.391374
5.2149878
5.8130455
4.87645
4.7982764
5.1646056
4.8767595
4.891149
4.931331
4.884443
4.84965
4.536275
4.8997607
4.829283
0
4.2160397
4.4595933
5.0899115
6.2313433
6.594706
5.62927
4.8812127
4.2043605
4.339464
5.329395
7.292866
7.0490985
6.4008636
5.406802
4.8602676
4.590393
5.2010427
6.6798596
7.0207357
5.91464
5.352575
4.675833
4.06294
4.117417
4.3680634
4.6115084
4.6988616
4.8186536
4.2744384
4.4204803
0
0
4.349683
4.4436255
4.3091736
4.1108866
0
0
4.0811596
0
0
0
4.1927595
4.397655
4.536859
4.6357074
4.7411547
4.7421684
4.474472
4.488025
4.6048064
4.587908
4.613083
4.654558
4.654715
4.329813
4.2662477
0
0
0
0
0
4.747505
5.205544
5.5281954
4.913655
4.546687
4.1947966
4.437484
0
0
0
0
0
4.2170258
4.3385696
4.491215
4.5148945
4.5643535
4.5573606
4.624308
4.5849714
4.611715
4.4972515
4.508228
4.7505045
4.8350706
4.6887207
4.717912
4.69728
4.3036623
0
0
0
0
4.896023
4.490897
0
0
0
0
4.740141
0
4.5970984
4.91707
4.7904134
0
4.4241853
0
0
0
0
4.1603765
0
4.4561725
4.5981016
4.862975
5.2823505
5.8507442
4.7297025
0
0
4.6031575
4.974686
5.301993
5.4607944
5.19093
4.983941
4.9413147
4.9068966
5.698531
6.3595943
6.2164645
5.99208
6.008255
6.185804
6.307824
6.653578
6.6683936
6.6747313
6.753392
6.6440516
6.5455866
6.386697
6.0205903
5.42908
5.000662
5.0755167
5.4180436
5.6162133
5.832507
5.7879252
5.494463
5.5153637
5.663687
6.2310996
6.002698
5.497196
5.228094
4.8766413
4.67414
4.2697124
4.3736143
4.847497
5.3185334
5.346877
5.2155037
5.0145936
4.8875294
4.699873
5.330168
5.474093
4.720571
0
4.2467976
0
4.1508703
5.140603
4.6833515
4.67442
4.578339
4.81649
4.271718
4.2215757
0
0
4.197676
4.479772
4.1819773
4.4665017
4.5298724
0
0
0
4.3777146
0
5.8560944
5.815254
6.111322
6.177792
6.358941
6.4833474
6.467256
6.060227
6.0118847
5.3852997
5.4433823
5.8261547
5.582602
5.5800962
5.015809
5.0112476
5.027253
5.3503804
5.4992275
5.8324156
6.068599
5.9289236
6.2696514
6.5271196
6.509242
6.748597
6.587501
4.6027803
0
0
0
0
4.383859
4.454344
4.744787
4.9113636
4.6799383
4.524584
4.6807733
5.069458
6.094495
7.115192
6.8947573
4.9415164
0
0
0
0
0
4.019627
4.147934
4.7061644
4.579771
5.0685215
4.8161397
4.567211
4.475756
4.208121
0
6.1993666
6.5243063
6.3874407
5.845102
5.5371203
5.2023287
4.960778
5.2660494
5.0427136
4.5861135
4.684749
5.0097575
4.671716
5.2760434
5.3042974
5.4824023
5.0636187
5.077812
5.2927117
5.1653543
5.05063
4.6997824
0
0
4.45814
4.6365633
4.5821657
4.6321473
4.5358467
4.596797
4.7072735
4.7243576
4.674495
4.4935966
4.5139093
4.3588142
4.518894
4.30276
4.6046124
4.4405913
4.9240103
4.7127647
4.797042
4.9479723
5.2125635
5.9266267
5.8974824
5.8622704
5.7681727
5.720652
5.747589
5.940979
5.9425316
5.862793
5.8897014
5.6454654
5.582377
5.4198365
5.8129196
5.5356913
5.355386
5.1503115
4.3045826
0
0
0
4.099231
0
0
5.031755
4.202547
0
4.356782
0
4.2839355
4.7433515
0
4.773962
4.6013885
4.1372066
4.285013
4.6822925
4.614605
5.1799917
5.5548387
4.133191
4.495543
5.0503826
4.7092056
4.627903
5.447337
6.292884
5.494154
0
0
0
0
4.7344856
4.4716644
4.731104
4.687071
4.8262067
5.07637
4.865377
4.1223025
0
0
4.2070875
0
4.299281
5.4011307
6.1581373
5.8499527
5.0096316
5.0139627
5.4444504
5.6834574
6.1053777
5.801966
5.549527
5.7133226
5.9049706
5.6446486
5.666812
5.612484
5.996508
6.23208
6.0256844
6.0710526
6.2052803
6.4537597
6.611683
6.653969
6.8046393
6.812555
6.8546414
6.4277077
6.558407
6.601837
6.6484385
6.6345644
6.247881
5.9443884
5.8476524
5.873497
5.8361783
5.756828
6.017729
5.936972
6.1526937
6.093681
5.6978755
5.684748
5.933226
5.875523
5.9922566
6.194604
5.9421015
5.9702015
5.7977486
5.8973675
5.783581
5.669533
5.8594313
5.6052675
6.0216146
6.14989
5.655742
5.845038
5.9113884
5.698134
5.75226
5.538309
5.5761437
5.7800446
5.2707825
4.8845315
4.9038725
5.065182
5.324338
4.719382
5.2303214
5.2054796
5.4470444
5.857609
6.139765
6.0112786
5.8415184
5.6016893
5.6480227
5.4287777
5.5390134
5.600525
5.7019005
5.789012
5.898863
5.8344607
6.028007
5.9493914
6.1445107
5.9323535
5.8466234
5.8987017
5.984459
6.2956553
6.3494635
6.3712845
6.414423
6.321642
6.2585826
6.225816
6.185338
6.183444
6.1679463
5.900201
5.74446
5.6601963
5.621238
4.794426
0
4.6607094
5.4225874
5.259264
5.3527317
5.6990023
5.544331
5.153107
6.08814
5.9238987
5.929222
5.8775563
5.390964
0
4.2331085
4.503814
4.2306423
4.4502573
4.600248
4.766129
5.100875
5.0123262
5.1165543
5.122772
4.995391
5.1204014
5.1231704
5.1878347
5.2263484
5.2313585
5.4170947
5.6916323
5.581723
5.7202396
5.705642
5.684716
5.883093
5.527483
5.5922723
5.5697446
5.5994973
5.368627
5.4712873
5.618687
5.568734
5.6077275
5.5905676
5.617307
5.681491
5.5158653
5.4328704
5.370762
5.563773
5.355667
5.464151
5.2674403
5.533801
5.3864226
5.308103
5.3082447
4.722508
0
0
4.6768036
4.56877
4.717745
4.8204327
5.0850534
0
4.2838573
4.6799517
4.509634
4.8217916
0
0
0
0
0
5.144766
5.294358
5.279381
5.3013544
5.2534657
4.559905
4.449032
4.3601475
4.3652544
0
0
0
0
0
0
4.4304266
0
0
4.2609057
4.34491
4.799333
0
4.6745133
4.6988096
4.157753
4.4746346
0
4.1355357
0
5.189637
5.221529
5.146513
4.8275476
4.5372257
4.5705385
4.2926784
4.1642733
4.930974
4.8602057
5.05722
5.137841
5.0095267
5.263929
5.394173
0
0
0
0
4.6440973
5.0121655
4.816887
4.8311214
4.796533
4.7300353
4.878422
4.9114966
4.690875
4.6162434
4.359371
4.350751
4.2798615
4.1249514
4.223119
4.2958536
4.344737
4.3389025
4.4255295
4.357539
4.2948217
4.2758727
4.3493447
4.3179812
4.301366
4.6926804
4.3357544
4.414002
4.355617
4.360181
4.3577833
4.4604154
4.3899994
4.273001
4.435937
4.5908647
4.6171064
4.591442
4.592991
4.532772
4.428208
4.4400744
4.513957
4.382794
4.57689
4.330557
4.442878
4.2406015
4.421017
4.1530857
4.146777
4.1101494
4.174405
4.175297
0
4.1721964
0
0
4.281818
4.1868773
4.1261797
4.0934987
0
0
4.817073
4.8511343
4.9291835
4.9257283
4.777659
4.5134697
4.076727
0
0
4.4296517
4.4306145
4.501543
4.373258
4.5337415
4.8026342
4.800643
4.8798013
4.85004
4.865134
4.7951937
4.6266885
4.4508324
4.562754
4.499771
4.6307974
4.3900757
4.6699286
4.660069
4.4296045
4.328863
4.313894
4.9281073
0
0
0
0
0
0
0
0
5.101401
4.907111
5.033856
4.9183235
4.91304
4.841882
4.8385816
4.9926744
5.1943755
5.119088
4.548853
4.6188183
4.8345723
4.4230394
4.5182214
4.3170524
4.3249063
4.368788
4.3338475
4.3388777
4.298238
4.205032
0
0
4.8730054
4.9418616
4.8470716
4.8940353
4.9044447
4.8737426
4.868284
4.740519
4.5349708
4.62985
4.3711424
4.604404
4.6122866
4.6606836
4.6894984
4.6203027
4.7630224
4.7002845
4.8063784
4.8827724
4.8922796
4.7992887
4.858275
4.9642935
4.8978214
4.823922
4.7083693
4.6797314
4.6941223
4.736021
4.7194285
4.932702
4.8204093
4.827857
4.8267946
4.752004
4.740092
4.802348
4.8340416
4.732387
4.567617
4.5606513
4.756887
4.593674
4.62642
4.556432
4.6536226
4.4579844
4.363449
4.5059524
4.717107
4.5905433
4.5695677
4.4119253
4.387572
4.4771476
4.4682164
4.505429
4.7535667
4.6890306
4.802591
4.8018036
4.576451
4.8190064
4.626298
4.640802
4.477892
4.692317
4.537608
4.5352
4.4167967
4.511373
4.6903453
4.8318744
4.815705
5.0816107
5.0309343
4.9845395
5.0625668
4.9549875
4.933724
4.9970646
5.0928807
5.2274084
5.0170946
5.234909
5.0210013
4.8674016
5.114771
5.1209106
5.074428
5.0833936
5.2443066
5.1778364
5.4054365
5.1389112
5.0543523
5.298787
5.2532544
5.2457724
5.2036605
5.3746643
5.1729784
4.9955716
4.6856556
4.6892905
4.739753
4.798173
5.457255
5.3364463
4.980006
4.8860817
5.0387115
5.10048
5.1215286
5.217352
5.227556
5.098503
5.0092416
5.067892
5.073658
4.9546146
5.1737847
5.2688913
5.412923
5.3619113
5.4170933
5.222625
5.2607265
5.2362566
5.2129536
5.268242
5.023943
5.203593
4.9294195
4.9465847
4.7434416
4.8463626
5.208706
5.2880473
5.2679257
5.31992
5.2561917
5.0986595
5.167367
5.1600313
4.9885893
4.977824
4.684572
4.7503934
5.0823784
5.6168942
5.4899464
5.2990446
5.093831
5.3954153
5.3448615
5.5128074
5.5032167
5.6203537
5.482951
5.7284546
5.6291013
5.2140427
5.3795047
5.535944
5.309377
5.4421296
5.3538094
5.2689486
5.4635224
5.3616676
5.6050844
5.3688135
5.37277
5.5532703
5.559928
5.378842
5.0695014
5.2444587
5.165141
5.204859
5.3443217
5.2819448
5.3469267
5.409558
5.221322
5.3063912
5.2914824
5.228341
5.1374207
5.135
5.1545095
5.224815
5.293092
5.0666146
5.1516957
5.212207
5.095372
5.0762467
4.884796
5.159457
4.7156034
4.9216433
4.992432
4.730006
4.877618
4.8465457
5.0433235
4.859326
5.114113
4.909078
4.843778
4.9505367
4.929735
4.8591247
4.9401703
4.702761
4.9382367
4.725824
4.858487
4.8068485
5.0229254
4.760858
4.6281137
4.624481
4.48802
4.303135
4.348427
5.225714
5.0481877
5.0357575
4.911884
5.0211654
5.1657867
5.2562656
5.2071996
5.1478295
5.2337303
5.2943707
5.2810397
5.3349314
5.3274655
5.571065
5.4758368
5.529532
5.5206666
5.607204
5.442352
5.4965725
5.6258054
5.7313294
5.773597
5.7631993
5.822445
5.7858653
5.6531982
5.8279786
5.8093476
5.8958073
5.8295493
5.849204
5.8967423
5.93448
5.8669353
5.7889347
5.803159
5.7348175
5.717851
5.7736273
5.7507257
5.6874585
5.687773
5.756072
5.6296253
5.5930333
5.7460575
5.7395964
5.705448
5.6663585
5.595762
5.589092
5.6856465
5.74073
5.633972
5.5711336
5.5905304
5.6502914
5.636674
5.472862
5.780425
5.876191
5.8364344
5.8716803
5.9066124
5.8643885
5.820719
6.0066957
6.1584425
6.217642
6.4441805
6.186431
6.344544
6.3709784
6.2718062
5.807444
0
0
0
0
0
0
0
0
6.393113
6.2138457
6.5089574
6.4034114
6.39445
6.331936
6.376264
6.2361813
6.0675135
5.9283795
5.3810573
0
0
0
0
0
0
5.6689825
5.114331
4.5863423
4.5852966
0
0
0
0
0
0
4.72355
5.734659
0
5.5176797
0
0
4.513956
4.3552666
5.288809
5.04245
4.3491077
5.271654
4.443827
0
0
5.784883
0
0
0
4.461245
4.254411
5.226699
5.423207
5.417774
5.299258
5.374322
5.3099155
5.330507
5.488144
5.435891
5.4865065
5.407856
0
0
0
0
4.3489695
0
4.716582
4.551542
4.305568
0
0
0
0
0
4.2151384
0
0
0
4.1153846
4.380971
4.229671
4.3930902
0
0
0
4.3426394
4.492663
4.3744326
0
0
0
0
0
4.1234546
0
4.3475804
4.312473
4.3637214
4.3776145
4.2772346
4.2906537
4.0847263
4.3786607
0
5.373173
5.4958754
5.7609396
5.314002
4.6492157
4.9443283
0
4.243313
0
0
4.460047
4.4050093
4.8459067
4.6286745
4.4954376
4.19722
4.2231812
4.1793656
4.357426
4.232792
4.118772
4.1308966
4.9162126
0
0
0
0
0
4.4092693
4.4853034
4.590258
4.5943527
4.430941
4.4776144
4.577005
4.5478945
4.707643
4.5876
4.8293853
4.9512577
4.8489037
5.1018486
4.882829
5.009081
4.760202
4.9836483
4.7722316
4.738983
4.8000317
4.6271186
4.4451923
4.4412823
4.6344643
4.4978495
4.2662053
0
4.1716003
4.321133
4.3033857
0
0
0
0
4.553806
0
0
0
0
5.175066
4.4124784
5.348567
4.235965
0
0
4.150115
4.277044
4.324784
4.399247
4.2276244
4.1664324
4.290939
4.4675345
4.3009167
4.356483
4.259803
4.2903
4.35264
4.4118633
4.299734
4.393437
4.3331666
4.4151154
4.4279714
4.2210884
4.2596946
4.313827
4.887944
4.900911
4.4187245
4.238051
0
0
0
0
4.490562
4.7745814
4.5800123
0
0
0
0
0
0
0
4.403646
4.7018576
4.759219
4.373921
4.264854
4.853468
4.704728
0
0
0
4.6132603
4.38972
4.098926
0
0
0
5.136972
0
5.8411055
5.880151
0
4.598535
0
4.3092246
4.6643286
0
4.7612534
0
0
0
4.8482127
4.8027673
4.6122513
0
0
4.7938204
4.666116
4.9355497
5.3079
0
4.33098
4.9339085
0
5.0343847
0
4.555156
0
6.0756087
4.5543857
5.0015993
4.2896333
0
4.250457
0
4.4297104
4.4036026
4.335863
0
5.967479
6.2997913
4.834885
0
0
0
5.1047077
0
0
4.352947
0
0
5.213907
0
4.389103
4.4346457
4.8946657
4.218785
0
4.3652287
4.068299
4.1145062
5.2318196
5.339142
5.5360746
6.349033
4.87277
0
0
0
0
4.793388
4.8466606
4.8518934
4.876061
5.5779333
0
4.368302
4.3641844
4.529121
4.515683
4.2666855
5.12654
5.2762513
5.3904366
5.9752216
0
5.539497
5.6882067
5.4518027
5.6225305
0
0
4.1916146
0
0
0
0
4.567902
4.7965765
4.866418
4.9546094
4.602558
4.9729285
4.683248
4.582778
4.1892233
4.554321
4.935445
4.583008
5.6690607
0
0
4.7256546
5.023248
0
0
4.6913977
4.6653647
4.323005
4.505371
4.967515
5.1184177
5.5565023
0
0
4.7331853
4.8475146
5.0697308
0
0
0
5.2858853
4.448917
4.3420887
0
4.4951954
0
4.462958
0
0
5.6100698
0
5.1034145
5.126212
5.370535
5.1046596
4.8922896
0
5.259819
0
4.9626193
0
0
0
4.442949
6.019147
5.8594112
6.0756483
6.063664
0
4.3068285
0
0
4.38195
4.5292115
4.611981
4.2393575
0
0
0
0
4.4451375
4.3591065
4.434806
0
0
0
0
0
4.4422607
4.6728024
4.5221777
4.8512697
0
4.077681
0
4.062235
0
0
0
4.107844
4.3022723
0
4.3192167
5.039098
6.083849
5.495161
4.5098796
4.659529
4.881918
0
0
0
0
0
4.900127
0
4.8966727
0
0
0
4.7209888
0
0
0
0
0
0
0
4.8448057
4.7633176
4.8989496
0
0
0
4.7915945
0
0
0
0
0
4.140719
0
4.2561255
5.3502197
0
0
0
6.8717785
7.066367
6.903279
6.941951
6.981473
7.0099487
6.846023
6.8137116
6.8341603
6.43402
6.461891
6.521124
6.535667
6.48745
6.0395036
6.091932
5.527182
5.6812997
5.2841096
5.2754025
4.7712817
4.9142556
4.9207926
4.865188
5.03115
4.9263563
5.036652
4.499006
4.587373
0
0
0
0
0
0
0
4.7241273
4.841257
0
4.589134
0
0
5.195351
4.3750095
0
0
0
0
5.0881844
5.028293
4.241911
0
0
0
4.13177
4.567664
4.6968994
0
4.7627854
0
4.318216
0
0
0
4.6244617
4.2830124
0
0
4.5445194
4.4843235
4.6087027
4.219728
0
0
4.3908567
0
4.361002
4.245254
0
4.3985305
4.9512987
4.6881804
4.299388
0
4.0589213
4.455841
4.1334505
4.7870264
4.186886
0
0
5.0962176
0
0
4.2321897
4.1735425
4.287476
0
0
4.7442584
0
0
5.0500593
4.62258
0
0
0
0
4.21184
4.559699
4.3785343
4.6789627
4.642399
4.56125
4.623929
4.6483607
4.6309233
4.7108283
4.360614
4.470728
4.570839
4.5898438
4.6992803
