10000
5.0923023
0
5.0677
5.139791
0
5.2290473
5.2383184
0
5.2632017
0
5.1535664
0
0
0
0
5.269677
4.7318397
0
0
5.176679
0
0
5.0919557
5.141558
4.936707
5.2937274
0
0
5.2247496
0
5.222776
5.2156544
4.888819
5.2312117
5.2457466
4.854316
0
5.142179
0
5.209329
0
5.1975107
5.1870685
5.1810546
0
5.189043
0
5.2720165
5.1293564
0
4.7897716
0
0
4.927708
0
0
5.232922
5.058167
0
5.0313244
5.009372
5.105127
4.8276052
0
4.602863
0
4.8571467
0
4.9460382
4.3978176
4.942055
0
4.926052
4.864758
0
4.891362
4.869319
4.820131
4.794447
4.7545524
4.709484
0
0
4.6342974
4.670111
4.626013
4.7279816
0
4.575667
4.7127934
0
4.5311685
0
0
4.791938
0
0
4.70522
0
4.6007056
4.6240673
4.6470532
0
4.7094426
0
4.5155096
4.6055484
4.614411
0
4.7190914
4.7552123
4.733298
4.5682034
4.5498614
4.499595
4.4560595
4.3732796
4.467294
4.293098
0
0
0
0
0
0
0
0
0
0
0
0
0
0
0
0
0
0
0
0
0
0
0
0
0
0
0
0
0
0
0
0
0
0
0
0
0
0
0
0
0
0
0
0
0
0
0
0
0
0
0
0
0
0
0
0
0
0
0
0
0
0
0
0
0
0
0
0
0
0
0
0
0
0
0
0
0
0
0
0
0
0
0
0
0
0
0
0
0
0
0
0
0
0
0
0
0
0
0
0
0
0
0
0
0
0
0
0
0
0
0
0
0
0
0
0
0
0
0
0
0
0
0
0
0
0
0
0
0
0
0
4.2996435
0
0
4.495149
4.4860563
4.325574
0
4.2641354
0
4.367458
0
0
4.09224
0
4.2035627
0
0
0
0
0
0
0
0
0
0
0
0
0
0
4.4479256
0
4.313055
0
0
0
0
0
0
0
0
4.30154
4.5811033
4.617883
4.707012
4.65627
0
4.48721
0
4.6302805
0
0
4.5101523
0
4.503931
4.554178
0
0
4.5274477
4.5134134
0
0
4.5677776
0
4.574625
4.481248
0
4.4440002
0
4.340917
4.5436115
0
4.7149467
4.6720004
0
4.6480455
4.6338034
4.68345
0
4.6061068
4.64685
4.5764017
4.5561824
4.507164
4.5798545
4.5931263
0
4.6508794
4.5303073
0
4.212109
0
0
0
0
0
0
0
0
0
0
0
0
0
0
0
0
0
0
0
0
0
0
0
0
0
0
0
0
0
0
0
0
0
0
0
0
0
0
0
0
0
0
0
0
0
0
0
0
0
0
0
0
0
0
0
0
0
0
0
0
0
0
0
0
0
0
0
0
0
0
0
0
0
0
0
0
0
0
0
0
0
0
0
0
0
4.1451616
0
0
4.178772
0
0
4.335931
0
0
0
0
0
0
0
0
0
0
4.220225
0
0
0
0
0
0
0
0
0
0
0
0
0
0
0
0
0
0
0
0
0
0
0
4.247252
4.211207
0
0
0
0
0
4.4097195
4.632362
0
0
0
4.7344933
4.4920015
4.613433
4.7084146
4.6684265
0
0
4.648488
4.6175756
4.5688763
0
4.5913043
4.6509566
4.5613375
0
0
4.6372037
4.5492697
4.5918913
0
0
0
0
0
4.533061
4.5357237
0
0
4.593803
4.53124
4.548297
4.543974
0
4.4974875
0
4.266162
4.4155817
0
4.296696
0
4.3639956
4.3881063
0
0
4.101652
0
0
0
0
0
0
0
0
0
4.340152
4.4309597
4.493795
4.5524764
4.614905
4.680465
4.7588787
4.5565434
4.843149
0
0
0
4.5609727
4.7145653
4.737032
0
4.4865427
4.209356
4.170204
0
0
0
0
0
0
0
4.233646
4.4684205
4.481763
4.47076
0
0
0
4.6472063
4.180118
4.5665374
4.5187616
0
4.4097953
4.5849752
0
4.483552
0
4.3199883
0
0
0
4.6342115
4.588702
0
4.630642
0
4.5591006
4.632249
0
4.5046406
4.566769
0
4.641515
0
0
0
4.666758
4.672204
4.5226293
0
0
4.5926437
0
4.4654026
4.4251633
0
4.4889054
4.536111
0
4.4626527
0
4.342583
4.4361396
0
0
4.3306603
0
4.370044
0
4.170589
4.065619
0
0
0
0
0
0
0
0
0
0
0
4.1445713
0
0
0
0
0
0
0
0
0
0
0
0
0
0
0
0
0
0
0
0
0
0
0
0
0
0
0
0
0
0
0
0
0
0
0
0
0
0
0
0
0
0
0
0
0
0
0
0
0
0
0
0
0
0
0
0
0
0
0
0
0
0
0
0
0
0
0
0
0
0
0
0
0
0
0
0
0
0
0
0
0
0
0
0
0
0
0
0
0
0
0
0
0
0
0
0
0
0
0
0
0
0
0
0
0
0
0
0
0
0
0
0
0
0
0
0
0
0
0
0
0
0
0
0
0
0
0
0
0
0
0
0
0
0
0
0
0
0
0
0
0
0
0
0
0
0
0
0
0
0
0
0
0
0
0
0
0
0
0
0
0
0
0
0
0
0
0
0
0
0
0
0
0
0
0
0
0
0
0
0
0
0
0
0
0
0
0
0
0
0
0
0
0
0
0
0
0
0
0
0
0
0
0
0
0
0
0
0
0
0
0
0
0
0
0
0
0
0
0
0
0
0
0
0
0
0
0
0
0
0
0
0
0
0
0
0
0
0
0
0
0
0
0
0
0
0
0
0
0
0
0
0
0
0
0
0
0
0
0
0
0
0
0
0
0
0
0
0
0
0
0
0
0
0
0
0
0
0
0
0
0
0
0
0
0
0
0
0
0
0
0
0
0
0
0
0
0
0
0
0
0
0
0
0
0
0
0
0
0
0
0
0
0
0
0
0
0
0
0
0
0
0
0
0
0
0
0
0
0
0
0
0
0
0
0
0
0
0
0
0
0
0
0
0
0
0
0
0
0
0
0
0
0
0
0
0
0
0
0
0
0
0
0
0
0
0
0
0
0
0
0
0
0
0
0
0
0
0
0
0
0
0
0
0
0
0
0
0
0
0
0
0
0
0
0
0
0
0
0
0
0
0
0
0
0
0
0
0
0
0
0
0
0
0
0
0
0
0
0
0
0
0
0
0
0
0
0
0
0
0
0
0
0
0
0
0
0
0
0
0
0
0
0
0
0
0
0
0
0
0
0
0
0
0
0
0
0
0
0
0
0
0
0
0
0
0
0
0
0
0
0
0
0
0
0
0
0
0
0
0
0
0
0
0
0
0
0
0
0
0
0
0
0
0
0
0
0
0
0
0
0
0
0
0
0
0
0
0
0
0
0
0
0
0
0
0
0
0
0
0
0
0
0
0
0
0
0
0
0
0
0
0
0
0
0
0
0
0
0
0
0
0
0
0
0
0
0
0
0
0
0
0
0
0
0
0
0
0
0
0
0
0
0
0
0
0
0
0
0
0
0
0
0
0
0
0
0
0
0
0
0
0
0
0
0
0
0
0
0
0
0
0
0
0
0
0
0
0
0
0
0
0
0
0
0
0
0
0
0
0
0
0
0
0
0
0
0
0
0
0
0
0
0
0
0
0
0
0
0
0
0
0
0
0
0
0
0
0
0
0
0
0
0
0
0
0
0
0
0
0
0
0
0
0
0
0
0
0
0
0
0
0
0
0
0
0
0
0
0
0
0
0
0
0
0
0
0
0
0
0
0
0
0
0
0
0
0
0
0
0
0
0
0
0
0
0
0
0
0
0
0
0
0
0
0
0
0
0
0
0
0
0
0
0
0
0
0
0
0
0
0
0
0
0
0
0
0
0
0
0
0
0
0
0
0
0
0
0
0
0
0
0
0
0
0
0
0
0
0
0
0
0
0
0
0
0
0
0
0
0
0
0
0
0
0
0
0
0
0
0
0
0
0
0
0
0
0
0
0
0
0
0
0
0
0
0
0
0
0
0
0
0
0
0
0
0
0
0
0
0
0
0
0
0
0
0
0
0
0
0
0
0
0
0
0
0
0
0
0
0
0
0
0
0
0
0
0
0
0
0
0
0
0
0
0
0
0
0
0
0
0
0
0
0
0
0
0
0
0
0
0
0
0
0
0
0
0
0
0
0
0
0
0
0
0
0
0
0
