10000
9.851135
9.834766
9.7826
9.812404
9.761913
9.796151
9.769941
9.749742
9.72802
9.620723
9.579968
9.557966
9.54239
9.457876
9.483251
9.416343
9.435958
9.33791
9.245484
9.21265
9.223407
9.252904
9.129716
9.022005
9.120185
9.0864525
9.110329
9.01615
8.93571
8.921912
8.812967
8.815266
8.709947
8.7106285
8.61261
8.61184
8.503707
8.385309
8.297817
8.352648
8.370876
8.200477
8.099693
8.0555105
8.045296
7.891269
7.772477
7.8147774
7.615676
7.5389867
7.275063
7.4940777
7.3266
7.152875
7.0724635
7.0072904
6.9899335
6.8531313
6.9441447
6.9551325
7.0372305
7.0034437
6.9390774
6.784348
6.9450746
6.8482246
6.826852
6.851306
6.888854
6.9573655
6.9360976
7.007563
6.957742
6.948209
6.9973373
6.978165
7.1082115
6.9913144
7.0609117
6.7981343
7.0504546
6.896999
6.9789834
6.8521557
7.0043535
6.845358
6.9029503
7.0265145
6.9575443
6.958493
6.9730167
7.231439
7.405394
7.39977
7.4907064
7.562597
7.58781
7.8347626
7.949036
8.242758
8.159435
8.207592
8.182028
8.038648
8.088067
8.238559
8.300397
8.274788
8.231156
8.502651
8.402312
8.329924
8.299692
8.227012
8.177339
8.122085
8.115587
8.192221
8.135281
8.1124
8.052794
7.974387
7.910967
8.049883
7.981887
7.9754386
7.983393
7.904204
7.8552017
7.780823
7.7483807
7.6529617
7.595668
7.6487775
7.562973
7.586229
7.504241
7.616461
7.560089
7.5631676
7.609313
7.590778
7.5503016
7.5667048
7.500419
7.580293
7.5284276
7.558029
7.6094604
7.543247
7.503537
7.6096554
7.4937506
7.495058
7.4167833
7.412147
7.3937025
7.4151955
7.280909
7.327331
7.372446
7.336854
7.299584
7.393531
7.3211503
7.261202
7.2610583
7.3407564
7.3543005
7.338009
7.371734
7.3989005
7.5085726
7.538269
7.318198
7.388715
7.3032146
7.273678
7.3167667
7.265762
7.1667314
7.127185
7.114276
7.1241493
7.0333757
7.1050963
7.102652
7.0871644
7.1214395
7.0124307
7.185801
7.050622
7.0187244
6.9175806
6.8718376
6.794257
6.778369
6.6738915
6.5295076
6.8851175
6.5982275
6.6966715
6.5557184
6.56955
6.558918
6.3650403
6.3668685
6.4126453
6.3875527
6.251513
6.3362026
6.2556496
6.52867
6.431979
6.5967417
6.223612
6.4619536
6.604164
6.6277027
6.6948667
6.5034947
6.6585016
6.532678
6.8279014
6.6969748
6.7249994
6.4850435
6.794492
6.5923815
6.7727323
6.734513
6.692289
6.65849
6.673433
6.708556
6.6976857
6.62777
6.560335
6.6720624
6.7050934
6.5682945
6.6425376
6.454468
6.742372
6.634688
6.85043
6.477525
6.860688
6.7910123
6.733418
6.7401924
6.3664284
6.659013
6.5492277
6.55552
6.5051527
6.603082
6.563102
6.7550626
6.7437496
6.55562
6.5062623
6.6864
6.6143713
6.7168493
6.636631
6.595027
6.7601647
6.790248
6.632109
6.70119
6.6817975
6.6338816
6.569306
6.679089
6.468077
6.6167054
6.8186226
6.6834393
6.584139
6.7322392
6.7244625
6.664754
6.646625
6.536529
6.634451
6.512005
6.7011695
6.692742
6.6081796
6.561363
6.5682416
6.454972
6.439657
6.6369596
6.2819896
6.4291224
6.507171
6.317816
6.428005
6.2585
6.343721
6.4511957
6.158121
6.3111777
6.1801353
6.518225
6.424833
6.426105
6.3803253
6.405951
6.518988
6.4739833
6.3786926
6.536468
6.5990505
6.6089563
6.2312555
6.6776705
6.4755206
6.5620904
6.4543185
6.562214
6.368631
6.616481
6.5516496
6.536043
6.456011
6.506265
6.441707
6.546829
6.3598595
6.575534
6.286799
6.520904
6.3057857
6.5191383
6.528512
6.356471
6.40444
6.4281034
6.5021715
6.4454856
6.3732543
6.288169
6.2879663
6.359144
6.3798676
6.367891
6.3125153
6.4389367
6.3515
6.3556347
6.20025
6.467166
6.458408
6.49408
6.5378423
6.6110296
6.5196695
6.5245504
6.596144
6.5966663
6.674219
6.9217477
6.8479147
6.874324
6.814504
6.8872247
6.8603687
6.8458967
6.8879538
6.911027
6.9418445
7.126241
6.944341
7.1159015
6.9473095
7.013174
6.8575535
6.905278
6.9326096
6.954969
6.83642
6.797909
6.9139347
6.9661093
6.850081
6.8911433
6.8022394
6.807555
6.8000975
6.7040167
6.680067
6.588518
6.6320505
6.7631526
6.764443
6.702672
6.675184
6.778781
6.58633
6.6941934
6.662579
6.663632
6.4949827
6.5989594
6.6477737
6.5296497
6.5589604
6.6558146
6.573333
6.6678333
6.7061315
6.700574
6.7708793
6.7366433
6.6336308
6.682962
6.6513543
6.8280096
6.5871305
6.7909775
6.6086407
6.656222
6.658312
6.767269
6.602078
6.645548
6.729905
6.789257
6.639555
6.7972255
6.8951106
6.8193593
6.715534
6.63455
6.7005515
7.011129
6.8884025
6.815479
6.8720436
6.965862
6.829151
6.888573
6.941322
7.0111723
6.936379
7.134066
7.0240293
6.9004374
6.8111386
6.8892736
6.9077053
6.7172747
6.7968245
6.928891
6.886942
6.882312
6.901614
6.8530135
6.985054
6.774984
7.014951
6.816595
6.842284
6.8967996
6.718882
6.93782
6.779311
6.658255
6.905399
6.925022
6.746267
6.8247747
6.8515
6.842295
7.055899
6.7643867
6.8618965
6.8176885
6.936264
6.7160487
6.9345427
6.819235
6.9558234
6.8980393
6.971203
6.967696
6.903756
7.0596695
7.023034
6.948044
7.092212
7.0309677
7.172417
7.2883887
7.0069513
7.4081554
7.302301
7.2692013
7.2283077
7.32469
7.18454
7.2791896
7.1788163
7.396043
7.3781753
7.4543586
7.415467
7.4337997
7.3434124
7.1625943
7.206641
7.114871
7.348142
7.3887134
7.40462
7.2389207
7.146099
7.205414
7.383258
7.1233153
7.1529956
7.14105
7.103904
6.927342
6.989345
6.987204
6.983072
7.0003257
7.0524387
6.9956827
7.156543
6.92014
6.933608
6.9256206
6.933297
7.047907
6.968266
6.9055815
6.927393
6.9002395
6.9323497
6.984826
6.932462
6.993516
7.0122466
6.9159317
6.877149
6.783898
6.9274893
7.02188
6.960076
6.8568196
6.8491592
6.8739805
6.805906
7.0232096
6.9767957
7.1620774
6.98554
7.059433
7.172679
7.117075
7.0843487
6.9840627
7.0516286
7.081872
7.133221
7.2462006
7.2531357
7.4447155
7.247705
7.3858824
7.3881164
7.348055
7.354985
7.3069587
7.295226
7.408419
7.407219
7.3240714
7.1349134
7.1402826
7.348749
7.326952
7.386083
7.301415
7.3528533
7.1397333
7.256796
7.1804175
7.384014
7.3276143
7.3202252
7.26985
6.9508333
6.8234506
7.064784
7.074808
7.0156994
6.9751654
6.9995856
6.7916293
6.702007
6.862454
6.8348713
6.796734
6.8540964
6.7777205
6.7045083
6.879064
6.880415
6.875458
6.8202257
6.9221554
6.867431
7.003242
6.7499804
6.8869257
6.959029
6.8427863
6.899885
6.9315457
7.0523896
6.8751874
6.8661895
6.810231
6.9693336
6.9590545
7.0938787
6.8518467
7.0523086
6.92883
6.885353
7.1637826
7.054296
7.0223475
7.035788
7.285039
7.2149477
7.347235
7.0678525
7.3212624
7.077401
7.2450304
7.396983
7.341628
7.5042796
7.410848
7.3179903
7.410919
7.5764847
7.29933
7.468755
7.4612436
7.4309673
7.2848444
7.4454107
7.517765
7.3309584
7.321739
7.371321
7.239912
7.2431903
7.304688
7.4003487
7.38271
7.330405
7.229532
7.2316623
7.0825486
7.166543
7.1446285
7.038232
6.85393
6.8653092
6.9836226
6.9157677
6.8923507
6.877261
6.8882666
6.897456
6.914299
6.8695045
6.8018484
6.69901
6.8974285
6.6873856
6.8160157
6.8357706
6.9671483
6.8479013
6.8318186
6.9609294
6.790308
6.8586955
7.007164
6.839415
6.931348
6.9600844
7.0076737
6.8543324
6.910556
6.9456816
7.021122
6.980478
6.8580484
6.9868655
6.8923955
7.085463
7.085619
7.0001154
7.2122555
6.929239
7.18015
6.99615
7.229883
7.1912346
7.174408
7.049993
7.06705
7.0812383
7.1018295
7.4058127
7.3401423
7.338914
7.335064
7.3525167
7.3698993
7.4313774
7.1682177
7.2163024
7.2842226
7.242709
7.297678
7.2234964
7.2528563
7.133177
7.375593
7.0449824
7.176882
7.11449
7.1324143
7.1961045
7.2424436
7.125433
7.025285
7.0578914
7.2093368
6.970934
7.0189323
7.047655
6.957133
7.067884
7.0342646
6.897907
6.890041
6.854303
6.838235
6.734705
6.906773
6.786428
6.9848976
6.733704
6.917364
6.8604865
6.8777957
6.8685865
7.175082
7.2007165
7.1605554
7.05959
6.8478804
6.5628242
6.460951
6.608479
6.605034
6.1913967
6.006924
5.6803713
5.330737
5.438706
4.7991676
4.709692
4.294427
3.9282851
3.6073449
3.1826322
3.097093
2.8753386
2.528727
2.3166606
1.9922632
2.2022302
1.9733849
2.1217916
2.4276588
2.1580696
1.8586167
2.091762
1.9251832
1.895314
2.2531106
2.276727
2.2906888
2.2916484
2.2293868
2.8226686
2.43015
2.3081846
2.1822371
2.6840117
2.896595
2.436893
2.2987633
2.6478984
2.6330857
2.2995079
2.3270202
2.8257823
2.8277104
2.765827
2.4333
2.7820444
2.7801814
2.930785
2.121157
2.7188857
2.770331
2.367853
2.221072
2.5589483
2.4176228
2.6004918
2.6049802
2.778356
2.3443494
2.6219914
2.3447995
2.0923748
2.2579849
2.533075
2.2505617
2.3834066
2.2003467
2.2734149
2.4187508
2.5672212
2.7166157
2.1850395
2.348262
2.299458
2.172282
2.353519
2.2315593
2.4575124
2.5030162
2.483012
2.4787123
2.1666732
2.8497705
2.6524727
2.6119297
2.1413882
2.419604
2.633262
2.1814344
2.4757037
2.412823
2.63376
2.2762566
2.423062
2.5934353
2.3838928
2.4928505
2.224909
2.2442172
2.2123375
2.6061323
2.3224094
2.79438
2.5513134
2.504316
2.517194
2.4104984
2.327319
2.1784532
2.24232
2.0308142
1.906535
2.482762
2.7640812
2.6682258
2.6044953
2.5496244
2.2405608
2.732181
2.6806343
2.5220568
2.6753197
2.6531355
2.915036
2.8919406
2.8985102
2.3729665
2.776992
2.6704676
2.612653
2.0824142
2.1924486
2.5102987
2.4741652
2.2667546
2.3842845
2.1714473
2.1609843
2.264701
2.1632924
2.1411679
2.363706
2.1910024
2.1678996
2.3826053
2.2598274
2.1810696
2.1738253
2.2402148
1.9756106
2.1904147
2.2601855
2.2431593
2.2577314
2.3827791
2.2332444
2.3542855
2.0668032
2.0068436
2.101659
2.261533
2.3004591
2.360451
2.5581539
2.5095801
2.6885538
2.2741454
2.1861017
2.123873
2.2352397
2.169595
2.3065937
2.690106
2.639743
2.4589741
2.458707
2.3489146
2.107437
2.2063525
2.416311
2.3398118
2.7242093
2.710905
2.707809
2.495068
2.3141794
2.375287
2.0472524
2.2246897
2.3372786
2.5633073
2.5552938
2.342213
2.1977248
2.0856159
1.9392414
1.9077762
1.8331972
2.161592
2.4094532
2.398002
2.2571094
2.1878538
2.3071053
2.2025979
2.0281866
2.0544865
1.8754227
2.1581144
2.5979514
2.6213512
2.6401033
2.670023
2.6414819
2.3846595
2.3606102
2.284082
2.3537574
2.1211405
2.5799053
2.7218254
2.6617866
2.678484
2.6051507
2.6377497
2.321749
2.4491
2.2624023
2.184684
2.482138
2.4115012
2.5502837
2.6885166
2.4595838
2.5769405
2.4950216
2.439446
2.6561644
2.283677
1.972163
2.0378923
2.3440764
2.3118973
2.6619463
2.2883217
2.666189
2.6072717
2.6230767
2.1772823
2.0551744
2.2825758
2.350389
2.411618
2.498016
2.571332
2.3375862
2.3611426
2.4458048
2.4636052
2.2793696
2.1822524
1.9411095
2.049876
1.9216633
2.4386153
2.5769145
2.2967834
2.5982718
2.395371
2.675166
2.3684793
2.2038906
2.2456126
2.385312
2.2268856
2.311253
2.524066
2.4042943
2.1439414
2.3238192
2.1092117
1.9952582
2.0275595
1.9965396
2.0382297
2.342953
2.680914
2.5585287
2.4165483
2.5023932
2.512981
2.3141172
2.1126494
2.0673006
1.9109887
2.0225596
2.2922828
2.4607499
2.5079534
2.448852
2.3925056
2.1165657
2.2423656
2.1742253
1.8614041
2.464727
2.3336425
2.6075866
2.4272928
2.2791924
2.1396194
2.1066356
2.075477
2.225215
2.4825854
2.5295334
2.5317707
2.3067875
2.095016
2.0066245
2.2921023
2.2699838
2.5095756
2.3914142
2.1906083
2.299168
1.9190528
2.060187
2.3358746
2.4530234
2.4574835
2.2661808
2.1382372
2.1458776
2.0755792
2.2714274
2.1853979
2.3089244
2.1554286
2.0169647
2.0339193
1.8351004
1.9797028
2.2298086
2.5704687
2.647786
2.3799458
2.2699075
2.4161355
2.519095
2.2822793
2.2623537
2.3155427
2.4924188
2.5367517
2.4357972
2.4706953
2.4197443
2.2767706
2.5190375
2.4611747
2.285158
2.3796637
2.1114883
2.6257033
2.3539758
2.446239
2.3337817
2.192779
2.4708269
2.511032
2.3526583
2.249133
2.7373843
2.4117715
2.2971504
2.4905915
2.4177651
2.3411207
2.4759486
2.1655238
2.0867348
2.2158222
2.2754846
2.3065424
2.216356
2.2380753
2.5478768
2.257452
2.1373196
2.4131675
2.6602383
2.3037798
2.4732194
2.2132866
2.3248696
2.5784593
2.3944137
2.216683
2.382887
2.2336273
2.5718565
2.7171106
2.6200762
2.5854568
2.8140597
2.354364
2.5683968
2.622238
2.5104554
2.5250773
2.5409498
2.5309277
2.4160635
2.3506458
2.4746113
2.5574172
2.4199402
2.2037988
2.4025888
2.322113
2.399625
2.2789104
2.317059
2.3978636
2.416908
2.290297
2.42695
2.6413224
2.499371
2.297606
2.3692536
2.2099836
2.698669
2.5667262
2.4121592
2.4203098
2.2931406
2.330202
2.5825498
2.5148947
2.3419433
2.2906933
2.5466144
2.2234101
2.437144
2.6543756
2.4181652
2.5290704
2.4223897
2.3121076
2.4190702
2.608186
2.6279101
2.4241462
2.732089
2.556037
2.2857375
2.4043915
2.5570667
2.3645318
2.4060602
2.4356441
2.283466
2.1414967
2.6559246
2.4149766
2.5052702
2.2908237
2.218864
2.2071533
2.3798442
2.676063
2.3813734
2.5121045
2.520151
2.2518032
2.446457
2.7697985
2.3637524
2.509231
2.4026713
2.3583515
2.688672
2.5808198
2.686715
2.7007604
2.654838
2.631006
2.7522473
2.3697307
2.6565907
3.0489187
2.8398423
2.8067157
2.484523
2.2115023
2.4260561
2.7567017
2.438475
2.710672
2.4068286
2.3264904
2.527899
2.7753236
2.4702246
2.358595
2.6698651
2.6197248
2.6451576
2.8722734
2.697921
2.2891803
2.3646264
2.3774793
2.501572
2.5830698
2.6372895
2.5320761
2.5112534
2.4304695
2.3848681
2.556642
2.7766438
2.512429
2.2999015
2.5294175
2.7414527
2.6293383
2.9191184
2.5936737
2.3622918
2.5815697
2.6709812
2.6638916
2.7419646
2.9584045
2.3707366
2.687587
2.8734517
2.841372
2.7542467
2.9383016
2.7750363
3.1333084
3.0592198
2.8129654
3.2148564
2.9663591
2.710971
2.7319396
2.7879794
2.756383
3.0070133
3.1406884
2.5189166
2.5611656
2.273661
2.3021424
2.7762406
3.0060868
2.6359627
2.3265872
2.3680916
2.3938334
2.8890982
3.031326
2.711973
2.2608898
2.279958
2.325502
2.6122503
2.8257666
2.7466774
2.2308779
1.9923491
2.1300366
2.1267695
2.2208579
2.3378358
2.6315367
2.4331913
2.6086397
2.6088343
2.3053439
2.3781576
2.4333143
2.5691614
2.8134756
2.5657973
2.5382824
2.6649103
2.6116815
2.574579
2.3693652
2.0667586
2.1856732
2.407563
2.367174
2.6864724
2.4623246
2.3118746
2.4617286
2.3364
2.2681448
1.9971712
2.4006257
2.7539651
2.3877547
2.3575563
2.0512834
2.1350744
2.517526
2.4099147
2.5693514
2.2755857
2.2928736
2.5727592
2.397533
2.255704
2.0503583
2.482432
2.7283332
2.584488
2.5875165
2.4458961
2.526548
2.792391
2.615192
2.5315065
2.222621
2.2008128
2.0975964
1.8867239
2.0916498
2.2265131
2.4111133
2.260142
2.0969484
2.0058603
2.3428595
2.4193625
2.0773594
2.1721191
1.8672202
1.9501622
2.1440802
2.1507027
2.1642942
2.3979077
1.9618462
1.9702532
2.046642
1.9890172
2.1168878
2.0870123
2.2059543
2.3480847
2.0515556
1.89293
1.8325868
1.9613056
2.1158996
1.8798615
1.8302408
1.7279252
2.2530315
1.9204159
1.8516517
1.7632052
2.2351334
2.0936713
1.953568
2.2047338
2.1248856
2.280984
1.8944842
1.8747685
1.9715459
2.1935165
2.0001497
1.8612114
2.0303752
1.895406
2.1835377
1.778925
1.7550163
2.0074573
2.2858517
1.882865
1.8376478
2.0249991
2.2080712
2.279426
2.209107
2.138322
2.1169624
2.2871156
2.2834048
1.8723749
2.0814338
2.273998
2.3942285
2.2675478
1.8619671
2.11672
2.1772592
2.2255275
1.9334714
2.1618268
2.5649753
2.1187565
2.1493006
2.053209
2.4499397
2.3972867
2.291317
2.173816
2.2000093
2.568231
2.4779541
2.2980127
2.1611981
2.270825
2.2375927
2.2004762
2.0726042
2.2860646
2.3773031
2.3666914
2.2688391
2.2375672
2.2805471
2.3358421
2.4516213
2.3172786
2.3524036
2.3710299
2.5854015
2.4338334
2.4432914
2.2001283
2.4685073
2.3630219
2.3422909
2.459622
2.4494152
2.2355394
2.143673
2.2302802
2.2507625
2.3299022
2.3667238
2.2916057
2.130221
2.1813717
2.076677
2.4847455
2.8347633
2.9230573
2.6969497
2.5980961
2.1364915
1.7433155
2.013163
2.1427016
1.9837604
1.9252898
1.6974908
1.7453299
1.8810697
1.8966678
2.1557322
2.1195357
2.059095
1.8422122
1.997129
1.9341156
1.7083228
1.664425
1.9035628
1.8384793
1.9280249
2.1716006
2.2154777
2.2046726
2.1189616
2.0453963
2.232718
2.4539778
2.6082008
2.6565857
2.7773309
2.867288
2.6280088
2.343234
2.2195933
2.298463
2.2491343
2.3819463
2.5396104
2.4300404
2.5143247
2.6801171
2.6601205
2.8524437
2.9173834
3.0313082
2.7833352
2.920733
2.80378
2.5630672
2.601132
2.8503153
3.0074077
3.0392754
3.0980196
2.9352665
2.5857992
2.6923795
2.8440285
2.8358674
2.561191
2.7233348
2.734802
2.8129592
2.842756
3.208617
3.3217325
3.197618
2.8952785
2.8533173
2.664419
2.5099907
2.513747
2.2793603
2.2290826
2.4035614
2.331832
2.4025075
2.7061872
2.5302303
2.4111223
2.4716635
2.3092551
2.40297
2.0507133
2.1664648
2.2704906
2.2965667
2.471741
2.607471
2.8447635
2.9362302
3.0007234
3.1155353
3.0924048
2.8695993
2.8648515
2.6807022
2.9220183
2.790004
2.8448262
3.0240602
3.14183
3.1469407
3.2343304
2.9227617
2.9917781
2.7289104
2.6502576
2.6981912
2.7734275
2.7650194
2.899839
2.8626695
2.7802484
2.850766
2.7345824
2.8597958
2.822617
2.7990036
2.6746764
2.6408608
3.112997
3.1323724
3.250458
3.1834178
3.0705156
3.168579
2.8146107
2.6845524
2.3857195
2.280206
2.0342448
2.3429208
2.4612262
2.4694724
2.638991
2.6327803
2.7095678
2.6731958
2.695756
2.6593347
2.5570245
2.5807428
2.504242
2.4723163
2.2237132
2.5069792
2.3735614
2.2853353
2.310876
2.2796476
2.6208222
2.5976207
2.266627
2.2233157
2.2778563
2.306694
2.1416168
2.1764097
2.0881758
2.105757
2.1505826
2.2812147
2.163803
2.2128851
2.2114282
2.0179846
1.7625983
2.00808
1.9454626
1.8059692
1.7510512
1.935904
2.0721848
2.4181547
2.2592223
2.4258456
2.3871288
2.461649
2.6493046
2.7880101
2.7574992
2.7197542
2.5110846
2.363104
2.2396517
2.0598338
2.2827196
1.6404116
1.779656
1.812961
2.0626538
1.9546028
1.9935557
2.0365155
2.2055721
1.896997
1.8799342
2.1491208
2.079298
2.3313715
2.3434403
2.2769828
2.5541503
2.3561924
2.3771622
2.3216746
2.3375244
2.6877112
2.3636813
2.343701
2.4631658
2.424612
2.5921204
2.803825
2.584011
2.5606875
2.5711749
2.8798306
2.5241551
1.9756594
2.0979733
2.0947218
1.9419309
2.0652542
1.8811837
1.9676586
1.7616683
1.4858621
1.4876828
1.4249282
1.4280653
1.2698333
1.2596273
1.6839765
2.3385687
2.558976
2.5288365
2.4722352
2.5290723
2.3862147
2.3561873
2.3527746
2.2743204
2.4602456
2.7453632
2.500111
2.3188784
2.393996
2.4423456
2.211762
2.2834756
2.2226532
1.8339069
2.0308776
2.0971432
1.8246679
1.7767047
1.778216
1.8967551
1.7281169
1.8705842
2.3346
2.0823753
2.1398869
2.0543115
2.030159
1.9222817
1.985539
2.1040952
2.1374135
2.3839383
2.4395308
2.356344
2.2604117
2.3630831
2.4245043
2.4196007
2.488772
2.5501335
2.3354602
2.0464535
1.6485966
1.676156
1.3281262
1.5489542
1.1561787
1.3412381
1.5725132
2.3071768
2.2474644
2.2203865
2.4100251
2.2894258
2.1428146
2.068487
2.126646
2.3270264
2.4833736
2.3291783
2.5402312
2.3820667
2.0053802
1.9916681
2.0307665
2.2742162
3.0997236
3.1891203
3.3645916
3.1951568
3.297587
2.7486076
3.0859704
2.9821339
2.8968236
2.8552353
2.5672283
2.5726113
2.5486727
2.4725676
2.46615
2.506959
2.5462255
2.472833
2.4981186
2.2781217
2.1149209
2.271359
2.435026
2.6340353
2.7155118
2.5769231
2.2685611
2.155895
2.1446931
