10000
5.1389475
5.13902
5.0281835
5.2145934
5.1510916
5.1871367
5.124651
5.169797
5.173107
5.1061893
5.0897217
5.1032405
5.1550245
5.104662
5.155282
5.140477
5.1481495
5.2429085
5.2666454
5.217113
5.144926
5.0918574
5.2687454
5.1767206
5.2040706
5.26131
5.194297
5.1827397
5.240774
5.2119956
5.283021
5.1913176
5.213123
5.23885
5.1427617
5.244185
5.2765474
5.170315
5.23149
5.1707373
5.1801286
5.190696
5.1804037
5.2144814
5.176062
5.1904235
5.2544923
5.2149553
5.152488
5.230455
5.218481
5.2346916
5.0046887
4.9120502
4.8329988
4.7444687
4.9063964
4.894503
4.8713317
4.758816
4.9440603
4.8026805
4.701488
4.811516
4.638998
4.817718
4.7971015
4.8018227
4.8736167
4.8982115
4.823671
4.9000077
4.763985
4.7624965
4.719351
4.707106
4.652461
4.732882
4.675361
4.645116
4.762292
4.753187
4.5894303
4.671905
4.6372437
4.686344
4.700193
4.650844
4.657379
4.5705686
4.5749235
4.5523596
4.592052
4.6410804
4.7108517
4.758097
4.6024113
4.4645166
4.6133037
4.6815114
4.6322775
4.6066446
4.608032
4.5697737
4.600483
4.555617
4.602628
4.7240977
4.63423
4.6515574
4.604602
4.633502
4.5638733
4.4983716
4.617247
4.3314447
4.353457
4.4622307
4.2979984
4.2111864
4.296644
4.082582
4.116321
4.0547695
4.056179
3.9241507
3.9459496
3.7996936
3.770635
3.7462893
3.7736642
3.8100195
3.7388625
3.684407
3.5156326
3.5984695
3.5521574
3.6734705
3.6384645
3.5738163
3.6497798
3.5765002
3.6936407
3.6332204
3.7062767
3.6723218
3.616037
3.5092392
3.4963307
3.4985733
3.4998205
3.3981874
3.4615993
3.5018215
3.4908361
3.4167683
3.3582203
3.3211653
3.152795
3.2242515
3.097834
3.2202668
3.1026645
3.0483158
3.089189
3.0925593
2.9736893
2.911785
2.7007394
2.6859407
2.5659976
2.419652
2.303686
2.2550547
2.1116521
2.0622234
2.0545669
2.0127578
1.9975997
2.0416927
1.9665195
2.0453908
2.052389
1.971949
1.9282054
1.9844298
2.052327
2.0972645
2.0476892
1.9841615
1.9453584
1.9435862
1.9989411
1.991484
1.9321823
1.9493773
1.77549
1.7764971
1.8962916
1.7916743
1.773838
1.6868081
1.7723058
1.6180857
1.4549963
1.2516382
1.1696059
1.1099745
1.1855737
1.2110955
1.2812604
1.106867
1.0191581
1.0928248
1.171325
1.1343209
1.1429828
1.244192
1.3319724
1.508272
1.5851147
1.7640802
1.6741225
1.8376907
1.8270326
1.8543875
1.9690067
2.1407223
2.28321
2.3719852
2.5145366
3.0714393
3.0227988
3.0584774
3.0526543
3.0170715
2.9816804
3.0760303
3.012527
3.0306017
3.0129542
2.984601
3.032898
3.0535767
3.0392814
3.0617058
2.9452384
3.0516953
3.0287664
3.0308416
3.0185118
2.9573836
2.9969912
3.0607395
3.0012193
3.0082688
3.1238313
2.999117
3.0361123
2.9567485
3.1033623
3.0368485
3.0162168
3.0331192
2.9427726
2.9866292
2.9459069
3.054104
2.9821744
3.028486
2.9818037
2.9665604
2.9757905
2.9228258
2.9295306
2.95335
2.989325
2.9354365
2.9577193
2.9533787
2.9051092
2.9703512
2.9364412
2.999922
2.9829302
3.0215294
3.0089045
2.9913862
3.0001278
3.1025944
2.927081
3.0139937
3.1091137
3.1325498
3.1000037
3.0383892
3.0502405
3.1028395
3.0999794
3.0401454
3.1214998
3.0437508
3.092784
2.986317
3.0555978
3.0493681
2.957766
2.9470053
3.0370169
3.004802
2.9561152
2.9906602
3.0692985
2.9543815
3.0031924
2.8886755
2.8440518
3.0126758
2.9608421
2.9135437
2.8917358
3.0061615
3.038649
2.9007583
2.902917
2.9292717
2.8764894
2.9755998
2.8842514
2.940957
2.9537065
2.940809
2.9771106
3.0483463
2.9537506
2.9168797
2.9393277
2.9209414
2.864613
2.945302
2.9447393
2.9160728
2.8770044
2.8718362
2.9392068
2.96177
2.9819188
2.9505982
2.9889965
2.954826
2.9955175
2.8976734
2.991212
2.930529
2.9197392
2.93608
2.9620187
2.9544692
2.98277
2.9750443
2.9005537
2.9131837
2.9454715
2.8457162
2.8862205
2.8609655
2.876768
2.8370967
2.824689
2.8081338
2.921979
2.7623277
2.814383
2.7815917
2.9214072
2.9174333
2.8203354
2.8850985
2.8313854
2.9189048
2.97437
2.9460192
2.896636
2.9273272
2.9197009
2.9579275
3.0225015
2.9880347
2.9701996
2.9752383
2.9832718
3.0593731
3.0904703
2.5177832
2.125455
2.1167395
2.2672496
2.2775152
2.601906
2.6356153
2.6047864
2.9087737
3.091827
2.6751745
2.6036394
2.4346154
2.554305
2.5731235
2.430722
2.532247
2.4572928
2.9986808
3.1289978
3.146518
3.1933272
3.1488688
3.1204786
3.092101
3.161419
3.0881693
3.126524
3.0952687
3.0804293
2.1539583
2.3520992
1.9121504
1.9564086
2.0679202
1.9305074
1.9596072
1.9875832
1.7461122
1.9225583
2.1043136
2.1899204
2.1213393
2.297678
2.682457
2.7963953
2.734272
2.8654113
3.10205
3.3889873
3.4357266
3.5354822
2.1246612
2.235301
2.9126065
2.8999476
2.8399363
2.931143
2.2564216
2.1867588
3.0156677
4.3483496
4.4061275
4.392461
4.350087
4.3131266
4.325429
4.042058
4.151195
4.2165833
4.2631884
4.3777256
4.351183
4.4574637
4.532605
4.586771
4.607527
4.511733
4.460698
4.6679673
4.6465073
4.693101
4.7257843
4.7221813
4.700364
4.8022294
4.7939334
4.90366
4.9108753
4.8132753
4.8727083
4.782202
4.7688313
4.8192654
4.808923
4.7740183
4.8369303
4.802656
4.7576733
4.845812
4.8549786
4.8339505
4.7634463
4.8322525
4.848592
4.6962347
4.859722
4.7426524
4.7173057
4.694438
4.6913342
4.7219677
4.795493
4.6817336
4.8138113
4.651458
4.775038
4.6850014
4.770505
4.7005887
4.6790214
4.71047
4.679886
4.686291
4.740097
4.7497454
4.823143
4.706565
4.714702
4.519037
4.492801
4.3386717
4.264358
4.006796
3.9844766
3.5760758
3.343029
3.441969
3.7077935
3.6925979
3.845786
3.9284356
4.2684803
4.5358515
4.6067915
4.5220094
4.526149
4.5580373
4.2658114
4.373258
4.562752
4.46696
4.541213
4.4891443
4.548284
4.2779093
3.9767036
4.157551
4.0061913
3.9560595
4.04502
4.1459246
4.117753
4.2042947
4.318009
4.4802737
4.5547266
4.61961
4.610223
4.6991334
4.5922704
4.643119
4.64748
4.6383195
4.6177425
4.632739
4.6131415
4.610585
4.6182833
4.628706
4.6792707
4.6213374
4.669899
4.633052
4.659178
4.671945
4.6966667
4.7024584
4.702376
4.656542
4.6851935
4.6319504
4.589718
4.6716123
4.580094
4.6136727
4.6150713
4.618236
4.616817
4.6390133
4.6574264
4.638591
4.618293
4.631672
4.651918
4.6428823
4.6323824
4.531166
4.503126
4.425736
4.4436307
4.6236763
4.589109
4.6884727
4.559565
4.521332
4.3800755
4.5508904
4.3862734
4.427054
4.384763
4.4141803
4.4082084
4.3923154
4.2482843
4.0935116
3.970119
3.8913667
3.7552109
3.7996838
4.036891
4.204057
4.231982
4.104417
4.026146
4.15045
4.140403
4.2217183
4.203206
4.301638
4.2455964
4.1971016
4.123724
4.009519
3.7575278
3.6902993
3.8711622
4.053738
4.188022
4.0676293
3.8725657
3.850277
4.00255
3.9349122
3.540186
3.596528
3.736892
3.7043014
3.8756204
3.393952
2.989149
2.9429321
3.090166
3.196723
3.2913737
3.2348804
3.2852108
3.3473215
3.331087
3.3308787
3.2925167
3.3210442
3.2770126
3.2940202
3.2364535
3.2579432
3.3096285
3.3160849
3.2748756
3.2139764
3.240514
3.2729387
3.263898
3.306323
3.2582579
3.3035018
3.2902596
3.277422
3.2952266
3.2913623
3.3016183
3.3109283
3.3824635
3.3264725
3.3435795
3.356389
3.3466442
3.3324287
3.338328
3.3521683
3.3437037
3.309188
3.307166
3.30408
3.3279204
3.3271441
3.2870066
3.3303185
3.3342056
3.3075445
3.3377333
3.306397
3.4588408
3.6046586
3.673327
3.5267606
3.4041202
3.20321
3.013753
3.2764037
3.6925497
3.5275865
3.3240998
2.9055185
2.4723039
1.9960245
2.1133375
2.3166206
2.4072237
2.4332225
2.4714046
2.5488129
2.5451543
2.4805052
2.475374
2.4596367
2.6758213
2.731924
2.7154384
2.6255944
2.6479154
2.60723
2.475329
2.3748484
2.3602905
2.5212095
2.523649
2.469472
2.3836772
2.3684664
2.330469
2.3458073
2.3584852
2.3843613
2.462526
2.484816
2.5372186
2.5716035
2.5999022
2.5813956
2.2036283
2.1031976
2.115893
1.9945986
2.1474411
2.9494636
2.9880142
3.0260859
3.0504167
3.0405989
2.967936
2.9613285
2.9604566
2.910641
2.8466818
2.8239415
2.757083
2.7153115
2.738144
2.7869117
2.7876265
2.87937
2.9095867
2.881051
2.9311986
2.693722
2.2741287
2.15002
1.9733301
2.0146723
2.0953476
2.1222985
2.1901896
2.116021
2.251487
2.2893546
2.1462133
2.1736562
2.2754931
2.2159712
2.3005266
2.4158783
2.3939087
2.277164
2.3301005
2.3738465
2.4385266
2.6962173
2.6232443
2.6011674
2.4989789
2.5832393
2.6112852
2.3744514
2.336388
2.164119
2.217916
1.711248
1.7912214
2.1195142
2.357349
2.2853415
2.3966231
2.2966828
2.2595973
2.4308252
2.3396037
2.4610722
2.38469
2.6228147
2.5564167
2.5646553
2.5321126
2.8359878
2.8114595
2.807129
2.8681161
2.9227858
2.9209127
3.0182533
2.9665895
2.9574497
2.9754698
3.082425
2.9889154
2.9240801
2.6682272
2.5191214
2.409557
2.5080347
2.3949113
2.3641827
2.3331282
2.3791156
2.318875
2.5160317
2.4183578
2.4537163
2.327657
2.3692424
2.3840232
2.394194
2.419568
2.3052466
2.4169848
2.3361301
2.307183
2.0150745
2.1565511
2.1816173
2.0721238
2.0368037
2.1830916
2.2663264
2.4429698
2.6444128
2.5271487
2.5987012
2.7212377
2.6878185
2.623517
2.6095376
2.3255734
1.9453632
2.0543609
2.1666636
2.1569343
2.392114
2.4038289
2.2815695
2.4534488
2.3514376
2.3080344
2.5079334
2.4987736
2.6827385
2.3901727
2.059974
2.3352237
2.6715767
2.528566
3.0043182
3.1200666
2.9957569
2.7142005
2.3160923
2.2805123
2.2658017
2.3988163
2.3121502
2.2219837
2.397994
2.634484
3.0766504
2.9965434
2.5570385
2.0824437
1.9491915
2.1958444
2.0097873
2.6044927
2.670462
2.691434
2.5561
2.5923645
2.8132052
2.8449323
2.8040328
2.520458
2.4004896
1.9391394
2.828646
2.8044038
2.8234642
2.82227
2.7192087
2.6131523
2.761351
2.850945
2.699366
2.6187057
2.3434386
2.8609664
3.0305169
2.9812036
2.9191375
2.7858505
2.8028603
2.9799926
3.0165503
2.5328176
2.3296864
2.0694652
2.6098535
2.6557639
2.8679504
2.4506588
2.4188943
2.1924021
2.6593795
2.50081
2.4208264
2.2254312
2.1835134
2.1427674
2.1857607
2.0571032
2.2143373
2.4323237
2.6627457
2.413591
2.50599
2.191598
2.718186
2.557182
2.3436673
2.6110325
2.5987492
2.6421306
2.898735
2.8650837
2.7319388
2.0432642
2.0860336
2.6618469
2.6371694
2.6009316
2.5660546
2.6519902
2.6759737
2.646606
2.805137
2.6981814
3.0159817
2.9836545
3.0435596
2.3150337
2.3693607
2.5403447
2.680694
2.7644882
2.8626642
3.0624914
2.4007354
2.2585402
2.2882588
2.5764265
2.7614074
2.1173477
2.0741625
2.0796812
2.1708472
2.1938736
2.1898677
2.2236984
2.2100632
2.4500835
1.6706741
1.717845
3.028765
2.653946
2.5922499
2.4618773
2.379283
2.1428196
1.6582074
1.8019036
2.0115798
1.995707
2.0582013
2.1350234
2.3477802
2.2629192
2.5709233
2.2545025
2.1262877
2.4984944
2.359917
2.667937
2.60876
2.6361248
2.655127
2.3319645
2.7573779
2.3819613
2.8944368
3.1515472
2.9171827
2.5919423
2.579259
2.650948
2.8130417
2.1336057
1.931407
2.070573
2.108677
2.1073577
2.425961
2.5620663
2.231374
2.3327677
2.458496
2.6703548
2.7103953
2.549816
3.0688837
2.1963527
2.0013285
2.2524579
2.1341643
1.8282511
2.16122
2.4573574
2.440475
2.151595
1.9992816
2.1598392
1.8105841
1.9158939
2.1776183
2.1481786
2.4875057
2.259547
2.1590662
1.697485
1.9611969
1.9303826
2.0697198
2.0347033
2.3730125
2.4199889
2.4090319
2.648605
3.0079873
3.0614073
3.05411
2.763727
2.3426049
2.3476417
2.5435028
2.5753338
2.7634585
2.5722446
2.4576466
2.411901
2.5468464
2.5473726
1.8575937
1.8738198
1.8935572
2.048107
2.4930255
2.5408385
2.6378736
2.754249
2.7131639
2.7610445
3.0205865
3.0881054
1.9228927
2.3999014
3.0824265
3.0035892
3.153443
3.3074486
3.0120363
3.1353202
3.1819062
3.2300491
3.2951117
3.248096
3.14074
3.0505824
3.0167875
3.3949847
3.3859944
3.3135917
3.2061446
3.161589
3.200747
3.1713765
3.0742667
2.9594193
3.126381
3.0952659
3.081224
3.0720727
3.0493212
2.9604723
3.1556814
3.0489123
2.9575078
3.0356727
3.0076492
3.0115702
3.1795673
3.2500658
3.243901
3.3560746
3.2967143
3.2634072
3.312913
3.1730454
3.1999128
3.1751258
3.0697033
3.3744488
3.280286
3.1415946
3.2804027
3.073667
2.9834893
3.024984
3.0683346
3.195982
3.29242
3.2400548
3.074755
2.9849539
2.8724153
3.1028352
3.2071657
3.1942837
3.1282048
3.2997308
3.2229424
3.2793252
3.2667732
3.1951478
3.3185143
3.316752
3.2412376
3.2500088
3.3126202
3.4019728
3.3926969
3.3109076
3.3875456
3.424148
3.324779
3.5165048
3.2829065
3.2593257
3.1368213
3.1886072
3.0800943
3.247347
3.2253938
3.2546873
3.2346463
3.2384317
3.3438625
3.2611203
3.2452512
3.3606625
3.382389
3.398019
3.5087702
3.3524883
3.240525
3.4041905
3.4300208
3.50385
3.3866348
3.4069562
3.4435315
3.2655826
3.3014448
3.1746697
3.1746926
3.1301615
3.207307
3.0952513
3.1178555
3.1321685
3.1361122
3.0703495
3.075149
3.049529
3.0031738
2.9717126
3.0127466
3.1401348
3.0694022
2.8952992
3.026404
3.0458481
2.9919991
2.9683456
3.0142038
3.0575955
2.9405665
3.0915656
3.1415644
3.1027129
3.1382632
3.054796
3.0614758
3.0888317
3.100501
3.1411877
3.1244442
3.0768824
3.1561437
3.5665746
2.1104236
2.4133654
2.57244
2.4287598
2.589285
2.6459537
2.8376272
2.6792662
1.8824754
2.2118773
2.0670617
2.082899
2.4628668
2.1386068
2.3108494
2.4202704
2.789326
2.7418735
2.7725735
3.2777834
3.1799886
3.0808957
2.6215496
2.5902529
2.6020868
2.524185
2.4572554
1.7443982
1.8346921
1.2752367
1.3693433
2.3370929
2.8691325
2.8611066
2.780038
2.8064053
2.6797185
2.7482893
2.4270647
2.433688
2.3408425
2.200054
2.89291
2.9334574
2.711879
2.8319478
2.9226804
3.050222
2.8868477
2.640386
2.0989487
2.1258647
1.8138738
1.2654834
1.5991558
1.7841709
1.9872347
1.6948863
1.9801897
1.7329841
1.4430866
1.4247588
1.466239
2.1565695
1.9324793
1.8960888
1.4284272
1.4176644
1.590706
1.4363652
1.7205918
1.969919
1.9062854
2.0373294
1.9384295
2.0907767
1.9362793
2.0420527
1.982355
1.9121572
1.9356637
1.7775632
1.7150291
1.6246434
1.6638974
2.0754197
2.2227166
2.4517307
2.5624008
2.2582216
1.8883636
1.758903
2.1614885
2.2463245
2.134079
2.2637699
1.9908166
1.684862
1.7088703
2.665491
2.8624725
2.1758907
2.4096324
2.512347
2.5683904
2.6006155
2.4422197
1.7457074
1.4859624
1.4306777
1.4162083
1.4874208
1.3766334
1.4639657
1.4718193
1.4085755
1.454315
1.4932117
1.383105
1.4416888
1.4734082
1.3275654
1.3340883
1.3870218
1.4853888
1.4899639
1.6453584
1.8894613
1.7763343
1.509773
1.4132164
1.4798687
1.6412818
1.8405694
2.2045217
2.336151
2.1819634
2.2851396
2.293987
2.2702973
2.2402565
2.3129182
2.1236362
2.285636
2.0787728
2.0432172
2.022138
2.0493708
2.0053327
1.8958852
2.0860488
2.1632655
1.8475246
2.2007723
2.1150215
2.090249
1.909556
2.064046
2.2528303
2.3942738
2.5794933
2.1125839
2.1400704
2.1733236
2.0094779
2.0561547
2.194999
1.8868496
1.9680713
2.3242064
2.6004827
2.54104
2.3330657
2.214729
2.2334332
2.2233102
2.4588923
2.3829026
2.5079184
2.4571695
2.4868217
2.4768834
2.6487732
2.4167936
2.3121672
2.5079546
2.3724198
2.130083
2.2553523
2.2737606
2.184061
2.0631595
1.8884091
1.8853667
1.9757621
1.7432004
1.732793
2.1582127
2.3972788
2.5459394
2.4408324
2.5951176
2.6154034
2.612234
2.6469646
2.46201
2.5413935
2.6424294
2.635924
2.4938035
2.5801673
2.478065
2.3299048
2.4800131
2.361773
2.3506873
2.3174539
2.315211
2.3383217
2.3302624
2.291452
2.1521287
2.2343478
2.1422334
2.1960928
1.9476366
1.8232481
2.0106685
1.8405273
2.1686573
2.173393
1.9946113
1.6875964
2.0529063
2.2129993
2.2689667
2.073761
2.0602038
2.1023247
2.0578718
2.165915
