10000
10.156267
10.058726
10.066951
10.061085
10.025455
10.0563
10.095261
9.983186
9.964529
9.95105
9.899036
9.937581
9.942285
9.90214
9.966432
9.981009
9.887047
9.866302
9.981472
9.865602
9.987342
10.05578
10.035642
9.864777
9.990867
9.992149
9.990373
10.009909
10.133231
10.224967
10.008627
9.985969
9.848258
9.931827
10.064294
10.105288
10.06295
9.937786
9.763367
9.625544
9.396143
9.150434
8.832907
8.668954
8.269223
7.5345316
6.6512003
5.964359
5.49947
4.3719926
3.6531417
3.8377967
4.0784354
3.986155
4.1941643
4.8041835
5.311015
4.3500776
3.5176358
3.9476295
4.9967537
5.0860004
4.859371
4.0025725
5.3765693
4.8946323
5.2017293
5.74031
5.2544117
4.31613
4.360064
2.3353002
2.810732
2.996773
3.4079368
3.886641
5.3107524
4.9523597
3.7902641
3.3135915
3.3548152
3.446734
2.8336172
2.4891558
2.492326
2.2695482
2.5095696
2.8769672
3.6202497
3.9582705
3.9334059
3.9231522
3.6840553
3.8379922
3.6306932
3.9438562
4.3696556
4.2598095
4.3269267
3.5158057
2.3906767
2.4747612
1.8333194
1.9181192
1.9268806
1.8519069
2.354029
3.1110322
3.6201193
3.4709153
4.2289896
4.0347967
3.8127615
3.9291093
3.50698
4.858908
4.6719365
5.159863
3.9164724
3.922595
3.6069763
2.9099598
3.8841755
6.259985
4.459651
2.2172015
3.4529436
4.8130302
4.0470953
3.7866554
2.789108
4.2048435
5.1814017
5.0370216
4.074498
3.8263376
3.8032136
5.2571063
4.4304695
4.2362733
5.27485
4.6691766
3.7461293
4.6675825
5.0274987
5.588368
5.135534
4.096382
4.7020884
5.9294825
6.2123494
6.4810047
6.136874
4.938882
4.209327
5.0294085
5.6103683
7.177485
6.475456
5.0795646
4.8462973
4.6752768
4.871312
5.5296254
6.5536594
5.8800697
4.848349
3.947199
4.739268
4.1975026
3.7938044
4.8272505
4.549606
3.8605206
3.7055323
5.4024315
6.343081
4.994016
4.988521
5.04469
4.861257
4.666787
4.619665
4.6810126
5.076343
4.8039603
4.1824656
4.1864367
3.8652725
4.156335
4.4422207
5.3057346
6.2752085
6.8843174
5.7478013
4.8744907
4.207928
4.5690794
5.536749
6.9430747
7.0638065
6.7527733
5.750014
5.0865307
4.5804415
5.5044303
6.3084893
6.7281055
6.139104
5.974298
4.218877
3.566097
3.7899036
5.2291427
5.3137894
5.2831006
5.1847987
4.6689196
4.858715
4.113351
3.963704
3.9791214
3.8334608
3.8905196
3.9103951
3.2855418
3.6163626
3.3133888
3.4497488
3.8929167
3.9466698
4.1066895
4.2305517
4.0593715
3.959373
3.848816
4.164215
4.3960414
4.864684
5.396468
4.1125183
3.7498288
4.0264473
3.85885
4.014594
3.901262
3.3387866
2.7044315
2.8765473
4.172503
3.572657
3.3029613
3.6034253
3.6997056
3.7176304
3.497209
3.7754958
3.1393156
3.5840049
3.826536
3.3426423
2.994605
3.4739761
3.2353783
3.6700678
3.2081928
4.0863414
4.2757277
4.1597075
4.2166157
3.422416
3.195413
3.1265502
3.1277583
3.6313329
3.8304183
3.9905214
3.8143358
3.757982
3.4209938
4.3296256
4.443294
3.7924993
3.6936488
3.6156294
3.7853608
3.003562
3.1723056
3.7548447
4.165864
4.71691
4.894308
4.14349
4.4486723
5.171029
4.7414956
4.0081444
4.129524
4.4876494
3.4464738
3.3155315
3.2392259
2.5083864
2.8272233
3.3726134
2.891812
2.4338052
2.7878401
4.3771715
4.456261
3.6240232
3.4174776
3.3572438
3.7709088
3.5425835
3.5068817
3.2872427
3.2702315
3.0342803
3.0856774
3.4656484
3.520254
3.1624818
3.2500796
3.672168
3.8866928
3.7683365
2.8434763
3.3882842
3.616158
3.0165167
3.051486
3.4542964
2.9259799
2.7489645
3.0291812
2.8487797
2.8693223
2.8174782
2.7759817
2.859993
2.9436975
3.1351032
3.237217
3.530529
3.4821768
3.463962
3.6689925
3.835946
3.8446817
3.7642574
3.1537871
3.0289314
3.3493745
3.6190772
2.9737902
2.9018044
1.89537
1.655142
1.7119055
2.474619
2.883634
2.413196
2.429153
2.37941
2.7249503
2.387067
1.517632
1.4230385
1.4123404
1.3988429
1.3825089
1.3244215
1.4136667
1.4281521
1.3461523
1.5512321
1.4301971
1.3518219
1.4291441
1.3630811
1.3476245
1.3766991
1.4287021
1.4215934
1.4343767
1.391365
1.4031279
1.3691542
1.4140083
1.3078978
1.3783202
1.3346707
1.8049046
1.9705135
1.8899456
2.3053463
1.4612007
1.3747865
1.3922606
1.4797915
1.580179
1.548003
1.5393392
1.6183378
1.7715541
2.5214815
5.321848
6.3869457
6.298889
6.4850516
5.670303
3.5882277
3.3259363
2.9946084
1.9924799
1.4343092
1.4439409
1.3238353
1.2628416
1.3208205
1.4544331
1.6059052
2.679116
2.4487057
2.4705737
2.8132157
3.591325
3.3822927
3.4900637
3.6345694
3.5167267
3.027461
2.5803308
3.5741403
3.881199
4.0168524
4.032113
4.917836
4.7042546
4.5193734
4.441358
4.3153853
4.036547
4.898298
4.7358627
4.8579063
4.757017
3.5809221
3.9784737
3.4575644
3.8479981
3.8040686
4.1836286
3.8133407
5.0240197
4.8340006
4.8136272
5.071347
5.278881
5.4199476
5.1980925
5.101717
5.2614813
4.9674506
4.4300165
3.1479905
3.5480921
3.1578217
2.9826164
3.107865
2.9884994
2.9673135
3.1773894
3.1548076
3.1033707
3.2156513
3.111137
3.1073108
3.1447182
3.008871
3.2232108
3.0472355
3.0374656
3.2529402
3.3945584
3.380927
3.4616501
3.7217894
3.6168747
3.2071111
3.5959227
3.2410614
3.3201184
3.2868526
3.2491994
3.1599026
3.3638237
3.3565447
3.3805714
2.6434636
3.418687
5.05297
4.506268
4.44265
5.012461
4.949634
4.961817
4.6478677
5.052197
3.159469
3.9476924
2.2631705
2.267229
1.886103
0.4230139
0.39331234
0.5288903
0.5175336
0.5674822
0.5551913
0.5408442
0.47594225
0.45330298
0.43241593
0.45829666
0.7916603
0.44716883
0.43609783
0.47510535
0.41358244
0.42332757
0.443316
0.5495783
0.51142764
0.52987295
0.49839407
0.4821603
0.50357103
0.50147223
0.5227146
0.49034962
0.7510833
2.1487367
2.7870293
2.8044496
2.836566
2.835317
2.7784696
2.8970454
2.8930683
2.7273328
2.862067
2.8204815
2.8007646
2.760667
2.6326344
2.376759
2.1245372
2.3054385
2.4990647
2.4885736
2.519525
2.5157764
2.5974085
2.675414
2.4715548
2.6695426
2.9274065
2.7874613
2.2277756
2.1181211
2.523432
2.6061213
2.4417036
2.344696
2.2457619
2.2236514
2.2499404
2.1720984
3.8233151
4.1862397
4.0568953
3.2638288
2.9922497
2.8589509
1.9975786
2.5723789
2.3967645
2.272603
2.74936
2.6449885
2.8894768
2.5583808
2.6852758
2.6873796
2.7014117
3.3982031
3.6845968
3.3180099
3.2187464
3.5282378
3.8872836
4.1421685
4.1820803
4.1004114
4.0561876
4.15475
3.8342316
3.867517
3.8720293
3.9677143
3.8844066
3.844355
3.8423595
3.7604172
3.8157048
3.7608058
3.7327068
3.7656198
3.8401425
3.9054952
3.7483366
3.6543312
3.7744157
3.8260822
3.790307
3.9331374
3.82376
3.7801676
3.5490248
3.6723359
3.5030966
3.5411253
3.6626894
3.5683372
3.4479928
3.6359038
3.6710017
3.64029
3.5631151
3.7658596
3.5429287
3.7716494
3.6109464
3.7055287
3.7815437
3.6054144
3.663189
3.6543021
3.7176208
3.8276439
3.6055875
3.7033067
3.639031
3.604603
3.7565022
3.646174
3.6151674
3.7124765
3.734628
3.6081314
3.7279563
3.5945601
3.6196961
3.5696049
3.5196354
3.6679826
3.565241
3.5257194
3.4372594
3.4692132
3.6313334
3.6363077
3.5987704
3.4261785
3.5569797
3.5920458
3.5790384
3.543515
3.4818745
3.4968073
3.557019
4.194002
3.901043
4.406292
4.562194
4.4857903
4.0971045
3.8331633
3.6735039
3.6783729
3.2611136
3.2224133
2.5280044
2.6642947
3.0026665
2.7296412
3.070914
3.3910322
3.3562841
3.1587102
3.6631336
3.1448293
2.89212
2.7631977
2.974724
2.7421598
3.3077717
3.4117358
3.6906767
3.8421516
3.8032174
3.890905
3.4245827
3.3844502
3.2056463
4.2294474
3.7372854
3.2259762
3.630003
3.819168
3.8711872
3.805185
3.796649
4.0835495
3.5588377
3.417984
3.77595
3.9804487
3.4779823
3.3813107
2.950375
3.5836523
3.0105386
3.9171293
2.933773
3.274285
3.4989038
3.5415845
2.7505164
3.2964382
4.7877874
4.734935
4.7335753
4.4793253
4.2408233
3.419476
3.6078062
2.9611952
3.560407
3.0501106
3.1035662
2.7722275
2.642707
2.2679942
2.1288986
2.2843387
2.9289906
3.237921
3.70365
3.4339252
3.093483
2.7322335
3.2161574
3.4775662
3.767043
3.501767
3.5271938
3.6383457
3.8873944
4.0994287
3.2599537
3.2342315
3.2935753
3.87822
4.7496123
4.4979596
4.4010997
5.0199327
5.5504503
6.163505
6.228222
6.079716
4.6516542
3.1798544
2.2858706
2.5858831
2.0900548
2.4992073
2.3628104
2.7725549
3.8341303
3.8401203
3.633777
3.6838975
3.7737496
3.644825
3.8234925
3.705756
3.6770298
3.971777
3.7662475
3.6348484
3.8790343
3.790006
3.5288177
3.6746986
3.639543
3.743142
3.9399903
4.161955
4.0576553
4.2121816
4.193925
4.190582
4.205468
4.250627
4.121591
4.1474376
4.0934887
3.9051526
4.0293436
3.9924884
4.0319533
4.115336
4.183238
4.2364264
4.1893797
4.219536
4.155931
3.9597576
4.1538143
4.4242086
4.1794267
4.10725
4.2026305
4.2276382
4.2576575
4.2356563
4.051688
4.1757884
4.497869
4.394087
4.614177
4.6012177
4.6293793
4.548719
4.3199325
4.445793
4.2731075
4.420854
4.2854667
4.3809714
4.136877
4.2321906
4.294078
4.390439
4.3541102
4.3912106
4.53481
4.4609165
4.5130777
4.3826213
4.2702775
3.8654804
3.8334026
3.8630884
4.071725
3.8945422
3.5961323
3.4361222
3.2498248
3.439834
3.0411332
3.1691055
3.2946966
3.5556672
4.232945
4.1686006
3.2841158
3.1152718
3.8800728
4.925206
4.063179
2.8803408
2.81728
2.7123919
2.7344987
3.0507925
2.8693228
3.2040358
3.2591567
3.2799118
3.6399713
3.4968007
3.4920518
3.2168639
3.1857653
3.2382724
3.3995929
3.3736677
3.2912552
2.9756908
3.277114
3.3201525
3.0686944
3.2650104
3.1179388
3.2436583
2.855526
3.0815434
2.7904854
3.1375802
3.005807
2.81549
3.1319785
2.7032418
2.9565353
2.7816167
2.6707997
2.5873005
2.6274734
2.689048
2.7362113
2.515343
2.6573055
2.611952
2.411834
2.517351
2.431587
2.4620323
2.723708
2.6799445
2.6991298
2.8773508
2.6804075
2.7247307
2.6157005
2.5977852
2.7708848
2.7754014
2.7346182
2.9704185
2.8201458
2.5499032
2.5306876
2.4654477
2.2213821
2.404553
2.400208
2.3401473
2.305982
2.4200754
2.1957874
2.3952246
2.2807424
2.3086965
2.4219384
2.3674786
2.2609375
2.3302543
2.3735538
2.331087
2.420185
2.4365752
2.5407887
2.4484038
2.7361495
2.6775713
2.6693718
2.5697575
2.48293
2.3745298
2.5606322
2.551659
2.37893
2.3631892
2.3224523
2.4287186
2.3344526
2.539074
2.5035403
2.530789
2.470355
2.382023
2.5168722
2.2556653
2.348562
2.5909216
2.5796585
2.6469622
2.7454638
2.6714275
2.661568
2.6252077
2.8605297
3.0835984
2.9050622
2.8961072
2.64606
2.5934143
2.602825
2.9255302
2.8992054
2.9629009
3.0421405
2.9840665
3.117888
3.0605617
3.0777898
3.1005256
3.100069
3.0995736
3.1121886
2.9406278
2.8181999
3.0559192
3.0123234
2.7207384
3.0396247
2.9056273
3.057408
2.952283
2.836351
2.797635
3.0901248
2.7527175
2.8610594
2.8268864
2.8705194
2.8109503
2.8027601
2.7426355
2.825913
2.7460568
2.8031685
3.0922601
3.2770207
3.1838546
3.0902147
3.198862
3.1762514
3.041996
2.962168
2.9086838
2.9060664
3.0749655
3.0052962
3.2542446
3.0033488
3.502723
3.2289367
3.476411
3.5535307
3.3950286
3.465137
3.325155
3.1957235
3.079419
3.3478596
3.1737237
3.1349142
3.4128413
3.2662868
3.4433255
3.4643755
3.4288306
3.5148501
3.4982715
3.4751139
3.5362136
3.501912
3.4912817
3.4838977
3.29519
3.4395971
3.4440136
3.378013
3.4341466
3.5312076
3.4688776
3.4323943
3.4851196
3.3815277
3.37114
3.2753682
3.368423
3.279737
3.350379
3.369133
3.4012742
3.3376307
3.358661
3.170779
3.4855685
3.2705047
3.4950843
3.3490262
3.525865
3.5174062
3.391816
3.4894614
3.379496
3.3617892
3.4417357
3.3152204
3.3477154
3.530097
3.498941
3.370449
3.386898
3.4691572
3.4909015
3.4461308
3.582524
3.513097
3.5915842
3.6204896
3.5860791
3.5802627
3.5237074
3.4739282
3.3389995
3.5207818
3.4460042
3.4798217
3.3801005
3.2724824
3.2610862
3.5204823
3.3609762
3.4327111
3.3856003
3.3596754
3.3211718
3.2936132
3.3352835
3.3716583
3.3308132
3.354862
3.3517418
3.2290988
3.3139555
3.1887722
3.426856
3.3128934
3.032167
3.433417
3.3006124
3.2929363
3.1508834
3.4682698
3.5285382
3.4270778
3.2507694
3.5264714
3.6693833
3.4741178
3.3918335
3.421616
3.3222017
3.4786026
3.360013
3.4876492
3.1300302
3.3824105
3.297763
3.2530332
3.3113432
3.3318503
3.5794528
3.572571
3.5674715
3.4950733
3.1963012
3.5787268
3.2210295
3.013183
2.6634068
3.2164102
2.810271
3.046936
3.3670638
3.1112182
3.1096385
2.9215577
3.6086104
4.117984
3.920875
3.2491515
2.9399936
3.264446
3.953798
3.8626494
3.8836854
2.7151427
3.9324837
4.052418
4.122711
3.9436858
3.992313
4.1161656
4.2745323
3.9297915
4.0012617
3.8030007
3.6978943
3.517301
3.4931953
3.6630805
3.63456
3.6392674
4.526433
5.6319456
5.705663
5.2691727
4.179848
4.574548
5.3150587
6.038747
5.568526
4.0057087
2.6300988
3.0216355
3.3740315
3.1563303
3.167065
3.4979212
3.2680993
3.1554434
2.7225084
2.9208798
2.0040135
2.0092719
2.028639
2.185872
2.4238603
1.9294275
1.3986244
1.0404652
1.1213182
1.1570334
1.0257403
1.1030294
0.93379515
1.01801
0.93988657
0.93096274
1.0144575
1.0512998
1.4476111
2.7193222
4.3045144
5.76692
6.013261
5.824276
5.392083
4.6947937
4.4129424
5.07179
5.1342473
4.7709875
4.8782673
4.517107
4.6232686
4.748058
4.376288
4.305878
4.5320807
4.771912
4.525637
4.3205442
3.696508
3.6507015
3.9735293
4.602806
5.59018
3.656362
4.3539166
4.785207
3.972459
3.7504632
4.489484
4.47422
4.24572
4.1119537
3.9797215
3.6651497
3.5873878
3.802282
3.8782601
3.687688
3.912736
3.8313823
3.9466677
3.6888897
4.0097737
3.797381
3.4747767
3.0714908
3.651488
4.772096
4.7595296
4.628261
4.031622
3.7527862
3.9076324
3.6384318
5.0562816
4.9615803
5.069139
5.3931494
4.2622623
3.5335767
3.7892315
4.569735
4.758221
5.378666
5.6401577
5.356505
5.528837
4.891331
4.5069466
4.9193926
4.896615
3.7488127
3.530523
4.29148
4.0202627
3.833587
3.269067
2.5391836
2.8012087
3.283684
3.8811634
3.88563
3.214603
3.149097
3.3672678
2.378693
3.2295876
4.419182
4.877798
5.358652
3.7039073
4.598396
3.9729111
3.1656353
3.8282497
4.495403
4.331619
3.575491
4.0608587
3.8382509
3.7418609
4.4379454
4.1264424
3.9235291
3.6541824
4.355437
4.821857
3.9953575
4.909952
4.181061
3.6517322
3.4268105
4.9806337
5.0217304
3.5930939
3.3402605
3.1737976
3.0735636
3.2269619
3.3028402
3.440768
3.3749514
3.4263039
3.3587523
3.5253477
3.4107354
3.743717
3.615265
3.706376
3.7849002
3.6020532
3.5091093
3.408602
3.386898
3.4702554
3.2851477
3.4649184
3.3522882
3.1865277
3.5966778
3.821258
3.468668
3.6892045
3.2921035
3.0111845
3.318391
3.6245215
3.3734016
3.3926802
3.3410442
3.7009113
4.2459874
3.892746
1.1205178
1.1239237
1.1475751
1.1411332
1.2066306
1.2289145
1.238497
1.3310957
1.3813117
1.3916346
1.438164
1.5095831
1.4553434
1.3451387
1.1837472
1.1656024
1.2085369
1.2360665
1.2078582
1.2387553
1.2107865
1.2338425
2.5995955
3.0994043
2.9030876
3.2830403
3.483541
3.625822
3.845765
2.4322114
2.4864368
2.670658
2.431237
2.0486257
2.2722814
2.3835897
2.163013
1.5310137
1.2269387
1.1366159
1.1467412
1.2204316
1.1132858
1.197008
1.19209
1.3678609
1.3022093
1.5074817
1.5171875
1.6321088
1.6292171
1.5146629
1.4377849
1.4914159
1.4395832
1.5004374
1.3434533
1.2564241
1.2842468
1.3060045
1.2530196
1.2183572
1.0748112
1.1184644
1.0152756
1.2306732
1.1964159
1.1171904
1.1360333
1.176085
1.1844168
1.0243154
1.4630708
2.0086062
2.2909198
2.2371721
1.8210543
1.5439212
1.8145473
1.1846707
1.1742322
1.8853394
1.9303426
2.4407234
2.4933593
3.1482863
2.153633
2.6295283
2.4550664
2.334199
2.7397313
1.0733194
1.1185178
1.1740594
0.99263626
1.0572906
1.0462177
1.058151
1.0838077
1.0732715
1.0773087
1.0456975
1.0481194
1.110074
1.1444548
1.172361
1.1832447
1.0761046
1.0838692
1.0635293
1.100671
1.0839188
1.0781393
1.0972433
1.0695834
1.0280485
0.99203753
0.971889
1.000841
1.0383012
1.0406784
1.0316983
1.8044901
2.0971766
2.105286
2.1402602
2.1735275
2.1301253
2.2279603
2.219921
2.2110183
1.5547887
1.4203174
1.6860926
3.0608132
2.5541308
3.3275712
3.8104937
3.651758
3.6156883
3.4119265
3.343365
3.7172265
3.7747982
4.671174
4.4890156
4.6127877
5.063442
4.28944
3.1938334
2.8602831
3.231587
3.5193129
3.5181923
3.547537
3.536241
3.2998266
3.3312626
2.6001787
2.5275428
1.8432019
2.2294333
3.7132294
3.7819595
3.7873073
4.0463476
3.9891393
3.8727686
4.2170124
4.8247876
3.4501555
5.351819
5.0001354
5.212482
3.9680736
3.2684443
3.2964318
3.6542659
3.2196007
3.6581893
3.609809
3.606106
3.6524875
4.0631948
3.9090676
4.2283216
4.245443
4.438912
4.693659
4.540355
5.097754
3.6069546
3.2575014
3.4713721
3.2508633
3.5121114
3.3635597
3.1813362
3.8046393
3.0124388
3.7403386
4.3528867
4.8942695
5.038261
5.08002
5.0142236
4.3108416
2.9606748
2.000297
2.3740165
3.8768537
4.2232547
4.28963
4.2992487
4.487533
4.6562667
4.196458
4.16108
3.9015534
3.5953097
2.447338
2.8513622
2.6765482
2.5686512
2.8386054
2.4158726
2.6451457
2.6331887
3.0224965
3.35949
3.361833
3.6400704
4.616893
3.8726258
3.3134484
3.2624972
3.4161265
2.6229799
2.4357486
2.705032
2.8892586
3.0759838
2.8159282
3.0777655
2.8885417
2.8781888
2.1615255
2.365037
2.7300465
2.753909
3.3845458
3.574573
3.6888947
3.1744819
2.8645666
3.0470774
2.7517252
2.8645525
1.1467133
4.6206727
6.4970474
6.5969663
6.6425667
6.7140203
6.7753177
5.18749
3.0704017
1.626274
1.8223633
2.9270077
2.5588832
3.1384044
3.5669909
3.175575
3.442191
2.5645943
3.2015285
3.4638445
3.1300783
3.1698868
3.2326179
3.229075
3.2043142
3.1510549
3.1535122
3.4302268
3.2987797
3.487034
3.7267978
3.6807184
3.9156134
4.2142205
3.6738572
3.4913726
3.485098
3.214304
2.9102225
2.3073888
2.3647208
2.2940223
1.8607662
1.9750042
1.392382
1.287283
1.3275146
1.221006
1.1388141
1.3043689
1.3661264
1.2056497
1.2441169
1.1713877
1.0842675
1.2226077
1.4442159
2.8176794
3.1071136
2.7215028
2.9422135
2.6147292
2.7324703
2.850086
3.3185809
3.31254
3.1188903
2.9439945
2.7324572
2.7483053
2.4667342
2.407572
2.2444487
2.6065867
2.6776493
2.6082814
3.2727802
2.4979846
2.7641244
2.3704875
2.362197
2.4992645
2.4998767
2.5043576
2.3888292
2.4966507
2.6341558
2.6278024
2.6521838
3.9255037
3.4446595
2.516492
2.3744383
2.0332716
1.9190317
2.6562731
2.5895162
2.702792
2.8564613
2.6389847
3.577039
3.431398
3.5981042
3.6781688
3.9888651
3.9663777
3.5671778
3.5649583
3.9684715
3.649276
3.6774309
3.4127824
2.7236712
2.3914266
2.368179
2.3454373
2.3308034
2.12545
2.2500072
2.277856
2.5110435
2.223786
2.275622
2.0637197
1.8757913
2.0791736
2.1775138
2.007484
1.9908744
2.0041823
2.0257325
2.202391
2.3324575
2.548376
2.9961965
2.923502
3.2857757
3.2596507
3.5608275
3.5763896
3.6659024
3.9250581
3.890409
3.7914836
3.9409833
3.6028886
3.8294654
3.935016
3.7959216
3.92157
3.7799244
3.9612155
3.9111435
3.8792813
3.9490879
3.9910502
3.7944517
3.7525363
3.659729
3.759541
3.5825305
3.6398673
