10000
8.851253
8.70613
8.685973
8.777188
8.732116
8.608468
8.645038
8.587339
8.54439
8.197607
8.051716
7.809585
7.9999037
7.9958653
7.7827535
8.0886545
8.06632
7.6870885
7.300668
7.2119513
7.1042094
7.156064
7.2407446
7.6460285
7.723392
7.9832454
8.171356
8.330762
8.183054
8.145471
8.275829
8.119671
8.048776
7.8294306
7.9825964
8.24371
8.281986
8.063135
8.14825
8.10398
8.233059
8.132229
7.9957995
7.9716706
7.582513
7.6546702
7.6266694
7.9377975
8.374261
8.34768
8.230073
8.089748
8.135332
8.385317
8.42629
8.49956
8.5492935
8.3678465
8.395484
8.193285
8.10882
8.2969475
8.071795
8.084261
7.667619
7.8274784
7.6924963
7.8244886
7.708117
7.983441
8.204027
8.138636
8.189334
8.2743225
7.92817
8.279176
8.571636
8.563184
8.426596
8.27922
8.297514
8.392158
8.189754
8.225504
8.026101
8.116222
8.218506
7.6852846
7.739175
7.5474334
7.687613
7.9617257
8.358668
8.230741
8.510769
8.186506
7.7698784
8.358397
8.158453
7.737763
7.766203
7.6677537
7.682916
7.0979004
6.605912
6.165746
6.332762
5.956031
5.398573
5.6465936
6.081036
5.7124424
5.4962015
5.0343466
4.7007465
4.3860335
4.53972
5.0628605
5.3711686
6.221125
6.419051
6.1583195
5.7353706
5.2388883
5.4804196
5.677277
5.4124064
5.773626
5.687388
5.578246
5.558116
5.1635833
4.607334
4.6128597
4.144944
3.643756
3.5640552
3.8526268
3.9667158
3.3762488
3.2040145
3.3496614
3.5476565
3.5928109
3.3624802
3.4818227
3.4119954
3.4709926
3.4902987
3.5993762
3.5057375
3.5650127
3.5796444
3.6187515
3.46906
3.5303571
3.6161208
3.4832704
3.7277844
3.7242107
3.626863
3.8250537
3.72235
3.8711615
3.732896
3.700574
3.7156982
3.7978604
3.8005788
3.629128
3.8405259
3.8402658
3.5503333
3.9157767
3.889861
3.8547726
3.8627057
3.743464
3.760713
3.6577275
3.8590856
3.8053837
3.7906742
3.7589352
3.7819798
3.893571
3.7489433
3.6707587
3.7916389
4.042678
3.841983
3.9279466
3.7424343
3.903484
3.8169184
4.0756044
4.193213
3.9816663
3.935895
3.8497076
3.9949443
4.1651907
3.7892518
3.7006261
3.7970984
3.9499583
3.9421341
3.7047572
3.7285442
3.7420068
3.8371806
3.68145
3.680483
3.8690367
3.7735665
3.6471248
3.8004365
3.49758
3.865428
3.6486335
3.5616126
3.7051077
3.6468523
3.6033833
3.6124504
3.6257033
3.5475283
3.8316064
3.5289497
3.4288406
3.4057488
3.301965
3.1581526
3.1212368
3.190579
3.1223414
2.875023
2.8528826
2.7877529
2.893772
3.0094433
3.279507
3.2632685
3.3483777
3.2870235
3.3858378
3.4421844
3.6023843
3.601314
3.8128655
3.6853378
3.8129437
3.5861957
3.4844103
3.5933986
3.386859
3.600131
3.5116773
3.1718175
3.2651196
3.1404638
3.2606523
3.4859736
3.4771445
3.411967
3.2947733
2.9394019
2.9372213
2.7626777
2.9882603
2.7937071
2.9056897
2.720092
2.9878175
3.323381
3.5793028
3.3312106
3.0818036
3.3698084
3.2381113
3.6406207
3.459432
2.932638
2.5165114
2.1296532
2.1497355
2.7279098
2.5591652
2.9128299
2.9857368
3.395689
3.0696
2.1530764
2.720752
2.586997
2.642274
2.6351106
2.7189147
2.3662093
2.6494331
2.9427838
3.278616
3.3052545
2.7684584
2.9333317
3.0013945
2.5230227
3.056458
3.8172936
3.319353
2.2758381
2.392529
1.2324007
1.605891
2.4846823
2.6573715
1.9850881
0.65340817
0.64492846
2.2914639
2.587415
2.8391683
2.9168699
2.8705218
2.9233737
2.876672
2.4832761
2.6838806
2.8936546
2.9815235
2.8384972
2.6353896
2.6089673
2.4461577
2.369432
2.6283107
2.9377377
2.8857322
2.8399572
2.903045
3.3050642
3.873201
3.3283172
3.2933097
2.8444664
2.9573965
2.4170032
2.819919
2.8179333
3.7051804
3.7401257
3.664828
3.344733
3.2769027
4.136807
3.9216268
3.184233
2.6055555
2.502579
2.2261727
2.7685673
2.6832254
2.9143376
2.612933
2.1008499
2.5280862
2.7370703
2.9314284
2.9787838
3.1255753
3.0273833
2.8836324
2.7675438
3.3817153
3.242867
2.2885327
2.080132
2.0995266
1.7873654
1.8440042
2.0530872
2.1437929
2.2751126
2.429802
2.0347779
2.78337
3.2002113
3.138167
3.4508216
3.008717
2.838483
2.719489
2.5376391
2.576738
2.3081105
2.3385134
2.6283283
2.686454
3.2795298
2.395646
2.2905655
2.328617
2.6898053
2.4516304
2.914015
3.4178057
3.0251596
2.6683607
2.4391778
2.088171
2.0935338
2.4805453
2.3648245
2.4527092
2.4196024
2.2260208
2.7447011
2.533339
2.451074
2.5789473
2.7202296
2.9266605
2.6787374
2.4033742
2.3869624
2.8402522
3.071729
2.9131794
2.7252104
2.8441887
2.3474035
2.3127944
2.771094
2.7922475
2.7287803
3.0897145
2.9517705
3.0333982
3.2852862
2.979838
2.1450813
2.0529282
2.2851245
2.420138
3.139502
3.7511005
3.4033747
2.8465683
2.3401847
2.3553607
2.764417
2.8728852
2.464202
2.5992465
2.8562002
2.0821636
2.783133
2.456131
2.564331
3.2113345
2.9089296
2.5655813
2.323093
2.2033336
2.4315083
3.076007
3.0343904
3.0430593
3.1982217
2.7986472
2.302612
2.9260192
2.7291772
3.026606
3.9762087
3.5120552
3.13095
3.1290996
2.8291698
3.246529
2.8326712
2.9458292
3.387342
3.2375407
3.3532887
2.9154143
2.8767335
3.2320724
3.6162267
2.9464645
2.3988101
2.0336015
2.263865
2.425298
2.1400406
2.2266896
1.9848219
2.4818687
2.4551566
2.0413244
2.666985
2.4416957
2.3986945
2.596092
2.4909172
1.8993595
2.118972
2.4179606
2.4114702
1.5643868
1.8433623
1.7832799
2.5082421
2.5469034
1.6711764
2.5498915
1.9644245
2.340797
2.197854
2.0996397
1.0484174
1.4027833
2.144985
2.607996
2.573923
2.903851
2.483865
1.9526001
2.7654967
2.75871
3.0674357
2.8285275
2.2199137
1.935557
1.8469001
2.0625725
2.3811998
1.5570889
1.9996749
1.9852958
1.403042
1.829371
1.7339207
2.1460018
1.7653689
1.4289608
2.1205199
2.0493705
2.5642724
2.1905096
2.2457538
2.6090245
1.8480854
1.8722908
2.2488532
2.2045903
2.2685447
2.1962993
2.3554397
2.458922
2.889154
3.0055604
3.1413279
3.3081481
2.8534052
2.7984421
2.1136637
1.7995179
1.7360442
2.010318
1.8903484
1.9934778
2.2208743
2.2226338
2.4887135
2.3130672
2.5631514
2.4604845
2.1967137
2.353213
2.1067722
2.6853924
2.6462898
2.9520335
2.3336778
2.356059
2.5264733
2.333554
2.9105048
3.0272179
3.413664
3.275188
3.2021978
3.4816575
2.4257681
2.1905098
2.3418329
2.3137388
2.8441117
2.6466126
1.4423343
1.6586409
1.2279444
1.39187
1.9612836
1.7666305
1.4874126
1.710623
2.262465
2.4243805
2.4446526
2.4802542
2.3735375
2.150786
1.6188431
1.9477476
1.7982223
1.6551296
1.8800778
2.1497643
2.413311
2.3455317
3.0968552
2.6115344
1.6936824
1.2519172
1.593354
1.8255261
2.4812722
2.2797728
2.6928473
3.0282254
3.0964932
2.1991026
3.022906
2.9461486
3.1705742
2.5297332
2.22602
2.5721695
2.5211241
2.4986897
2.0020804
2.5735457
3.025932
3.1757824
2.7285032
2.416195
2.0352573
1.846919
2.2890077
2.524486
2.1753893
1.6884645
1.8603514
2.2899358
2.1697912
1.6148046
1.7486253
1.5975134
1.4453468
2.0269127
2.0257168
2.6259146
1.4386936
1.5234162
1.7413629
1.7894965
1.8716838
1.756189
2.0831065
2.10882
1.7059946
2.0355277
2.2522497
2.1938176
2.472517
2.5371184
2.4293523
2.5656934
2.0855086
3.0193005
3.198857
3.121696
1.7913914
1.6754926
1.7015482
1.7510722
1.8373997
1.7675154
2.72253
3.2020805
2.802617
3.4222698
3.3161652
2.2292867
1.4121503
1.9021453
1.9965413
1.879152
1.9925382
2.099762
1.9587494
2.1211452
2.0827665
2.0793564
2.1499078
1.8743191
1.7858667
1.6513612
2.0818129
1.9142206
1.6259323
2.0198674
2.3274512
2.8149521
1.9955401
1.1689409
0.8857685
1.5403407
1.9184836
1.6414278
1.7008606
1.4330024
1.6247585
2.2024734
2.471613
2.4958086
1.7286501
2.1715412
1.7490762
1.4655915
1.5540038
1.5800622
1.6218264
1.5068611
1.5056112
1.8459483
2.065517
2.101932
2.3134236
2.210813
1.5953288
1.4835949
1.864836
2.0844302
1.9209282
1.7679904
1.3207777
1.6027775
1.6410763
1.8500705
2.1856565
2.2696106
2.2906675
2.3329706
2.0171587
2.184596
2.4324725
2.6719427
2.6445527
2.5405364
2.5990913
2.7204432
2.604898
2.683438
1.5541542
1.8226663
1.8780274
1.9550668
2.0975208
2.1310654
1.9662772
2.1052349
2.2471302
2.559395
1.9439908
1.3084183
1.3225783
1.7521302
1.8382182
1.488286
2.2244604
2.7377727
2.5006344
1.793805
1.8672429
1.9148674
1.8049186
2.025993
2.0175776
1.8512115
2.2263737
1.5354702
1.5102255
1.7789994
2.1773055
2.188776
2.0174024
2.393513
3.3372722
3.2371416
2.9936452
2.5105412
2.0945456
2.0212655
2.08233
1.173172
0.7071852
0.9201295
0.97276205
0.95075655
0.96805805
1.3348892
1.403792
1.5957195
1.3212205
2.1255229
2.9360054
3.1797593
3.435056
3.206229
3.26708
3.0245926
3.03936
2.9901881
2.643334
2.7342606
2.5386968
1.8516963
2.1292443
1.6050956
1.0309217
0.9499955
1.0954745
1.2081001
1.6443568
2.136573
2.1390216
2.1687913
2.3341713
2.4443634
2.6089272
2.951954
2.4559278
2.662496
2.259179
2.2118952
1.7068521
1.3728952
1.6104333
1.3454331
1.2512364
1.6828884
1.637552
1.7990623
1.8500743
2.147514
2.3222337
1.7929633
1.9404706
1.811088
2.0609512
2.0537574
1.1457958
1.1173604
1.2980072
1.3755126
1.4749426
1.87257
2.0091305
2.0383549
1.7024227
1.6169366
1.7219515
1.870101
2.1661534
1.7731233
2.090001
2.2752256
2.2708614
2.6644852
2.4811409
2.3265884
3.1301448
3.4255319
3.3548193
3.0198388
2.3423264
1.8647301
2.738785
2.6218014
2.6928718
2.6471245
3.4812474
3.5071666
2.520078
2.6634586
2.79609
3.1780536
3.2414541
2.911352
3.3484492
3.4402833
2.820364
2.7964234
2.7141027
2.8553035
2.7203412
2.5808086
2.1110594
2.288379
2.1977968
2.4843066
2.7915542
3.5327425
3.354572
3.0926833
3.2532609
3.0730693
3.2981818
3.4076726
3.6361
3.7036042
2.8793743
2.3701682
2.0729873
2.9077
2.8742476
2.6388936
2.7562072
2.609801
2.5044136
2.78713
3.2357802
3.7500267
3.814739
3.2438679
2.986803
2.4457395
2.1376061
1.9759161
1.9173478
1.9085819
1.836392
1.7464523
1.7344953
1.6615126
1.6778945
1.9989245
2.3960257
2.3459754
2.6897824
2.5843418
2.501416
2.678339
2.5855815
2.2215645
2.3583019
2.2841096
2.0814571
2.2679229
2.2065892
2.2340074
2.553674
2.6899698
2.4196298
2.785217
3.2307534
3.3241029
3.4217646
3.0211182
2.6259103
2.9045677
2.9613686
3.5094857
2.8082213
2.8428266
3.8601763
3.3439655
3.8906937
3.5508592
2.2056658
2.2395039
2.431673
2.5583615
2.6345663
2.8127184
2.5731072
2.7375977
3.2243752
2.7920284
2.7259903
3.2198966
2.990408
3.400102
3.4164639
3.2109282
3.0457492
2.9013748
2.8507972
2.557494
2.8183866
3.0304198
3.175624
3.078183
3.1812773
3.2416332
2.3196402
2.4253075
2.3784506
2.7635827
2.8162484
2.9266186
3.0946424
3.008705
2.9596717
3.0005164
2.9551082
2.7514186
2.1743298
1.4946157
1.3917203
1.1542164
1.2289554
1.5207701
1.6390828
1.3989404
1.2596139
1.5595777
1.3592756
1.1468545
1.1510848
0.98884857
1.2855928
1.3242118
1.1723787
1.4611158
1.1600751
0.9951772
0.9545151
0.67348593
0.8040918
0.9495835
0.8926524
0.9566886
1.0991051
0.92673975
0.96220446
1.3447579
0.8944299
1.0803394
0.88413286
0.9651395
1.0652685
1.1928133
1.2563262
1.1057549
0.89453155
0.954015
1.4239143
1.2153758
1.2907937
1.1583155
1.43474
1.2593057
1.184658
1.3181577
1.1767555
1.435697
1.5306652
1.5303816
1.4915996
1.3282888
1.6921372
1.338689
1.3283722
1.2094954
1.6062409
1.448211
1.2247484
1.4741154
1.4846292
1.3016229
1.4807732
1.6596589
1.6096022
1.4795421
1.8641655
2.036927
2.2667036
2.425283
2.4194198
2.1143615
2.0850835
1.7630212
1.3223596
1.3471668
1.4017152
1.4750093
1.8040571
1.6158869
1.253819
1.151543
0.93524766
0.9846029
1.1534889
1.210631
1.3395634
1.0882804
1.4537858
1.3574195
0.9453568
1.1353234
1.1530861
0.9378309
1.607755
2.2943094
2.4115915
2.6688657
2.531086
2.53114
2.489394
2.491153
2.7067342
2.619718
2.5666206
2.3660126
2.430719
2.558616
2.8338776
3.16116
2.9727693
1.8143188
2.0449839
1.9193817
2.0442226
2.2075996
2.038438
1.7479167
1.6180998
1.9026442
2.2017543
2.401449
2.066923
2.1646144
2.0494213
2.5906029
2.4471574
2.549068
2.4812884
2.4026165
2.2117932
2.093805
1.5309392
1.6483206
1.85707
2.1094165
2.1540189
2.143863
2.5954785
2.6185288
2.6994052
2.441798
2.2177265
2.4259665
2.2739425
2.1273093
2.515893
2.2825108
2.557005
2.594148
2.5899546
2.517454
2.5202174
2.4429178
2.4655137
2.4145143
2.4708521
2.4162805
2.8620994
2.4334574
2.549101
2.5500784
2.780889
2.7031422
2.5379725
2.7933247
3.039872
2.9641764
2.9081154
3.0419905
2.8073044
2.886504
2.9623108
3.096693
3.0534573
2.9210422
3.2335362
2.7401838
2.3776464
2.1122565
2.181627
2.5133395
2.7113562
2.7609093
2.757641
2.6717925
2.968024
2.8735592
2.7761512
2.8476734
2.6379905
2.900452
3.0323403
2.9181416
3.23141
3.0425246
3.0824287
3.0233352
2.8741717
3.0427423
3.046969
2.877516
3.3514597
2.7620845
3.1217022
3.4010553
2.9046056
3.0504231
3.0768409
3.0845332
2.9200668
3.2533128
2.9819884
3.277821
3.0619438
3.235222
3.0786967
3.078279
3.120993
3.0752811
2.9527376
2.7139082
3.028692
2.8737812
2.8042805
2.9508893
3.0842583
3.0771568
3.0745134
3.0739417
3.0327747
3.1929493
3.1086829
3.204805
3.0844698
3.2004669
3.1327858
3.2554028
3.3750067
3.2121778
3.3173091
3.268095
3.473018
3.2424562
3.5524743
3.2865374
3.41841
3.5017643
3.5385816
3.533608
3.6670887
3.6182132
3.5460324
3.5643678
3.6241794
3.581217
3.683696
3.8051212
3.809019
3.6718886
3.8163118
3.8081267
3.863794
3.8698258
3.7105403
3.710053
3.6021824
3.4223487
3.2505403
3.4334962
3.3100514
3.324213
3.143035
3.3562834
3.3085954
3.5072627
3.2544188
3.2441704
3.5582335
3.5830157
3.3704467
3.4674041
3.3907127
3.458153
3.519941
3.3715951
3.4813795
3.4673352
3.3103318
3.2595446
3.4729857
3.4102476
3.4826
3.64168
3.4309702
3.527512
3.312095
3.3778155
3.3421142
3.5030699
3.520842
3.7049735
3.591517
3.733171
3.5586586
3.542756
3.5301847
3.5248313
3.5990648
3.7254226
3.5113788
3.7315319
3.6646085
2.8198724
2.9017675
3.068351
2.9244232
3.4618845
3.6360037
3.6735594
3.6218762
3.6298163
3.6482084
3.7033188
3.8345318
3.6141267
3.4642804
3.1555085
2.6939342
2.122179
2.220485
2.2833333
2.0500412
1.5188043
2.7021089
4.085721
3.9528785
3.8244143
3.506339
3.9282386
3.4768937
3.0314505
2.6184926
2.7411695
2.3247046
2.465397
2.1743069
2.7370975
2.3128355
2.164293
2.06019
3.5050585
3.3318365
2.9667766
2.538966
2.9574559
3.3128655
4.0383906
4.2945247
3.9654396
3.409565
3.8657608
4.4437766
4.3733635
3.974658
3.9133706
3.5907848
3.1594853
3.6710212
4.0545225
4.2216835
4.0240507
3.2750752
3.3162174
3.563044
3.6507554
3.1699426
2.7716777
3.023232
3.2334836
3.820735
3.487645
2.1797204
2.0102148
2.1412368
2.6164455
2.0637877
2.6336405
2.705122
2.076398
1.7831815
1.5334876
1.8383905
1.2904216
2.0407004
2.7519867
2.6908784
3.3888688
3.0112212
4.053875
2.7318778
2.8898592
3.664217
4.0466056
2.361743
2.7792504
2.9006643
2.9885206
2.4303448
3.037682
2.153216
1.6796136
1.8882141
2.6625593
2.256542
3.27543
2.6869078
3.0032294
3.662184
2.429651
3.3560083
2.8382385
2.229918
3.2079325
3.129405
2.63548
2.5607164
2.0902054
2.6394925
2.6048026
3.0480008
2.8171775
3.094467
2.7076855
3.2407076
3.4449635
2.0128055
1.2347286
1.4887371
1.339271
1.4304926
1.1369439
1.240514
1.4866993
1.7548184
1.4218215
1.5555065
2.0739934
2.2047768
1.201312
1.4781107
2.876724
1.8668551
2.4747615
1.7627418
2.120187
1.8624786
1.4784021
1.9067328
1.1385629
1.0208323
1.1268418
2.8318982
2.8994517
3.1541767
3.6977377
3.2548273
3.3049743
2.4890192
2.7540674
2.978806
3.326261
2.6221094
1.5909117
2.0738175
2.2053115
2.4140844
3.0840068
2.6232412
3.7433949
1.2445006
1.7568079
1.985112
1.98366
1.2515259
1.1144885
1.2946855
1.581538
1.6694541
1.7277596
1.3845083
1.2281356
1.4900414
1.6273855
1.6667259
1.592894
1.7438775
1.684723
1.3116773
1.4954399
2.1642668
1.7892793
1.802251
1.6583259
1.7988868
1.8030612
1.7195728
1.3071592
1.3625712
1.4269011
1.280372
1.2896364
1.8292966
1.5654558
1.5462471
1.6895605
1.4210325
1.3985788
1.5621367
1.5318946
1.3247417
1.6845686
1.528333
1.6806605
1.2378721
1.0704608
1.5540245
1.4590544
1.4860353
1.2335544
1.5307596
1.7223192
1.6573503
1.8087746
1.406992
1.4894462
1.4581854
1.5899966
2.0157962
1.7454852
1.5955645
1.5992719
1.4460535
1.789366
1.5650927
1.8689003
1.4920701
1.2009351
1.1204174
1.0243223
1.3544353
1.5174361
1.1879016
1.2037429
1.18424
1.2865148
1.3737229
1.3454199
1.4981489
1.6433402
1.5686731
1.5455873
1.4572258
1.6638751
1.605912
1.6383504
1.5628457
2.077788
1.6635045
1.4299676
1.8988286
1.833103
1.8543125
1.9471277
2.4547644
2.468993
2.7720752
2.6021254
2.6100018
2.9527566
2.615817
2.612879
2.1547623
2.0388303
2.0339477
2.1258593
2.375669
1.6901207
1.3726603
1.5083325
2.0544968
2.1745002
2.1374931
2.4843688
2.1318731
1.9432056
1.8995612
2.33934
1.4240469
1.0614107
1.2533088
1.4271684
1.4403698
1.8619256
2.0956993
1.8402762
2.4005437
1.8718086
1.6938448
1.6540946
1.7832959
1.7087691
2.2142506
2.1874533
2.2122338
2.3992271
2.7322893
2.6097248
2.8179057
2.9484255
2.5649989
1.8183335
2.030717
1.9506961
1.9435377
2.1109512
2.1710644
2.2229378
1.783617
1.6530057
1.4786936
1.6875497
1.9949894
2.4606135
2.557395
2.43045
2.307881
2.2661746
2.1091425
2.267579
2.3320713
1.9442149
1.761799
1.9331521
1.925118
2.0820644
2.250431
2.3378496
2.1935792
2.2885196
1.9861101
2.6403074
2.264782
1.6022266
1.4722488
1.4905206
1.7633228
1.8808188
2.0086098
2.1173046
2.374788
2.5641608
2.6316671
2.676882
2.6323228
2.4370399
2.0843983
1.9260229
1.8423607
1.8683113
1.916603
1.9936196
1.9705657
2.0072954
2.0649395
1.9423981
2.1665404
2.0927625
1.5859933
1.6596318
1.8468709
1.513198
1.324493
1.587728
2.0147057
1.3608184
1.7824891
1.5509486
1.451727
1.7727821
1.5526657
1.6068308
1.5264826
1.5081837
1.5238929
1.6039016
1.5096296
1.8200841
1.6067445
1.8005322
1.6096376
1.7438871
1.7084428
1.571914
1.6031332
1.6744723
1.5666738
1.9690382
2.137024
2.3760118
2.6684644
2.4279695
2.6862206
2.7426748
2.3839848
2.483202
2.1906881
2.0809057
2.3843536
1.885205
2.0021517
1.7294385
1.738087
1.83599
1.8378133
1.851398
1.670552
1.881584
2.118802
2.2871761
2.6044457
2.6712036
2.5968957
2.272769
2.5594609
2.4268212
2.547997
2.7109482
2.6417184
2.5903504
2.332002
2.284731
2.72864
3.2825093
3.2830703
3.1114442
2.952876
1.5174811
1.8981247
1.9950482
1.9323876
1.8035722
1.9260588
1.4951996
1.6118814
1.9648085
2.7024596
2.337522
2.9816673
2.2916179
2.7775195
2.403384
2.3004353
2.6665902
2.5198054
2.4762
2.4291158
2.6508403
2.8811698
2.3859932
2.7126791
2.5853083
2.0996099
1.7178642
1.8036561
1.713675
2.3333707
2.7200658
2.3269315
2.2042756
2.332881
2.5211058
2.4069126
2.3094954
1.9961587
1.5731013
1.6707963
2.4449153
2.6816604
2.024909
2.6635773
2.292504
2.799378
2.661647
2.9032512
2.7120125
2.5345688
2.8268929
3.0569184
2.8354924
2.619625
2.3160083
2.5253422
2.647768
3.3296664
3.5444546
3.3659465
3.2205718
2.910281
3.1154246
2.5696588
2.3762717
2.5557036
3.1130157
2.7077029
2.6878455
2.447132
2.4106064
2.220303
2.5854197
2.4133692
3.11241
3.0363185
3.070899
2.30832
2.7400627
2.8044446
2.5219111
2.8004012
3.1605012
3.214625
2.7542076
2.5236099
2.1935158
2.075782
2.1985538
2.217422
2.9713707
2.791035
2.8581579
2.811896
2.712157
2.9067566
2.6042407
1.9724356
2.4021182
2.052748
2.6608882
2.05764
2.0085716
1.8395579
2.7165232
2.5066724
2.5854132
2.703076
2.9199896
2.3238645
2.4341207
2.6902122
2.4897149
2.671974
2.5121865
2.8098269
2.9060464
2.841941
2.8535464
2.5177414
2.5819166
2.7202716
2.6313488
3.061374
3.0439417
2.8605013
3.2662606
3.1975255
2.2204773
2.2276359
2.0982423
2.5679731
2.1850748
2.8205078
2.9049993
2.704121
2.5911846
2.287337
2.1294065
2.4138634
2.2921762
2.3715887
2.2037706
2.0542266
2.6344073
2.9206314
2.789666
3.394036
2.9861557
2.4216838
2.274524
1.9865838
2.1848738
2.1315002
2.622219
1.9377222
2.1806803
2.2384071
2.301533
2.3039157
2.2854168
2.3469307
2.5121596
2.4757411
2.971929
2.502592
3.3225904
3.0454993
2.3899777
2.4859347
2.5131807
2.547407
2.8207405
2.5190089
3.2647643
3.0484533
3.460721
3.081659
2.5886886
1.8735297
1.9066323
2.440275
3.127092
2.1409352
2.8950615
2.587595
2.6407595
2.4779432
2.9718385
2.9485254
3.4938726
3.3969378
3.0598862
3.6970203
2.7823217
2.3201125
2.195179
2.7343824
2.8980746
2.4732068
2.6992977
2.1338563
2.5705764
2.7097416
2.6861515
2.5245469
2.7824774
2.583218
2.113576
2.523744
2.8915489
2.7085042
2.68869
2.7996619
3.817086
3.3931513
3.9513507
4.502638
4.1341753
3.7224967
3.4878898
3.3126073
2.9698615
3.229658
2.9816027
3.2300713
2.9647691
2.5827353
2.6773086
3.0325468
3.5469258
3.322885
3.4304502
2.8694363
3.0224462
2.8015857
3.8658926
3.3892467
4.10488
3.671368
4.7179184
4.0223756
4.033586
4.069033
3.8716683
3.8829372
3.927844
3.88312
2.904833
2.8332243
3.6682894
3.1520777
3.409101
3.3840032
3.5064318
3.0873046
3.1661613
3.1307883
3.449511
3.2944093
3.8221445
3.453404
3.9735644
3.4710698
3.2618527
3.4646883
3.0520205
3.0149508
2.9986591
2.6833441
2.9126837
3.1567764
2.749889
3.1485276
3.1311312
3.1094108
2.747592
2.799209
2.9519374
3.2916596
3.0851676
3.0326242
3.362317
3.143812
3.4228287
3.1403072
3.2796865
3.0173542
3.334743
3.3113227
3.7964096
3.232373
3.4221852
2.8970528
2.9179883
3.1793613
2.335622
3.2952466
3.562372
2.982929
2.3709671
2.5122762
2.852489
2.7344518
2.3573186
2.747534
2.877676
2.7852628
2.6332154
3.4918442
3.330158
2.9909916
2.9790826
2.9521015
2.8711004
3.0097542
3.1542306
2.8922894
2.976506
3.3981824
3.2782574
2.9302003
3.2512078
3.415824
3.4437516
3.654131
3.7684755
3.534473
3.5170882
3.8405297
3.686664
3.5213842
4.001255
3.6551447
3.6369395
3.9070039
3.6438015
3.3935492
3.61033
3.679672
3.5810986
3.7059317
3.2069654
3.6408715
3.3614383
3.555138
3.2412791
3.5269103
3.4553368
3.550065
3.201151
3.5360858
3.3695326
3.200414
3.2099712
2.7515013
2.3122895
2.4314744
2.5286903
2.748821
2.9231558
3.2592447
2.8617692
3.663304
3.0403123
3.3630779
3.699462
3.2634122
2.800375
2.9359684
2.9005408
2.881909
2.7526193
3.1661582
3.689889
2.9171288
3.2314548
3.5615199
3.4326391
3.50766
3.2182906
2.9538875
3.2855597
3.4760268
3.4890208
3.1746597
3.3637896
3.7828078
3.1807916
3.4298403
3.4140933
3.7143874
3.7023153
3.7714386
3.3617086
3.3557026
3.0900679
3.6462471
2.805241
3.6722078
3.4385426
3.1768804
3.6603181
3.6574411
2.551721
2.2153761
3.3651628
3.204795
2.8550184
3.0569675
2.3261595
2.8514066
2.8638313
3.0574863
2.4298425
2.0492818
1.2815425
2.2579474
2.8712816
0.53087884
0.28175744
0.21479844
0.27921546
0.1735421
0.34134072
0.22532597
0.30567014
0.56039524
0.36968926
0.53491575
0.5746133
0.5639956
0.5571726
0.49053684
0.56245893
0.33090237
0.34096298
0.43162262
0.37721473
0.28007212
0.36685702
0.43743166
0.62325203
0.7212735
0.77367043
0.9331451
0.84418976
0.8539086
0.75662804
0.8059445
0.72821057
0.9061833
0.78478557
0.8026334
0.80067617
0.9050278
0.92480934
0.74631745
0.7882354
0.76976925
0.5216392
0.6742265
1.0456896
0.95349634
0.80974156
0.7729321
0.728977
0.93839204
1.0531133
0.6039632
0.84439945
0.791422
0.797965
0.74087477
0.6482414
0.56713456
0.88110936
0.9013108
0.8244188
0.8984258
0.8502423
0.95973957
0.7960229
0.82852024
0.8827804
0.8394514
0.7992369
0.990021
0.9539961
0.8758637
0.9879785
0.9491166
1.1693578
1.1950214
1.080905
1.0704309
1.0777533
1.1380805
0.9891865
0.90576625
0.84994274
0.94971687
0.9811534
0.91031355
0.8965878
0.52091724
0.6024372
0.8812631
0.90875566
1.0436558
0.9187014
0.7752615
0.7093913
0.5865858
0.4893205
0.47912878
0.39411592
0.3770445
0.45440897
0.32899252
0.29872957
0.26202908
0.30844876
0.6147143
0.46245813
0.39418104
0.419281
0.32150128
0.42453447
0.3516055
0.41458285
0.46530688
0.45085505
0.38468647
0.5482646
0.47170302
0.4151836
0.5159128
0.44557083
0.4592276
0.45220172
0.55697554
0.5563218
0.57038414
0.45361912
0.37207663
0.45997262
0.52841616
0.47783157
0.41777837
0.5566845
0.49486828
0.5557811
0.53532463
0.42591792
0.5409252
0.3831392
0.45541418
0.50935054
0.6091813
0.48680675
0.5525135
0.6614202
0.43507707
0.6348201
0.5956318
0.7282648
0.532877
0.49913043
0.68817276
0.64116204
0.50703216
0.5324935
0.5691415
0.45437366
0.4081082
0.28568348
0.3441423
0.800884
0.7952832
0.70221084
0.7423346
0.6607641
0.69884753
0.732546
0.6982782
0.7791511
0.62961674
0.6503429
0.5922831
0.6945662
0.83801204
1.1395215
1.106712
0.89056367
1.9099901
1.9307674
1.9219964
1.3806858
1.4904873
1.596005
1.2662058
1.4961132
1.1457522
1.1419883
1.1747571
1.3354545
1.2343271
1.3188891
1.1465887
1.3619987
1.127526
1.2216581
1.1738546
1.1099923
1.1262372
1.3207365
1.2101254
1.2447556
1.2793442
1.5095551
1.5693576
1.238074
1.2066791
1.274107
1.191683
1.1998208
1.2615247
1.2994921
1.0470278
1.2505376
1.1835302
1.2807925
1.2139103
1.2233881
1.4239261
1.148507
1.3152778
1.7077901
1.5402125
1.3753657
1.8121283
1.8483555
1.3038787
1.2314863
1.6352272
1.5422235
1.6861495
1.761764
1.6258576
1.3707055
1.3043168
1.1297052
1.0327294
1.1275022
1.3874451
1.3403039
0.975386
0.9840009
1.1292117
1.6005147
1.7021182
1.4098115
1.254269
1.1978086
1.2208242
1.0674484
1.2859138
1.2121773
1.2681555
1.3802335
1.380691
1.2224284
1.2231104
1.3429806
1.175796
1.3322083
1.2984095
1.2936385
1.2717203
1.3092886
1.4130561
1.1260943
1.0883827
0.81811917
0.8790413
1.1386703
1.1273893
0.8497237
0.71393013
0.89572096
0.98890835
0.8484616
0.83445716
0.66094875
0.79999465
0.8640431
1.1202792
1.0441701
0.9216502
1.1162183
1.1247761
1.3118232
0.81296796
1.4455317
1.2414982
1.2999426
1.8395549
1.9076396
2.1975114
1.4335492
1.1504842
1.3919045
1.4550558
1.5144064
1.6178709
1.643582
1.641873
1.8897386
2.011282
1.7884955
1.4097221
1.4902644
1.345327
1.5288337
1.5977992
1.5280482
1.6182944
1.5755115
1.9585145
1.9368429
1.7542732
1.7170604
1.4808427
1.982578
1.7151365
1.7817706
1.5244836
1.7371081
1.7619005
2.388063
1.9453343
2.391696
2.5519896
2.5746136
2.5548668
2.2237327
2.7567194
2.483965
2.7866578
2.451561
2.4622333
2.4632573
2.3675957
2.284588
2.5172288
2.608483
2.4265563
1.7902243
1.9366813
2.3714123
2.66025
2.9165816
3.509983
2.9334812
2.14475
2.0604868
1.8923451
2.060491
2.0509434
2.3271818
2.3874984
2.8348625
1.9592733
1.9458864
1.654814
1.2543511
1.2661663
0.7120394
1.0884435
1.8642304
1.8765705
1.7905107
3.153037
2.8829496
3.0897708
3.2297845
3.06115
2.8559968
2.9617457
2.7126927
2.6490047
2.7321885
2.8560686
2.6312032
2.322911
2.7135458
2.3559995
2.5735471
2.5435033
2.242909
2.344317
2.5972238
2.250884
2.4119148
2.4369137
2.4747396
2.2836864
2.3613906
2.051371
2.1453896
2.4395776
2.7855458
2.6621685
2.586282
3.0463672
3.4302886
3.1336596
2.6198559
1.2746758
1.1537858
1.1854067
1.0994982
1.2208005
1.3553816
1.7982731
2.2399518
1.717905
1.9832162
2.3970275
2.1121588
1.7314973
2.0877237
2.2282152
2.6567578
2.4177759
1.965997
1.7525135
1.9713701
1.6558883
1.2433553
1.7806158
1.5235035
1.3680452
1.7242637
1.3704414
1.2645682
1.1342417
1.500963
1.199649
0.8525531
1.2892675
1.5259881
2.0720167
2.2098835
1.6030421
1.9404689
1.9552555
1.94212
1.9216056
2.3209465
2.0573218
2.0872335
1.94236
1.9265279
2.1453424
1.9988574
2.0941541
2.0854368
1.8986175
2.6929708
2.3415186
2.0559385
2.2905092
2.3200068
2.5452101
2.4856443
2.6059072
1.8714771
1.1684133
1.3283409
1.8880965
1.79301
2.1542451
2.336297
1.6435974
2.091444
2.2770169
2.6568878
2.5211492
2.6838346
2.3849585
2.7316258
2.2695446
2.1649396
1.75925
2.315479
2.3307323
1.928881
2.583394
2.0299883
2.5741572
2.482873
2.5973244
2.7643185
1.4803094
2.1949964
2.464735
2.5910106
1.4749877
0.8718575
1.1134049
2.0505948
2.1068163
2.0875232
2.5568469
2.3294845
2.045006
2.9848175
2.7052708
2.0513947
1.0837079
1.11126
1.3635905
1.4351088
1.1828929
1.617546
1.8060566
2.2305105
1.831074
1.9061816
2.0864446
1.5781788
2.1424973
1.8501452
1.7882454
2.0315952
2.7237654
2.0707505
1.9739227
2.213749
1.7854582
1.876359
1.6751728
2.1916194
1.9746969
2.1604102
2.2967775
2.6787672
3.0197074
2.1368074
1.8903209
2.2849405
2.2385988
2.3391414
2.0967412
2.2877474
2.5348432
2.3299556
2.1277409
2.0134382
2.1935387
2.2206402
2.4864876
2.235343
1.3194647
0.66267216
1.0815504
0.7367349
1.1452616
1.3975654
1.1676831
1.2579618
1.7435396
1.7193412
1.8103261
2.1827807
1.7218523
1.8549039
1.6725911
2.0626414
2.4264047
2.1225643
2.2706769
1.939274
2.6619518
1.6274152
2.404238
1.5294557
1.8330545
1.7841947
1.6080322
1.8301826
2.4309819
2.6545534
2.7436595
2.0748074
2.4533486
2.51458
1.8777817
2.0472531
2.0702887
2.2226837
2.4751167
2.415354
2.4363174
2.5041745
2.863209
3.1347516
2.8226094
3.098949
3.0546563
2.7932591
2.9676378
2.8980265
3.5654228
3.9639692
3.5224257
3.4266071
2.373177
3.085706
2.412087
2.606968
2.2013233
1.7492206
1.8021882
2.2663207
1.7076923
1.8837887
1.8647549
1.842504
2.2943354
1.9426427
1.8864309
3.1834693
2.6766677
2.6761096
2.6697698
2.3537817
2.4328485
1.8785079
2.2566001
2.6654134
2.4923227
2.528226
2.3623762
2.625619
2.938041
2.5302768
2.500457
2.2685723
2.3628025
2.5718946
2.678886
2.263687
1.8490319
1.889539
2.1842506
2.0686672
1.9344519
1.7585558
1.876596
2.1583285
1.9183744
2.0644886
2.2588544
2.4421473
3.0010026
3.3720622
3.3076859
3.0888138
2.728182
2.0114903
2.2018385
2.540643
2.072035
2.454305
2.8919225
2.367581
2.764576
2.5206373
3.673137
2.1464071
2.0783904
2.0994687
2.6634393
2.2142177
1.8841902
2.923795
2.100247
2.5528016
2.3983293
2.3130295
1.974745
1.5040331
1.958171
1.9596748
2.2651033
1.9096544
2.0784383
1.8934622
2.0957541
1.9303857
2.0122828
2.1050138
2.0441837
1.3743308
1.8935419
1.7339327
2.2277036
2.0547726
2.190384
1.8328669
1.9814013
1.9329166
1.9512966
2.0217636
1.9066306
1.9749525
1.8068235
1.7083992
2.208559
2.2727785
1.7658703
2.1168375
2.18627
2.143156
2.3431482
1.8064079
2.1361396
1.8038862
2.083062
2.0016918
2.4054785
1.7501343
1.7966448
2.0866377
1.8537781
2.3631144
1.687938
1.9171221
2.2559285
2.2030578
1.9939469
1.4258592
2.0902233
1.7370539
1.8175042
1.6319234
1.9024593
1.9933808
1.8250952
1.8701622
