10000
8.14053
8.108937
8.080434
8.0410185
8.038591
8.017868
8.25965
8.223277
8.107415
8.125728
8.039437
7.9071026
7.6199675
7.6138334
7.6880765
7.6767716
7.7014976
7.7213373
7.7710958
7.6664996
7.560642
7.482048
7.6484184
7.568463
7.5729446
7.524227
7.4199686
7.495433
7.482095
7.315913
7.264915
7.4749613
7.63864
7.790869
8.016556
7.9589157
7.958703
7.9307647
7.9839625
8.022488
8.0190325
8.031996
8.215648
8.190524
8.130575
7.894671
7.7404385
7.5949755
7.385181
7.3975644
7.4188266
7.4785614
7.4697556
7.6285563
7.6370106
7.4807773
7.4836836
7.3878574
7.471883
7.3237243
7.401281
7.4226723
7.3228183
7.299551
7.4313765
7.2895703
7.1845813
7.3969665
7.536361
7.7417207
7.840182
7.807619
7.7060714
7.765225
7.8507056
7.829527
7.8698587
7.8131995
7.8646374
7.769025
7.688495
7.679146
7.5539827
7.379463
7.3247976
7.3547544
7.459159
7.4113445
7.48592
7.354834
7.440222
7.34269
7.4226127
7.286541
7.4801054
7.6404877
7.5050488
7.393939
7.405249
7.310043
7.1969023
7.1839824
7.3112063
7.582985
7.5484104
7.7866945
7.8285933
7.8168883
7.809392
7.8229227
7.8162074
7.8710823
7.925437
7.8616457
7.779329
7.753263
7.7405024
7.700775
7.615607
7.4145126
7.5462837
7.6114006
7.750371
7.7508726
7.9966917
7.871524
8.03052
7.8996673
7.8945594
7.7976255
7.7432013
7.7543316
7.7304254
7.511635
7.4074244
7.162077
7.114886
7.1878595
7.4132047
7.669019
7.824451
7.966284
7.887605
7.789417
7.846163
7.991842
7.8976874
7.7748237
7.923607
7.9049025
7.703662
7.728284
7.6546955
7.60125
7.39787
7.3941135
7.4880586
7.63658
7.5890756
7.654501
7.7626677
7.7936497
7.8086658
7.8114176
7.7351904
7.6766067
7.817391
7.8271074
7.8097987
7.7036223
7.708926
7.456395
7.2692537
7.333114
7.5941954
7.623926
7.816847
7.900578
7.8714824
7.836936
7.778749
7.760872
7.822429
7.7396617
7.830117
7.864629
7.752822
7.6841908
7.6247973
7.468076
7.424754
7.5495634
7.6204023
7.7697687
7.7927847
7.845926
7.829855
7.8334436
7.8917437
7.7869315
7.844682
7.717057
7.876356
7.856413
7.8025446
7.5902658
7.411293
7.2247486
7.135
7.3633895
7.559175
7.693533
7.8396964
7.8547726
7.8402042
7.903773
7.9420342
7.8984494
7.835564
7.899455
7.8742614
7.800762
7.6992965
7.570414
7.4613514
7.3631067
7.359358
7.490923
7.516013
7.589631
7.708999
7.6641717
7.791834
7.7867823
7.7555847
7.7667747
7.8023686
7.730203
7.7548966
7.7812433
7.572351
7.5693645
7.5384917
7.2747507
7.1498327
7.3425217
7.6448503
7.855214
7.967681
7.8672013
7.7218113
7.6872964
7.687811
7.714788
7.658777
7.7649393
7.8680434
7.95594
7.833743
7.8168125
7.697017
7.710589
7.4223623
7.5257764
7.55353
7.6516566
7.542703
7.6626463
7.4996634
7.4820285
7.563961
7.4487295
7.6071653
7.4469004
7.5774164
7.3295217
7.392679
7.406727
7.3292084
7.1664715
7.131224
7.26017
7.6015573
7.685341
7.6726575
7.684457
7.516548
7.4735994
7.480948
7.5663624
7.634639
7.766286
8.004207
7.830555
7.8321333
7.704003
7.5638127
7.4713087
7.356033
7.409598
7.478163
7.5035458
7.5035887
7.5197353
7.4773445
7.4216843
7.703678
7.5063643
7.654282
7.7164383
7.5449305
7.6301546
7.463634
7.4551077
7.308601
7.2032194
7.158707
7.378977
7.6243906
7.580969
7.7035747
7.7034736
7.5533056
7.5380044
7.597453
7.630844
7.83473
7.702091
7.9743156
7.7702994
7.6936793
7.3945665
7.4051547
7.3345
7.445178
7.5162144
7.6072183
7.5604033
7.608526
7.60866
7.7275505
7.723751
7.48995
7.6910048
7.5755615
7.5549884
7.4990687
7.2919645
7.226759
7.25593
7.1286
6.938115
7.0743866
7.374497
7.555848
7.6001534
7.5593996
7.484638
7.499707
7.45052
7.4771934
7.5224648
7.672903
7.5890074
7.7133946
7.660278
7.713755
7.579532
7.419853
7.2012
7.2843175
7.3211827
7.362213
7.336958
7.1846695
7.3216004
7.392325
7.528757
7.3592606
7.377769
7.2180805
7.4233193
7.5477233
7.388746
7.326185
7.2102313
7.208334
7.1715336
7.1805487
7.5083184
7.508704
7.607221
7.6510577
7.536568
7.4762387
7.4000463
7.475167
7.5231543
7.5589166
7.521686
7.6537833
7.5239377
7.551026
7.3054433
7.1942277
6.885169
6.9593196
7.1104755
7.190661
7.1603208
6.9242363
6.9912376
7.1554747
7.378024
7.4699016
7.3988695
7.4383307
7.2062745
7.2776847
7.1837854
7.2481833
7.0597053
7.192119
7.0965977
7.0655055
7.048097
7.240776
7.2894297
7.392112
7.348227
7.370728
7.271021
7.326432
7.3171906
7.352431
7.410853
7.437849
7.5512867
7.5181584
7.531315
7.4512115
7.280248
7.182511
7.3213215
7.4109797
7.517228
7.313001
7.281969
7.3465366
7.594884
7.6971755
7.621918
7.616178
7.62944
7.687455
7.555265
7.4720483
7.447121
7.432162
7.436169
7.3484135
7.3514166
7.5526824
7.664889
7.721715
7.7206755
7.731323
7.67889
7.6857395
7.6519017
7.7756715
7.7246933
7.8607736
7.789262
7.732975
7.660932
7.5921383
7.4584513
7.2321334
7.2075996
7.2010584
7.317919
7.413007
7.2084208
7.4383163
7.1703825
7.418741
7.3120995
7.5278053
7.430643
7.5150967
7.4876633
7.5980773
7.535931
7.4805737
7.323538
7.4417315
7.398782
7.467256
7.7388287
8.057324
8.070765
8.076669
8.103793
8.191256
8.153295
8.200881
8.321788
8.279309
8.147532
8.235872
8.120703
8.029402
7.8162603
7.6866317
7.6937094
7.6263833
7.9206147
7.9076056
7.8713784
7.8871207
7.8331103
7.8696094
7.979319
7.9958034
8.012259
8.084837
7.9544816
7.9311514
7.915584
7.8437023
7.769342
7.6021056
7.5962763
7.7775416
7.8467765
7.92206
7.9931374
7.9901533
7.9806986
7.966218
7.9367733
7.97596
7.9395905
7.915761
7.8796763
7.8154726
7.807417
7.8472834
7.79817
7.7878213
7.770286
7.6108384
7.6422167
7.735076
7.779426
7.7647014
7.7482314
7.636366
7.7547293
7.7826
7.7782416
7.730081
7.7701235
7.5766573
7.6393385
7.6035266
7.6875196
7.7330847
7.76805
7.8816977
7.9273505
8.018898
8.007064
7.968075
8.070425
8.033091
8.006289
7.927377
7.850608
7.8316364
7.769439
7.744745
7.747884
7.830674
7.7766814
7.759784
7.738454
7.652542
7.598609
7.7619834
7.743263
7.747909
7.621176
7.5543776
7.565927
7.743496
7.7260313
7.7623153
7.7261796
7.7232203
7.642461
7.6213474
7.665287
7.7558584
7.7888937
7.9173656
7.9378767
7.9702673
7.9149284
7.9924116
8.002692
7.819455
7.8488874
7.728768
7.6413236
7.571952
7.6477704
7.5496564
7.5022717
7.5954666
7.5779333
7.5472097
7.609616
7.578662
7.5549397
7.6582923
7.7092557
7.64133
7.6999717
7.5288315
7.527001
7.5460443
7.7165003
7.74458
7.72455
7.8048673
7.647677
7.688477
7.7514586
7.8382096
7.8816385
7.8449974
7.887809
7.843921
7.7661324
7.766899
7.6696415
7.5794377
7.7306232
7.6341696
7.568968
7.5998216
7.482397
7.470379
7.3803277
7.4201937
7.551704
7.5151677
7.5759835
7.623486
7.5142474
7.636094
7.737179
7.7746563
7.574613
7.34925
7.320443
7.4199553
7.4742446
7.5072937
7.5434017
7.5366464
7.481947
7.3083105
7.3610883
7.497791
7.598349
7.682412
7.7408605
7.6113663
7.5302553
7.663801
7.655012
7.4166512
7.397156
7.2239714
7.249038
7.1827383
7.1384845
7.19616
7.2257257
7.262058
7.2512155
7.2207737
7.266569
7.3590574
7.5508227
7.4612327
7.6421356
7.648909
7.783452
7.5602007
7.2884917
7.3868027
7.54883
7.446734
7.5404625
7.707668
7.6681485
7.683648
7.4860916
7.3337455
7.5149736
7.6012287
7.6447306
7.758996
7.6236053
7.4691916
7.2150855
7.251398
7.241091
7.1503806
7.2185783
7.220263
7.2705755
7.2202544
7.208675
7.2997236
7.308969
7.381493
7.2045927
7.097755
6.981748
7.2182856
7.327881
7.433751
7.4963446
7.551875
7.4122496
7.5091515
7.463687
7.667415
7.609312
7.5170846
7.5841317
7.576378
7.6075377
7.586287
7.31316
7.2421308
7.3580317
7.386277
7.264744
7.177535
7.107054
7.00685
7.0920625
7.0593348
6.8716855
6.8205247
6.8108816
6.8652687
6.94352
6.7988524
6.784177
6.848607
6.8121085
6.814248
6.755875
6.956355
7.0274124
7.0358095
7.1136556
7.398872
7.534307
7.2898893
7.387746
7.578867
7.5124445
7.5005045
7.426701
7.48009
7.3694706
7.3986845
7.2823024
7.2156315
7.021937
7.0240216
6.9629965
6.8119044
6.70259
6.515657
6.503779
6.6437154
6.7247596
6.451228
6.6284957
6.426728
6.346776
6.394941
6.465962
6.4633307
6.538666
6.574211
6.8266277
6.8185596
6.8352575
7.036215
7.16461
7.0316725
7.1065383
7.184205
7.257638
6.954123
7.2462854
7.2959948
7.1984406
7.1002088
7.271533
7.278176
7.346053
7.0821543
6.8973126
6.7661147
6.721609
6.682604
6.609178
6.4768376
6.374556
6.048461
6.506772
6.3840337
6.391244
6.3891487
6.2679734
6.2860813
6.427307
6.4588375
6.743543
6.4860225
6.676098
6.7034907
6.624301
6.6030846
6.5810747
6.5264993
6.647981
6.6882505
6.815524
6.5743613
6.720977
6.9357224
6.96847
7.011259
7.083029
7.034019
7.0935893
7.063535
6.833732
6.778546
6.843662
6.6750813
6.897554
6.792209
6.7145753
6.575964
6.4868507
6.7557483
6.619802
6.541392
6.4201245
6.602416
6.4883842
6.660571
6.6063523
6.781373
6.892578
6.8282003
6.633264
6.5172114
6.606421
6.854425
6.8199387
7.1172314
7.177003
7.2293572
7.0770993
7.057323
7.267055
7.248015
7.231351
7.249237
7.204706
7.1987033
7.2096615
6.882015
7.034461
6.9817576
6.9740624
7.0225296
6.999395
6.969326
6.9034176
6.8698206
6.871426
6.7991886
6.7893367
6.7148757
6.7186117
6.8090878
6.882616
6.938715
6.960139
6.9322586
6.921389
6.8245068
6.8790984
6.7958093
7.1096706
7.229869
7.4107533
7.423023
7.2367954
6.931333
6.700769
6.8080735
6.6366796
6.584348
6.798645
6.939923
7.058954
7.0405455
7.0766754
6.809878
6.8880405
6.758011
6.6215677
6.5842905
6.605384
6.6187596
6.6652637
6.4635973
6.4475183
6.343543
6.348744
6.2920394
6.463578
6.642396
6.6438
6.7483315
6.600903
6.5235176
6.4661083
6.6262436
6.457444
6.5307713
6.6551976
6.814653
6.78023
6.56478
6.561512
6.665098
6.5704145
6.544578
6.4639106
6.3549404
6.434201
6.391059
6.5114374
6.445206
6.3715353
6.27439
6.0704846
5.9035954
5.982832
6.109125
6.2739186
6.1794024
6.032713
5.9254236
5.9545345
5.9480495
5.981832
5.9233913
5.8812313
5.8581815
5.806128
5.908684
5.7187014
5.838555
5.8717947
5.9423137
6.042509
5.9342566
6.0745134
6.004309
5.9423447
5.9860706
6.036854
6.1781077
6.158787
6.215613
6.27813
6.295247
6.3174896
6.3074856
6.3757033
6.337122
6.3326488
6.23871
6.277749
6.394555
6.359827
6.378848
6.489927
6.3233004
6.403365
6.5159655
6.4208274
6.4157276
6.343765
6.3333836
6.4727545
6.339299
6.573589
6.440667
6.5735736
6.5858626
6.568024
6.50407
6.5739827
6.3122516
6.2498593
6.154846
6.172461
6.2049966
6.133519
6.286079
6.0728006
6.2016068
6.0909853
6.2716312
6.289965
6.429347
6.45747
6.5403323
6.4871645
6.574508
6.5283337
6.561848
6.557809
6.437062
6.2038856
6.3493695
6.2965374
6.467892
6.2136993
6.2675104
6.2263036
6.18197
6.1469436
6.273494
6.2092285
6.1736193
6.0680165
6.1024714
6.063626
6.052521
5.841837
5.795599
5.814105
5.7501163
6.008353
6.058869
6.1420455
6.2415266
6.260962
6.2423515
6.203864
6.329478
6.2878942
6.4488325
6.3456483
6.4169784
6.40646
6.3252163
6.4773397
6.179878
6.21412
6.1693273
6.0833073
6.035771
6.0167956
6.1649923
5.992348
6.057316
5.9230986
5.893332
5.9006033
5.8661003
5.877
5.687443
5.6407294
5.4817567
5.515603
5.295225
5.189287
5.2307134
5.031641
5.15351
5.045361
5.117674
5.1995897
5.379101
5.118777
5.4468102
5.4379964
5.534299
5.6028566
5.564526
5.482292
5.4541345
5.0484047
5.043785
4.893949
4.716096
4.961148
5.04926
5.0344033
5.285755
5.3483024
5.4635887
5.193571
5.792281
5.4256773
5.9512725
5.5687156
6.003499
5.9105825
5.7341647
5.3666663
5.1761665
5.0534286
5.2227607
5.41171
5.4039702
5.541998
5.738645
5.957073
6.0857563
6.1729603
6.1720085
6.0764403
6.094018
6.1703014
6.0909224
6.235987
6.4109497
6.3314247
6.15322
6.192898
6.1346297
6.2973533
6.33768
6.476301
6.534826
6.5011077
6.447291
6.4001493
6.3454323
6.3511
6.396047
6.3555303
6.3482237
6.365205
6.2785707
6.1124196
6.0991173
5.979706
6.0883584
6.1612916
6.314443
6.436267
6.446801
6.5396
6.570727
6.585924
6.678134
6.5777473
6.675157
6.5736127
6.617405
6.5249104
6.5329046
6.375599
6.2719593
6.147851
6.4049873
6.436956
6.6714535
6.628948
6.6628275
6.549654
6.479985
6.3667183
6.5270104
6.5437717
6.6442065
6.4733005
6.4711123
6.4213977
6.2979317
6.165526
5.8482075
5.9539075
6.0242734
6.23553
6.257877
6.2673006
6.3703427
6.270831
6.349851
6.211152
6.4034033
6.26692
6.353702
6.328816
6.385616
6.2590666
6.177477
6.1144724
6.017116
6.2034607
6.3135753
6.394596
6.5019264
6.5992355
6.7067966
6.9509916
6.896573
6.830459
6.6269817
6.5239787
6.7247434
6.675325
6.618795
6.540281
6.346872
6.2187576
6.22929
6.1162877
6.0829306
6.094529
6.357727
6.4562287
6.544747
6.52345
6.570971
6.514971
6.692859
6.596755
6.715142
6.794316
6.65579
6.6164494
6.549936
6.5618434
6.604345
6.763465
6.7612524
6.797735
6.882861
6.970142
6.9835877
6.9976883
6.9560437
6.9013247
6.84696
6.733693
6.645493
6.6722465
6.6284266
6.7398458
6.6545725
6.3572736
6.0734396
5.895489
5.941713
6.10746
6.260129
6.316947
6.51742
6.570372
6.704208
6.642494
6.702322
6.6261153
6.4956064
6.179157
6.4036536
6.051893
6.053129
6.178163
6.224852
6.2461753
6.3175125
6.2187405
6.391917
6.403423
6.3074713
6.4372683
6.783351
6.8056536
6.7655478
6.8550234
6.785002
6.755655
6.829477
6.7418633
6.8003235
6.6158695
6.5782604
6.4523106
6.462558
6.6034656
6.9158907
6.885747
7.2421684
7.018898
6.689192
6.350584
6.311146
6.316496
6.088335
6.2608423
6.380185
6.0762525
5.8780746
6.1346
6.26795
6.496168
6.674597
6.713729
6.7810845
6.8278294
6.8140965
6.854463
7.0736923
6.9039955
6.9006147
6.8636417
6.854224
6.52723
6.022789
5.9670324
5.9043674
5.796165
5.907453
5.576249
5.5409718
5.8006516
6.0383625
6.261439
6.6125216
6.7480874
6.599516
6.3433676
6.6389117
6.712613
6.84678
6.9097447
7.0189695
6.9022794
6.8304276
6.857683
6.736502
6.8812943
7.091782
7.444025
7.4300027
7.20288
7.3298955
7.323646
7.4198403
7.444064
7.524459
7.5435653
7.5440702
7.341217
7.335798
7.2321305
7.077031
7.1572456
7.2553067
7.107788
6.995901
6.870479
6.8887544
6.915931
6.9240847
6.8366566
6.766603
7.0093255
6.87786
6.5798573
6.61957
6.51684
6.6353483
6.3395057
6.3628383
6.355363
6.279131
6.1096797
6.180842
5.9726334
5.7426963
5.850672
5.48588
5.6830735
5.7623343
5.6633854
5.713475
5.8343678
6.0689974
6.009878
6.09867
6.3204494
6.2983956
6.117457
6.0768557
6.1179323
6.133093
5.8574505
5.7762575
5.505562
5.622994
5.5666327
5.6909804
5.8374486
5.9025984
6.106949
6.28474
6.316677
6.417053
6.552992
6.4476867
6.469795
6.470479
6.625588
6.751012
6.9383535
7.0397162
7.0741057
7.094202
7.126775
7.0652466
7.0356216
7.098751
7.1992445
7.2102127
7.334788
7.211331
7.24943
7.2554264
7.184869
6.954339
7.122211
7.1185064
7.051052
7.2193756
7.01837
6.8586383
6.948961
6.886073
7.157542
7.0599036
7.035393
6.736326
6.741923
6.991632
7.0261097
6.773905
6.689539
6.83254
6.7362995
7.062314
7.1119924
7.477824
7.4534206
7.205445
6.83716
6.8047624
6.780081
6.9232426
7.084943
7.087681
6.9416466
6.945022
7.0340714
6.9580884
6.901162
6.9437437
6.7404037
6.701133
7.0006013
6.888235
7.026254
7.27516
7.225609
7.138695
7.205304
7.1119666
7.000583
6.8313327
6.8096356
6.7935796
6.7834773
6.681808
6.4004264
6.3873644
6.560945
6.7525396
6.91748
7.3794827
7.3997884
7.1064906
6.656255
6.786887
6.8663464
7.0552735
6.9686937
7.03034
6.9982243
6.755204
6.6075845
6.345317
6.612852
6.155133
6.120505
6.1083784
6.19227
6.307959
6.0928416
6.6977963
6.4766607
6.5211897
6.2882633
6.5581107
6.3575664
6.2269793
6.1918683
6.3071747
6.3837223
6.177465
6.1575785
5.8247166
6.191314
6.4236608
6.5103703
7.146457
6.9066825
7.0606637
6.6333203
6.6759324
6.6082253
6.9647245
6.8374124
6.8931875
6.89497
6.9953704
6.651113
6.5388865
6.5491686
6.753593
6.404095
6.553668
6.7300854
6.8450785
6.760492
6.9694777
6.6788645
6.630412
6.449537
6.301468
6.201732
6.0901504
6.3562393
6.419943
6.5055118
6.217565
5.7977195
5.87228
6.117445
6.200526
6.47913
6.571596
6.779995
6.573117
6.280405
6.4329834
6.605366
6.687246
6.5900307
6.72144
6.7100673
6.6186533
6.435147
6.236684
6.263719
6.021353
6.242358
6.0676513
6.1952085
6.3730397
6.2929525
6.738301
6.4265585
6.4078956
6.372402
6.0278916
6.2725477
6.275801
6.1861277
6.1225014
6.1690636
5.9362645
5.8568497
5.7991877
5.9927487
6.240674
6.1057534
6.461994
6.550294
6.158453
6.3663445
6.362916
6.5386453
6.4633055
6.273654
6.5210814
6.45073
6.6526804
6.3435245
6.247731
6.0869727
6.01332
6.0374303
5.934314
6.097746
5.9042373
6.1214643
6.1333013
6.436158
6.5989532
6.314996
6.5188828
6.2507486
6.123804
6.1906204
6.356999
6.29854
6.20895
5.862335
5.557833
5.5619226
5.499057
5.727151
5.541099
6.140914
6.204144
6.239598
6.2079344
6.6466947
6.552405
6.4257884
6.5858526
6.385846
6.2859163
6.4444885
6.2132807
6.093024
6.0656357
6.1651034
6.1894693
6.2880645
6.3963337
6.3989434
6.3058786
6.4973545
6.21353
6.1146593
6.0595584
6.188368
6.3178034
6.195093
6.3695617
6.2071533
6.3756895
6.270839
6.163916
5.943282
5.9634223
5.812187
6.0994854
6.3548326
6.580815
6.3379526
6.1863127
6.7156487
6.6581354
6.696167
6.710323
6.6666007
6.8270135
6.6459355
6.6033835
6.5258107
6.1719217
6.4848037
6.532344
6.3937697
6.703351
6.9233007
6.608382
7.009122
6.8131995
6.72379
6.364044
6.7007966
6.5526066
6.621117
6.6350746
6.5273495
6.5521903
6.238318
6.1406584
5.945563
5.7754297
5.845947
5.8480353
5.751488
6.5469813
6.530957
6.14336
5.969968
6.453796
6.5730457
6.721656
6.586669
6.5921736
6.591589
6.570533
6.596952
6.4041114
6.373049
6.487446
6.700393
6.727791
6.759557
6.449425
6.915434
6.732975
6.6703234
6.705636
6.678159
6.49953
6.5416393
6.5214505
6.6911054
6.275751
6.498679
6.261611
6.045403
5.8827467
5.89431
5.9796667
5.776077
6.2443504
6.4159284
6.354865
6.143575
