10000
8.673185
8.520365
8.483442
8.58786
8.5177145
8.541437
8.608682
8.540183
8.565333
8.623673
8.6227045
8.639724
8.599836
8.726898
8.628068
8.673756
8.620041
8.605518
8.68622
8.729245
8.692422
8.7076025
8.673705
8.750478
8.661443
8.790031
8.6817045
8.760963
8.731801
8.727743
8.774385
8.7265005
8.632941
8.627196
8.602905
8.600972
8.570158
8.671744
8.570485
8.61491
8.488908
8.429537
8.441038
8.40162
8.319712
8.163047
7.985462
7.6871715
7.628478
7.6901383
7.4421525
7.529266
7.5210686
7.604951
7.5040207
7.418624
7.344344
7.4730825
7.544417
7.7073464
7.8277245
8.066329
7.930846
8.026828
7.9032536
7.7441816
7.2602625
6.8010454
6.8199725
6.448992
6.1448145
6.0004764
5.9432306
5.8893538
6.080543
6.0934258
5.9822264
5.720567
5.6940084
5.29606
4.9147854
4.732419
4.815487
4.860598
4.8232026
4.795799
4.809985
4.7933846
4.7795253
4.718262
4.7512975
4.8858514
4.82242
4.8716793
4.796134
4.888012
4.92687
2.4039614
2.4503906
2.4089193
2.4548388
2.3385525
2.2962968
2.3052738
2.38147
2.2254393
2.1396973
2.299998
2.3562095
2.8076158
2.9424458
3.023338
3.0766437
3.0119753
3.280462
3.2660172
3.5874093
3.7040277
3.7082314
3.7456694
3.7916734
4.1071296
4.015647
4.109346
4.1040597
4.161117
4.1921763
4.580635
4.6134744
4.6802545
4.757351
4.952281
5.0579634
5.0038834
5.0111866
4.8180017
4.5308585
4.2849207
4.1011057
4.2495804
4.539779
4.57559
4.521159
4.440139
4.545996
4.496071
4.5355225
4.3484607
4.3882256
4.44177
4.619659
4.6839075
4.5087647
4.5431404
4.605448
4.7924905
4.7286844
4.8856516
4.8103294
4.6848903
4.738782
4.7902255
4.971083
4.952954
4.8943667
4.810715
4.8992534
4.8926663
4.979784
4.7347717
4.8568463
4.7954683
4.744324
4.720687
4.647443
4.785694
4.7826633
4.6932597
4.793819
4.6568737
4.738411
4.5851803
4.385773
4.517627
4.334628
4.207505
4.0588217
4.1998625
4.138851
4.198432
4.1666565
4.317482
4.448044
4.4749036
4.5362587
4.7190514
4.8910155
5.0403104
4.9732995
4.969327
5.096906
5.1090026
5.1487465
5.0985775
5.148916
5.187992
5.1566286
5.090908
4.9800324
5.059403
4.787286
4.5572886
4.5628614
4.647422
4.8490987
5.0823236
4.43489
4.5845404
4.7232914
4.7521977
4.6017346
4.5904837
4.5392113
4.569372
4.4351497
4.4699874
4.470016
4.3489003
4.2784047
4.3624573
4.294556
4.306536
4.317763
4.2517023
4.3475404
4.339046
4.1420455
4.164448
4.190271
4.268581
4.091729
4.1530123
4.265117
4.179784
4.230717
4.3247476
4.3243947
4.257899
4.2734
4.8245726
6.1178274
6.1259184
6.177583
6.3363805
6.0650325
6.1856174
6.2933083
6.2821345
6.3145523
6.257397
6.3052793
6.4088373
6.425837
6.372172
6.374261
6.3850555
6.357632
6.407169
6.397161
6.364843
6.3351793
6.5639763
6.6142135
6.6644855
6.6446023
6.666857
6.6547546
6.5901346
6.6326036
6.614409
6.694564
6.7598734
6.7995605
6.750562
2.104613
4.147479
4.2507734
4.217174
4.198845
4.2376986
3.9853187
3.9766486
4.3687067
4.252501
4.292516
4.524068
5.28267
4.344077
4.40113
4.060311
4.06318
4.2013617
4.1720514
4.1923494
4.378206
4.3622537
4.4794574
4.4682665
4.444026
4.5645704
4.4865713
4.6044393
4.5350175
4.480396
4.6423187
4.496304
4.4410815
4.348141
4.249028
4.478376
4.416615
4.4595137
4.5430045
4.434408
4.652341
4.649393
4.531015
4.4230614
4.4826336
4.4222984
4.3738503
4.1512537
4.0913987
4.0298986
4.256913
4.2687263
4.101609
4.2872224
4.215118
4.251786
4.3469496
4.191162
4.248117
4.28316
4.3729205
4.6441207
4.4916897
4.6256495
4.6799154
4.707439
4.7617464
4.750455
4.6665273
4.8096247
4.758294
4.835621
4.8666
5.0293164
4.9778023
5.006178
4.797194
4.879986
4.7854347
4.712492
4.7105217
4.794489
4.841441
4.7155633
4.6375036
4.5908957
4.464755
4.48243
4.539423
4.577876
4.445885
4.320612
4.4649096
4.43878
4.477747
4.4413977
4.549558
4.503157
4.467643
4.6379466
4.502577
4.355824
4.4358764
3.4130747
3.4256217
3.7415566
3.753515
3.7964559
3.7114432
3.650584
3.5719194
3.6202457
3.514477
3.6154966
3.762338
3.8027425
3.7982876
3.965374
3.9923995
3.9322028
4.0256925
3.9443524
3.7311282
3.8421147
3.6957405
3.61794
3.4936383
3.5101945
3.6975842
3.6099212
3.7681966
3.5038142
3.9830885
3.8572767
3.8815687
3.4396055
2.1766322
3.8980784
3.914274
3.5381713
3.6823757
4.474718
5.075027
4.912997
5.026934
4.908457
4.8695707
4.9041853
4.937119
4.763772
4.8698554
4.627082
4.708894
4.6739974
4.713705
4.57474
4.6847134
4.566897
4.618863
4.445018
4.502754
4.5061355
4.5004263
4.515006
4.476349
4.5019307
4.3751493
4.487341
4.366501
4.3668113
4.464004
4.609323
4.700493
4.492016
4.533038
4.645154
4.7652035
4.618437
4.4359903
4.5202813
4.6353164
4.498392
4.7580967
4.801116
4.9142528
4.751303
4.741014
4.7078295
4.861267
4.9941506
4.7733107
4.8584986
5.1096425
5.121696
4.9888544
5.034886
4.9043226
4.6701317
4.5459795
4.45087
4.6541567
4.6604595
4.582366
4.553315
4.4168735
4.5275784
4.3410482
4.212053
4.3101864
4.3895254
4.343668
4.4289045
4.442354
4.263501
4.2420564
4.208275
4.374981
4.15994
4.1484838
4.0717115
4.0449286
3.7279854
3.8723655
3.8014603
3.8037357
4.1920533
4.5316396
4.506668
4.573823
4.383554
4.519508
4.5301356
4.443923
4.3789253
4.224172
4.1840343
4.087612
4.238905
4.260559
4.1949434
4.2843843
4.0907197
4.14408
4.146684
4.235862
3.5881977
6.7892346
7.048437
7.147424
7.062468
7.1708336
7.0373373
7.245716
7.194815
7.1902575
7.2585917
7.1142206
7.17038
7.0715847
7.1410236
7.15126
7.071877
7.0584292
7.1564603
7.124176
7.066898
7.19248
7.032261
7.05399
7.055815
7.1085434
6.960886
7.0862684
7.000105
7.1110697
7.1515675
7.1889906
7.1091967
6.9456434
7.0039473
6.644886
6.536421
6.485299
6.29256
6.3377643
6.318643
5.97561
5.7821436
5.7849784
5.8543115
5.8114166
5.834523
5.771923
5.6379223
5.609036
5.6877823
5.2417693
5.076479
4.831362
4.8354635
4.6900606
4.552554
4.754631
4.933294
4.86702
4.824191
4.8181286
4.8234606
4.6566725
4.7077436
4.68336
4.6064024
4.620655
4.4345493
4.487838
4.367307
4.1848598
3.9035497
3.742209
3.806449
3.751174
3.8224015
3.8134227
3.6643248
3.690682
3.7176437
3.6106615
3.7532809
3.8551364
3.801624
3.8564162
4.026866
4.318676
4.4811444
4.50408
4.6129327
4.630556
4.369642
4.342265
4.4622617
4.3600044
4.262132
4.277448
4.2175775
4.1074696
4.1261835
4.155855
4.0483837
3.892479
3.8871455
3.7973557
3.5250733
3.5339735
3.7152898
3.5883632
3.6041238
3.7258792
3.5340776
3.5587287
3.568308
3.5160139
3.4946241
3.236097
3.3339794
3.3414016
3.3992696
3.490274
3.552485
3.6420848
3.7689228
4.007589
4.0194354
4.069083
4.20845
4.128142
4.127869
3.9924457
4.099236
4.128387
3.959975
3.979807
4.0881886
4.3050694
4.2793727
4.401189
4.3890343
4.6178303
4.849507
4.816893
5.0966015
5.2406487
5.329565
5.3675327
5.2677402
5.3301325
5.1326704
4.8780217
4.785024
4.691282
4.735257
4.561488
4.5948486
4.540805
4.4878407
4.544546
4.3364854
4.2968283
4.44465
4.5483193
4.620048
4.7882395
4.934015
4.9504695
4.921714
4.991425
4.845517
4.957851
4.6875567
4.8075027
4.7444654
4.783798
4.680226
4.476445
4.4685435
4.240776
3.9773092
3.7625217
3.9065938
3.9630313
4.2052536
4.1795206
4.147382
4.0912476
3.9888668
3.8715127
3.6199656
3.3364685
3.2458193
3.272177
3.357065
3.305593
3.4750986
3.5773225
3.6972983
3.8652432
3.926878
4.180416
4.3691454
4.2328687
4.359146
4.4824657
4.524999
4.6185846
4.6384387
4.605967
4.7671747
4.834318
4.8782783
4.8114076
5.076915
5.0992637
5.163875
5.2881374
5.2474666
5.3654747
5.457612
5.420613
5.4397807
5.37201
5.4486113
5.4378257
5.237515
5.269215
5.3306236
5.518395
5.3281865
5.074068
5.1259365
4.983102
4.846308
4.486766
3.488947
3.4642587
3.0926266
3.06538
3.0798488
3.118368
3.096218
3.1748056
3.0729518
3.0517707
3.1809757
3.1679044
3.2489061
3.2095845
3.28962
3.1553464
3.2541776
3.3351803
3.236683
3.2076173
3.2442589
3.351899
3.3664484
3.325088
3.3349106
3.40877
3.3281682
3.4258132
3.3608809
3.4229026
3.3854365
3.5238583
3.474858
3.4768386
3.379053
3.33768
3.3343863
3.2940893
3.3878827
3.3354564
3.3285704
3.294045
3.3517973
3.3101335
3.2401514
3.2498572
3.2694821
3.1471355
3.158267
3.108952
3.0643492
3.0999732
2.9707143
3.023206
3.0545857
3.0312386
3.068431
3.0352707
3.0628905
3.0701628
2.9614596
2.9994614
3.0083137
3.0363345
3.0621538
3.6337128
3.5772762
3.4935648
3.7679546
4.0466175
4.0865135
4.142482
3.8635252
4.273578
4.4362144
4.6226907
4.5902333
4.712309
4.5840745
4.44236
4.148247
4.0550394
3.942899
3.8695745
3.7703419
3.9924872
3.9534833
4.016053
4.0198274
3.9797406
4.0219817
3.9157038
3.9180064
3.8250797
3.9350238
3.9519162
3.9113755
3.9424725
4.0944514
3.9750345
3.8583453
3.811651
3.7597377
3.9654968
4.326627
4.09709
3.632758
3.630008
4.0774236
4.0900784
3.8965127
3.952957
3.9275386
3.759209
3.7440524
3.5042312
3.473096
3.5275316
3.2531266
3.4334176
3.4385169
3.5156002
3.5376918
3.4823
3.5705364
3.480282
3.2694397
3.3839154
3.354055
3.2205515
2.965186
2.9667678
3.0631037
2.8665376
3.3619301
3.6188593
3.629407
3.3854656
3.2880225
3.3322425
3.3680084
3.533772
3.4717343
3.4100196
3.5480447
3.7107017
3.4401233
3.430734
3.5063465
3.6846952
3.5806112
3.6607745
3.638521
3.6334665
3.7192307
3.9215462
3.7615721
3.863112
3.725895
3.6539226
3.5926566
3.3714175
3.6295161
3.6278284
3.595845
3.4885383
3.5537329
3.6720433
3.5385828
3.7922552
4.0163307
4.0912633
4.184936
4.2917686
4.5344067
4.4583793
4.275658
4.279753
3.9367182
3.6036277
3.5775638
3.6231434
3.7275121
3.555436
3.4866424
3.4910152
3.935348
4.0334387
4.1763167
4.037579
4.1268315
4.0836062
4.1376643
4.1039457
4.2010655
4.073814
4.2990885
4.1127405
4.1065216
4.124708
4.0148134
4.0664163
4.201725
4.2994366
4.099273
4.0246077
4.107514
4.0195413
4.064919
4.1164966
4.1082535
4.231551
4.128229
4.100083
4.2414503
4.086893
4.0731897
4.1099877
4.106573
4.230344
4.0820518
4.163783
4.0839972
4.202918
4.269983
4.17048
4.1574917
4.1751733
4.153615
4.1298394
4.005762
3.7202764
3.5649853
3.6029544
3.549881
3.8244638
3.6976156
3.7680972
3.729939
3.7849512
4.0315394
4.10194
4.271465
3.764285
3.9541016
4.5285597
4.570184
4.6855226
4.603464
4.6835465
4.616981
4.6024547
4.569443
4.6147428
4.5777597
4.4994264
4.5585446
4.4529085
4.652719
4.6172256
4.6630344
4.579426
4.598718
4.562677
4.640165
4.6450024
4.532814
4.473025
4.586118
4.5930653
4.7196455
4.4911566
4.4968305
5.9283257
6.474619
6.56127
6.5088997
6.288403
6.2389927
6.3781414
6.321144
6.389886
6.4166627
6.3108597
6.3715916
6.3561063
6.273374
6.307633
6.186988
6.137232
5.976987
5.758958
5.627998
5.349967
4.9603567
4.51555
4.1323123
4.1324024
4.141371
4.108342
3.8895295
3.8335357
3.7661374
3.9022593
3.8787427
3.955927
4.5251384
4.470749
4.673316
4.9390697
4.9401035
5.075557
5.0280914
5.5638466
5.5671377
5.822591
5.991208
5.9219885
6.097031
6.2855663
6.3481884
6.27805
6.300672
6.4300966
6.5145884
6.473127
6.291741
6.2533836
6.2695084
6.2506065
6.1407022
5.9207487
6.014535
5.990285
5.997799
5.9087396
5.829764
5.8714013
5.848481
5.804711
5.8160024
5.8577604
5.865933
5.864525
5.8504095
5.8882375
5.8832846
5.7559566
5.868661
5.8960752
5.9258833
5.8481917
5.8549857
5.771825
5.664018
5.5618796
5.540433
5.5627565
5.5397024
5.3171144
5.1925917
5.118509
5.1583924
5.0266414
5.0403614
5.1255455
5.036717
5.030853
5.0275555
5.041155
5.02415
5.0329757
4.989019
4.958127
4.9533114
5.020018
5.0588584
5.100763
5.1507587
5.3524904
5.283263
5.405835
5.476753
5.4473615
5.4962616
5.5934033
5.71839
5.7673554
5.901481
6.056164
6.0663314
6.0831194
6.035663
6.100816
6.0948195
6.1018443
6.1681476
6.106711
6.173547
6.0663314
5.9579654
6.0646915
5.9804335
5.9781303
6.048917
6.0492954
6.09495
5.9300394
6.1705484
6.099262
5.9790497
5.929917
5.9625416
5.905569
5.8120046
5.87253
5.9185414
5.92909
5.8065224
5.882014
5.784232
5.819644
5.8584914
5.8025875
5.821835
5.7315187
5.9534817
5.931879
5.951169
5.9939013
5.936577
6.1398735
6.0902166
6.0911202
6.1599555
6.164028
6.114197
6.1242785
6.2056956
6.1559687
6.2029934
6.041897
6.1156693
5.8832164
5.955765
5.9402275
5.9917493
5.869217
5.84174
6.0125785
5.9607677
5.9557333
5.8332963
5.915009
5.956572
6.0484715
6.088676
5.981228
6.177386
6.1139603
6.0149565
6.0370307
6.097826
6.114809
6.2576666
6.1080627
6.254407
6.1276464
6.259972
6.099006
6.122871
6.1126237
6.1605263
6.0802627
6.122147
6.064321
6.0477715
6.02948
5.994741
6.055762
5.9566708
5.930835
6.0199285
5.966065
6.002137
5.9746456
5.953633
5.9257207
5.824072
5.894813
5.80882
5.723682
5.733945
5.650493
5.74474
5.8012986
5.817054
5.8198247
5.8137164
5.926312
5.846794
5.945673
5.8607044
5.9286704
5.753139
5.9240246
5.849583
5.905782
5.8900137
5.8615775
5.913805
5.9006515
5.868613
5.845392
5.993044
6.128124
5.9986925
6.0416327
6.02538
6.061393
6.1274743
5.969184
5.957753
5.9915056
6.0554376
6.2500763
6.1524487
6.1764708
6.1505985
6.0637636
6.2081547
6.245305
6.253678
6.269027
6.106566
6.0650268
6.0047174
6.083537
5.915641
6.081883
5.9021773
5.8465405
5.9952106
5.884603
6.085459
5.7399993
5.895851
5.824373
5.865421
5.7419367
5.9568143
5.965678
6.195978
6.022935
5.9757347
6.185501
6.0620556
6.053413
6.024945
5.9533453
6.0480704
6.082088
5.98685
6.1943364
6.025992
6.005177
6.127065
6.00624
6.074601
5.951412
5.926485
6.00949
5.9906836
6.073534
5.938002
5.978875
6.131691
6.0415115
6.1057353
6.133181
6.0702944
6.160114
6.1570854
6.173953
6.084215
6.121056
6.148694
6.240441
6.0971265
6.061704
6.0733128
6.070764
6.1645
6.092422
6.1818542
6.1439424
6.1720943
6.1773686
6.1695566
6.0120044
6.065133
5.909396
5.8773875
6.056176
5.9277415
5.8348837
5.9207497
5.9102683
5.9871945
5.9817686
5.967019
5.823075
5.7874002
5.672832
5.6185327
5.551775
5.629828
5.6104465
5.4264083
5.4880385
5.587172
5.734917
5.749896
5.812546
5.9597588
5.8191247
5.6952257
5.7392573
5.773969
5.8663435
6.0192904
6.1832952
6.22417
6.1930904
6.1331687
6.109191
6.025118
6.0413485
5.9051404
5.9090776
5.896975
6.1655135
6.057304
6.2165403
6.1916404
6.1596394
6.0833735
6.065999
6.042672
5.995364
6.0497017
6.1728916
5.990588
5.91822
5.5699577
5.6384535
5.5241203
5.469963
5.463442
5.467133
5.4863853
5.47561
5.5033197
5.575421
5.5935607
5.9261866
6.1884484
6.3299637
6.1290407
6.136426
6.0941787
6.2530437
6.0163593
5.9748554
6.0421357
6.074959
6.4149103
6.4683294
6.386285
6.42918
6.4373736
6.410514
6.386162
6.4261417
6.2121396
6.1900287
6.1867414
6.2065496
6.1805987
6.3262525
5.796377
5.7373185
5.6658444
5.6469088
5.6510715
5.6831255
5.8389845
5.924672
6.16991
5.9117384
5.907343
5.761112
5.8433375
6.074402
5.8902216
5.767909
5.8654146
5.9242787
6.2024794
6.4504857
6.1970315
6.18266
6.072466
5.8981934
5.57074
5.3153224
5.19359
5.2050853
5.2000484
5.191466
5.2965984
5.492361
5.517323
5.7124667
5.886278
5.552255
5.1490855
5.1788306
5.328517
5.461824
5.264098
5.2408657
5.35119
5.241273
5.486242
5.60963
5.6366987
5.6900115
5.8192163
5.7684627
5.617386
5.647529
5.5616646
5.473674
5.5558653
5.5361414
5.484022
5.5985937
5.5712695
5.6959743
5.7281528
5.822934
5.8966746
5.829987
5.9458456
5.8952465
5.638877
5.537844
5.25479
5.263322
5.218091
5.2283134
5.169566
5.31334
5.255251
5.3631325
5.320902
5.2745137
5.311639
5.4138517
5.3514676
5.1348805
5.201498
5.1036544
5.0610356
3.8507657
3.8771474
3.959428
3.7937815
3.8794606
4.0371904
3.9263747
3.8551583
3.8679724
3.8905528
3.9326437
3.9023247
3.954925
3.8497708
3.7190561
3.485715
3.585366
3.5353081
3.4247284
3.3916433
3.422439
3.548956
3.5478659
3.6663742
3.9063735
4.0052376
4.3821893
4.4358025
4.1518126
4.0706997
3.2772312
3.418706
3.3439314
3.4569676
3.6297226
3.5578785
3.6545556
3.664475
3.4776614
3.655732
3.780949
4.022578
4.095727
4.099407
4.0918293
3.9739466
3.8397732
3.8410249
3.9918866
4.0310574
4.0736656
4.0785737
4.127272
4.314907
4.072491
4.039228
4.1029067
4.0822377
4.256253
4.1731963
4.2358737
4.187945
4.2486925
4.226926
4.2780466
4.255854
4.2453055
4.2462893
4.1603413
4.258198
4.165963
4.3117304
4.1722717
4.274274
4.1570287
4.268203
4.154779
4.2606688
4.1603713
4.267249
4.1887856
4.3085165
4.1703167
4.269058
4.1756754
4.3079824
4.1849003
4.3230066
4.273868
4.3263025
4.2025843
4.2659626
4.2538586
4.275993
4.2653956
4.267743
4.261263
4.2356434
4.2488604
4.2534876
4.3085427
4.239885
4.2785177
4.239589
4.274201
4.217163
4.28106
4.2059765
4.2462544
4.2227554
4.2737107
4.1923633
4.267171
4.158889
4.2498455
4.2138295
4.284301
4.225863
4.1685147
4.2363067
4.2417097
4.2396264
4.2928905
4.2571726
4.3072844
4.3086386
4.3119235
4.3169765
4.339121
4.3393526
4.23799
4.284195
4.2359204
4.2906685
4.2571654
4.298698
4.257589
4.2998548
4.248537
4.2711983
4.256177
4.301323
4.2389297
4.317996
4.258771
4.3467126
4.2358975
4.3377852
4.366729
4.3122244
4.3470874
4.328366
4.3632793
4.337341
3.8433487
4.174679
5.0610533
4.859507
4.760045
4.7177277
4.842071
4.8213553
4.894449
4.9386973
5.2173977
5.185627
5.3933744
5.346075
5.4541073
5.4086804
5.5368237
5.4043283
5.5514836
5.3267965
5.574822
5.3838763
5.5190005
5.2739873
5.343608
5.5813475
5.3815036
5.408531
5.406838
5.3917265
5.2556243
5.4440827
5.473307
5.507885
5.589209
5.6552014
5.684726
5.7015457
5.8964
5.8934402
5.9065886
5.8904443
5.9023
5.870561
5.9205832
5.819935
5.906782
5.8684573
5.8377
5.824462
5.8612537
5.8621407
5.896018
5.8089504
6.0313272
5.897432
6.0559263
6.005491
5.964426
5.976132
5.985607
6.0463057
5.9966726
6.0077643
6.0124626
5.997532
6.067031
5.9209456
6.111031
6.0739565
6.090206
6.283503
6.174179
6.1991806
6.190686
6.2548513
6.27597
6.2914286
6.3635607
6.2544484
6.2913313
6.339161
6.232033
6.257504
6.273369
6.2624683
6.2270117
6.2696815
6.1724024
6.279389
6.29821
6.1876874
6.1891356
6.1313553
6.112807
6.1817083
6.1222067
6.074636
6.1078234
5.98652
6.0657053
6.0525556
6.0924892
6.0567207
6.2077875
6.163074
6.1425657
6.087015
6.058894
5.874077
5.8602057
5.7963824
5.8275604
5.885722
5.704837
5.868701
5.8518763
5.752462
5.9724507
5.593525
5.4701934
5.212272
5.3853397
5.2310166
5.476111
5.5193067
5.5702314
5.547243
5.6093245
5.4279127
5.2740006
5.6758666
5.5789127
5.5868673
5.432565
5.672598
5.780696
5.7076507
5.9324055
6.1403904
6.2085476
6.2628217
6.2360954
6.186122
6.1380777
6.107746
6.134622
6.0735664
3.98466
4.079818
3.931796
4.037911
4.0311213
3.8971708
4.156653
4.042148
4.172074
4.2318797
4.246436
4.048137
4.363066
4.405327
4.4810286
4.4828777
4.4954095
4.5271463
4.5481606
4.4806495
4.659171
4.7565684
4.772416
4.815358
4.7472987
4.8726306
4.9500995
5.026095
5.176502
5.027094
5.0910645
5.203385
5.175927
5.25838
5.2520714
5.384764
5.4051523
5.390942
5.3615503
5.3991
5.305334
5.378769
5.531059
5.4115987
5.4704533
5.4695306
5.526002
5.3862743
5.3778872
5.2928267
5.377741
5.4066267
5.4118743
5.4477572
5.428294
5.484653
5.47306
5.4740925
5.487837
5.3590493
5.3621707
5.40714
5.4003963
5.437457
5.41895
5.450722
5.345073
5.3370624
5.2966037
5.2731075
5.2269874
5.280733
5.3429494
5.3283935
5.3621745
5.274675
5.253803
5.3281226
5.3909135
5.3437104
5.272271
5.1621604
5.158071
5.1301823
5.179057
5.200019
5.009672
5.07669
5.0180545
4.958901
5.0290904
5.050111
4.9618306
4.8977923
4.9415774
4.9072824
4.950337
4.898266
4.991923
4.9788437
5.0293746
5.042921
5.093996
5.225248
5.134687
5.0858173
5.008396
5.1553116
5.0494623
4.9331236
5.105629
5.295576
5.4067335
5.3020997
5.315675
5.2039022
5.2830415
5.316515
5.4569983
5.424938
5.4880295
5.409406
5.588871
5.5319777
5.585606
5.749311
5.7769003
5.712951
5.7489696
5.703103
5.8449473
5.5563993
5.4923944
5.6056323
5.5316563
5.816198
5.7849493
5.7171044
5.697244
5.6647835
5.7430534
5.6512737
5.7533164
5.6898875
5.6718106
5.5814543
5.6699944
5.6215844
5.768441
5.7004905
5.6520295
5.68826
5.7330403
5.598985
5.6310616
5.5373354
5.6170154
5.71233
5.5560093
5.6081614
5.609531
5.6531496
5.6163573
5.6745625
5.6123805
5.559802
5.660536
5.7311177
5.683844
5.7073298
5.6219482
2.3234055
2.4893851
2.4624436
2.6986642
2.3491597
2.354247
2.5044096
2.5697024
2.5163147
2.4983613
2.658966
2.455917
2.385713
2.4277308
2.4182756
2.3467245
2.4032762
2.422071
2.3365977
2.337959
2.354673
2.357984
2.405552
2.3065357
2.3371053
2.2794797
2.2537475
2.1471627
2.3460398
2.3720412
2.2600543
2.2896168
2.306448
2.3921525
2.430444
2.4159179
2.3875964
2.374402
2.3289235
2.3650281
2.2983472
2.508898
2.4524603
2.4927022
2.3966641
2.60701
2.5070107
2.629583
2.5978107
2.6031346
2.900485
3.0575674
2.9260302
2.9975808
3.2297945
3.58047
3.805214
4.037339
3.8010824
4.500466
4.946534
4.940613
4.9987946
5.0363765
5.088263
5.335905
5.376303
5.5281506
5.525529
5.612604
5.764659
5.5522776
5.527387
5.601723
5.7199235
4.673845
4.7873216
4.7123547
4.803662
4.9321613
4.8969693
4.962745
5.0040903
4.987963
5.1327634
5.15655
5.3607388
5.435709
5.5443234
5.4572997
5.5030055
5.5434813
5.6839266
5.5472493
5.6438875
5.5858316
5.7723904
5.9488873
6.028912
6.209529
6.358281
6.2778835
6.1777935
6.195609
6.096305
5.9922056
5.95336
5.8678246
5.870705
5.8684673
5.863203
5.7596483
5.760217
5.8355045
5.8438187
5.825046
5.827952
5.941004
5.817072
5.7902884
5.8327074
5.7588205
5.751809
5.7235713
5.629478
5.648561
5.4916577
5.433798
5.278938
5.2209244
5.100312
5.0426083
5.0404453
5.2106986
5.020793
5.0686703
5.1611395
5.1683893
5.087624
5.161913
5.056402
5.079709
4.977723
4.882871
5.028731
4.981391
5.0467334
5.065547
5.054389
5.009196
5.051261
5.083749
5.0569844
5.0542846
5.073969
4.9989038
5.1693735
5.130828
5.134333
5.1059575
5.2182536
5.253874
5.2566466
5.283246
5.2683535
5.338711
5.2419314
5.1744947
5.156435
5.151091
5.2506046
5.279401
5.288147
5.217728
5.2278256
5.25936
5.222597
5.3236203
5.2960224
5.371943
5.259825
5.3091664
5.27827
5.2708607
5.248433
5.2396317
5.3096395
5.304942
5.3558483
5.3034945
5.336879
5.414115
5.462468
5.373434
5.445385
5.4943194
5.4764028
5.449961
5.418163
5.473401
5.4966288
5.3924866
5.434453
5.4318814
5.5143156
5.4545174
5.515066
5.4965143
5.502047
5.496288
5.551107
5.5212073
5.5774574
5.5654173
5.6145573
5.608172
5.590879
5.615897
5.6135488
5.672241
5.7119293
5.784577
5.6903605
5.7750835
5.633773
5.6154423
5.6250772
5.675562
5.6464305
5.67683
5.7176237
5.660974
5.6786375
5.6670465
5.6229506
5.7463737
5.7724633
5.793644
5.7509766
5.8116693
5.775953
5.794032
5.654288
5.5665956
5.584198
5.3534765
5.3715725
5.435429
5.337372
5.435702
5.221523
5.224558
5.2299643
5.319735
5.324757
5.2225413
5.1669397
5.2390456
5.2095017
5.251217
5.269659
5.143097
5.2426214
5.255348
5.236391
5.137475
5.177974
5.0234556
5.1339097
5.0616236
5.157676
5.188204
5.201262
5.341421
5.181358
5.355936
5.3667297
5.3841496
5.390724
5.4027166
5.422607
5.360703
5.441133
5.385393
5.4176974
5.3835545
5.3933306
5.3775244
5.500804
5.421275
5.461566
5.359734
5.3705306
5.2651544
5.3505235
5.279613
5.189644
5.2360487
5.085638
5.2158194
5.201522
5.2247267
5.0789547
5.1604013
5.2423697
5.1944666
5.060794
5.15905
5.120148
5.127201
5.0860868
5.1772585
5.29764
5.229827
5.149413
5.0625744
5.1714225
5.170454
5.120417
5.1774645
5.329774
5.3425574
5.3436666
5.471163
5.5179377
5.6947193
5.6825814
5.762001
5.9008565
5.9616218
5.9708805
5.9856486
5.950849
5.956972
5.9453387
6.0070066
6.0216475
5.9900017
5.9964623
6.0189643
6.0132794
6.1301413
6.1945543
6.2763834
6.2912107
6.223468
6.2199287
6.2103543
6.2668667
6.2707725
6.368274
6.3003683
6.2238655
6.3084865
6.1511416
6.2360845
6.160179
6.179112
6.205698
6.171673
6.146197
6.1861844
6.179393
6.204485
6.25934
6.1887245
6.219493
6.1967993
6.157018
6.2028275
6.251398
6.2052755
6.2229214
6.172727
6.1618514
6.2409964
6.126735
6.176146
6.15166
6.186778
6.168717
6.124082
6.1102805
6.127646
6.1193047
6.114171
6.025421
6.0919056
6.091783
6.0910263
6.086828
6.069509
6.057275
6.0329146
6.0098248
5.9654965
5.8968005
5.89311
5.9379168
5.907982
5.981794
5.988131
6.0527563
6.0322976
6.111898
6.138274
6.1437526
5.9167094
5.8611646
5.7585363
5.729391
5.565441
5.443963
5.414538
5.081265
5.0585713
5.040274
4.965764
4.971045
4.9871974
4.800491
4.901965
4.8800154
4.84156
4.945854
4.8866677
4.708784
4.698034
4.7923536
4.7506256
4.7335124
4.7424407
4.8166375
4.746214
4.8796196
4.798864
4.9229407
4.9102435
4.958533
4.8730955
4.8497934
4.8528204
4.887404
4.845863
4.9401984
4.9595175
4.9590163
5.006137
4.945747
5.0257134
4.97779
4.9768157
4.9583035
4.925384
4.9698772
4.925086
4.971062
4.9459114
4.969288
4.983714
4.967521
5.0061975
5.016245
5.010046
5.0432477
4.998309
4.99586
4.997578
5.0442286
5.011615
5.006832
4.997536
4.999185
5.0210896
5.0122056
4.974202
5.0204268
5.0431495
5.0217924
5.0230117
5.0119
5.001349
4.99937
5.000951
4.9897366
4.9789095
4.9411616
4.9437394
4.962272
4.9722257
4.933228
4.891515
4.904824
4.9623613
4.9281635
4.9637723
4.916679
4.9336815
4.903334
4.8693557
4.9131265
4.8978024
4.8656898
4.923782
4.891806
5.000724
5.1148577
5.258454
5.21357
5.2724924
5.33329
5.280752
5.2047205
5.197722
5.129537
5.084209
5.1257753
5.199296
5.1275797
5.244029
5.165825
5.2360353
5.201445
5.1654606
5.1479235
5.2365146
6.392971
6.385187
6.4589896
6.348875
6.2496758
6.207389
6.191999
6.1692543
6.209409
6.048725
6.0915027
5.997627
6.0657935
5.991161
5.968356
5.9776745
5.918217
5.9295063
5.9408355
5.9367504
5.8617983
5.890089
5.870691
5.8527756
5.889532
5.964292
5.9631233
5.872822
5.9679675
5.9154716
5.91018
5.846092
5.8904715
5.8854923
5.8694487
5.9126296
5.898341
5.9070015
5.9207664
5.905522
5.8907332
5.8786173
5.873885
5.8980613
5.910163
5.9382
4.9604435
5.0170517
4.918205
4.969661
5.0445333
5.020017
5.061875
5.152128
5.013521
5.220995
5.063468
5.1939726
5.08642
5.2643394
5.0445614
5.282475
5.097163
5.256689
5.0552077
5.2661877
5.091375
5.2500553
5.116638
5.33208
5.1713915
5.315196
5.1257133
5.3424873
5.151553
5.3278055
5.0545783
5.280862
5.1760073
5.2705297
5.137202
5.2555647
5.1374116
5.276763
5.1279497
5.332005
5.1359196
5.329667
5.126852
5.3138065
5.138604
5.2631335
5.145328
5.2696295
5.0742397
5.291425
5.13657
5.327443
5.110177
5.3062882
5.105889
5.289399
5.0999856
5.309196
5.101859
5.3341255
5.150859
5.358202
5.196455
5.34785
5.1742463
5.380102
5.1900024
5.3455896
5.2240367
5.347186
5.2052727
5.35617
5.2757845
5.266663
5.2816486
5.352732
5.31209
5.364077
5.295458
5.2058835
5.251701
5.1819954
5.163204
5.202965
5.135267
5.217333
5.1393147
5.2142043
5.12544
5.2881136
5.1247034
5.2478433
5.105649
5.3227935
5.1399474
5.316527
5.1986074
5.2624316
5.1980205
5.3049684
5.1944118
5.3210936
5.233382
5.3340054
5.2330494
5.261951
5.2079916
5.306812
5.1851916
5.3174806
5.23077
5.3176427
5.2440677
5.2283278
5.2285304
5.3039894
5.180009
5.201245
5.2224283
5.2042136
5.1888223
5.2814317
5.1882987
5.2567296
5.155255
5.2409053
5.1711316
5.2401876
5.193088
5.2249117
5.1935525
5.2305737
5.1189256
5.220314
5.1242595
5.1032844
5.1110086
5.176937
5.1537986
5.159464
5.134428
5.1590214
5.114612
5.133399
5.112178
5.1575484
5.081156
5.1363115
5.112704
5.168531
5.073168
5.15991
5.169102
5.216027
5.1815453
5.231711
5.1495504
5.1850553
5.142765
5.246793
5.1741753
5.2071466
5.2052665
5.218283
5.1956573
5.1581097
5.2314873
5.1861186
5.219883
5.166655
5.1838746
5.1443815
5.203996
5.1455264
5.170869
5.1629624
5.1609316
5.106246
5.132794
5.15744
5.085705
5.1663294
5.1269717
5.1874247
5.068872
5.23214
5.077938
5.1955624
5.071103
5.1795363
5.093825
5.131282
5.1128173
5.12244
5.0918756
5.1339054
5.0876403
5.1971
5.0930805
5.1772137
5.1712837
5.1966424
5.169623
5.169629
5.20034
5.1613507
5.157248
5.1769886
5.103072
5.185195
5.1956096
5.2309365
5.2027454
5.2457447
5.22729
5.266681
5.216881
5.8911486
6.0475426
6.056266
5.8577476
5.9856744
5.8751874
5.981308
5.9395247
6.0088167
5.895094
6.0492167
5.9392967
6.056576
5.945502
6.05587
5.9204717
6.0498686
5.9427795
6.06707
5.938928
6.0186806
5.9251494
6.023954
5.8713655
6.004267
4.8213987
4.5794673
4.6256275
4.6193156
4.6335835
4.5881677
4.60235
4.7189946
4.650964
4.68541
4.625224
4.640024
4.632534
4.6119137
4.606674
4.597839
4.601156
4.7111797
4.5935135
4.5974
4.5950418
4.5527687
4.5993853
4.61137
4.6739655
4.599678
4.6073723
4.5757313
4.594819
4.578984
4.6195507
4.6217422
4.5761805
4.6400514
4.563309
4.567642
4.5708127
4.559116
4.581751
4.529041
4.5911465
4.519519
4.5105076
4.529845
4.5046244
4.508606
4.419368
4.449731
4.406252
4.4930434
4.311721
4.46402
4.345124
4.4737763
4.330679
4.3751206
4.3119383
4.296543
4.3567953
4.245746
4.3749223
4.1062326
4.239573
4.2164993
4.124049
4.0257897
4.1752634
4.1625786
4.2278886
4.1787834
4.2076674
4.3149524
4.316994
4.3591013
4.4291954
4.527917
4.6346736
4.69163
4.6420994
4.695903
4.623143
4.6882205
4.591494
4.649689
4.739289
4.7928634
4.9855523
5.0018377
4.9703035
5.073517
5.2073774
5.133972
5.218701
5.1502857
5.213673
5.188577
5.4097114
5.361729
5.4596972
5.509223
5.5598526
5.589607
5.6080236
5.5978065
5.5675936
5.7320757
5.6169844
5.651472
5.6701965
5.661252
5.6460457
5.7078676
5.704777
5.733372
5.7317104
5.7437944
5.8395343
5.746868
5.826766
5.8126383
5.892893
5.8296204
5.8486166
5.8106685
5.8478084
5.8376145
5.8603115
5.8758802
5.9064517
5.8838415
5.9118457
5.9431105
5.975018
5.9075055
5.9798594
5.9289494
6.0861187
5.9644856
6.0900683
6.037236
6.17198
6.044455
6.157341
6.1044044
6.1236796
6.1507654
6.214305
6.090926
6.1402025
6.1870975
6.2018223
6.1851606
6.129657
6.1320953
6.079921
6.0821424
6.0344987
6.067747
5.936508
5.8839192
5.7428007
5.7351685
5.6570024
5.6266036
5.542638
5.496696
5.4179344
5.5246053
5.535383
5.5113335
5.6133375
5.581144
5.6475916
5.5954437
5.5695806
5.558031
5.6960573
5.5872684
5.698223
5.6054835
5.735757
5.5929985
5.6118145
5.590313
5.636259
5.5555224
5.635994
5.5893655
5.6662097
5.5724974
5.635635
5.5573316
5.641428
5.6522374
5.6016436
5.6171007
5.509612
5.610171
5.539721
5.531173
5.518912
5.499009
5.565308
5.473466
5.406632
5.5168986
5.453867
5.4454412
5.3770785
5.4199963
5.408136
5.3691297
5.402793
5.3541527
5.410278
5.399262
5.397976
5.376683
5.379396
5.3913803
5.410108
5.417589
5.397284
5.314228
5.324597
5.298744
5.2725935
5.245494
5.236888
5.2275276
5.24595
5.205128
5.1036024
4.985125
5.112969
5.089004
4.96366
4.926465
5.100241
4.8829117
4.9409723
4.936231
4.8612285
5.0433908
4.9039426
5.015178
4.87742
5.0130997
4.836398
4.924454
4.8695946
4.94333
4.8204865
4.9365697
4.830804
4.9397707
4.8083744
4.9176836
4.776969
4.9120207
4.769271
4.9047937
4.762609
4.8628645
4.7224526
4.8069696
4.75206
4.8269267
4.756793
4.8502254
4.722333
4.7661624
4.721377
4.7610865
4.737544
4.7559614
4.6838408
4.711569
4.712298
4.7642446
4.674412
4.7408066
4.678553
4.720969
4.694675
4.7799044
4.661404
4.689378
4.652571
4.7482333
4.7089987
4.8189707
4.769623
4.817773
4.725642
4.80696
4.827127
4.758506
4.830615
4.768832
4.866482
4.737334
4.8689375
4.7575245
4.8532057
4.8792186
4.915671
4.837771
4.8991923
4.838019
4.9310303
4.8840194
4.9148264
4.851445
4.899427
4.7526712
4.8729825
4.8030605
4.77711
4.8004923
4.8975854
4.7853656
4.964103
4.8142405
4.855024
4.8043466
4.8495545
4.809889
4.887473
4.7367764
4.880001
4.779427
4.823439
4.729662
4.8703666
4.7037325
4.844017
4.689808
4.844991
4.675925
4.8088264
4.670728
4.785147
4.6705847
4.83442
4.6814995
4.8123064
4.726446
4.802765
4.7006135
4.8080506
4.7009954
4.78926
4.7201366
4.790203
4.7502046
4.8078194
4.7280474
4.8196383
5.7671304
5.882187
5.8475766
5.7955008
5.846884
5.7932177
5.853865
5.7612376
5.860025
5.791906
5.8535867
5.7533784
5.890436
5.8305926
5.850661
5.8141966
5.8966827
5.865539
5.9718413
5.850051
5.9358354
5.884771
5.96071
5.9287677
5.9650836
5.905625
5.9458766
5.849123
5.9394493
5.87716
5.898891
5.86144
5.9282293
5.914564
5.915615
5.9489613
5.930528
5.894825
5.9968276
5.961149
5.9783783
5.9132233
5.9814167
5.9721537
5.9463677
5.9575186
5.964444
4.228614
4.1918387
4.2225223
4.2228622
4.178108
4.1408844
4.209151
4.131395
4.1741714
4.211328
4.250566
4.2410655
4.249689
4.2012134
4.0902767
4.119047
4.21169
4.113542
4.1938334
4.2266207
4.138087
4.274925
4.2112026
4.192971
4.295713
4.261655
4.3120456
4.2051024
4.313304
4.250098
4.2055144
4.2303
4.3037205
4.3048563
4.235757
4.3505692
4.359095
4.3863935
4.3219905
4.3198767
4.3939514
4.3167396
4.3617806
4.369153
4.3649793
4.4022264
4.41533
4.3469057
4.3530426
4.3282933
4.278858
4.2629857
4.306245
4.2491584
4.26876
4.260425
4.18998
4.3109303
4.2620783
4.307759
4.3277307
4.3499007
4.2905216
4.3603883
4.361417
4.3453608
4.3120213
4.2938404
4.3300476
4.295738
4.2529125
4.2713523
4.273591
4.2638206
4.214406
4.0545754
4.1782775
4.071056
6.1278543
6.232071
6.2380123
6.187671
6.251995
6.1709576
6.2208896
6.214419
6.2657685
6.2695427
6.231548
6.1896777
6.2157626
6.1640882
6.2490892
6.2273965
6.2746773
6.224347
6.3119087
6.3427324
6.301202
6.2905464
6.3196626
6.325658
6.3013163
6.300643
6.2487197
6.312866
6.2055845
6.220633
6.2504807
6.48763
6.8120036
6.949254
6.872776
6.896231
6.8174405
6.608051
6.452969
6.452203
6.346872
6.300165
6.186196
6.0479617
6.1785316
6.050747
6.1650567
6.0005736
6.07061
5.936257
6.001268
5.911681
5.986925
5.916837
5.9623675
5.9275694
5.9150867
6.0101852
6.126749
6.026426
6.2164893
6.3083367
6.3118663
6.3690343
6.3500686
6.422024
6.4902167
6.4705944
6.562719
6.4781218
6.609697
6.601489
5.3566422
5.279152
5.3975916
5.398956
5.389001
5.3090343
5.2911315
5.2690945
5.415089
5.311248
5.397062
5.291737
5.411022
5.273467
5.3965282
5.3392234
5.4461956
5.3535976
5.3727813
5.3342147
5.426865
5.3975544
5.4115896
5.3725834
5.3847275
5.4084764
5.4825673
5.382015
5.450236
5.42904
5.43121
5.4566426
5.49449
5.390347
5.4548416
5.465267
5.486168
5.4890566
5.387079
5.478703
5.4348793
5.5217004
5.4546466
5.5167274
5.452072
5.5199966
5.488736
5.576186
5.4619193
5.565331
5.4650183
5.572203
5.458888
5.542976
5.580221
5.624912
5.623768
5.5522647
5.6468225
5.6431785
5.712516
5.599439
5.677883
5.6211443
5.70057
5.644693
5.7968187
5.825708
5.79975
5.772299
5.726904
5.7328796
5.7247095
5.6783257
5.7289176
5.6793838
5.7162285
5.6805434
5.7420807
5.687
5.7534647
5.672191
5.7502437
5.6969113
5.7419186
5.662532
5.734126
5.6960444
5.6923466
5.5665812
5.652303
5.661277
5.6761994
5.63028
5.677138
5.583907
5.599536
5.5887275
5.6251793
5.578349
5.663433
5.6562195
5.708627
5.704598
5.758906
5.762748
5.775675
5.7040405
5.770004
5.731502
5.767768
5.6968517
5.768078
5.7234764
5.745707
5.7690377
5.796303
5.7968636
5.822703
5.789742
5.787433
5.786501
5.6916513
5.784066
5.686449
5.7730455
5.702136
5.7649536
5.709569
5.7640114
5.7138596
5.6668606
5.6912503
5.7232575
5.675929
5.650894
5.646048
5.635623
5.6534634
5.661761
5.6570034
5.6867185
5.6610775
5.643094
5.6694446
5.640267
5.6480904
5.6780047
5.650152
5.6769485
5.6543646
5.701865
5.6291404
5.5985255
5.60714
5.672619
5.593047
5.614359
5.5776124
5.554882
5.5466595
5.602159
5.540015
5.529037
5.532403
5.530213
5.552619
5.5291705
5.521097
5.5301533
5.4505615
5.540152
5.487792
5.522572
5.478175
5.5520754
5.536599
5.614248
5.5598497
5.511547
5.5155153
5.5228434
5.5067573
5.471041
5.5284266
5.464518
5.5090384
5.52099
5.4918857
5.4600697
5.4211445
5.453722
5.434477
5.3976383
5.4397473
5.4472327
5.415843
5.421169
5.484872
5.4515257
5.366499
5.313648
5.3557563
5.426032
5.3725047
5.3400054
5.421385
5.370431
5.3553214
5.334856
5.298771
5.3192368
5.326266
5.2753935
5.2772236
5.314663
5.333865
5.321918
5.338384
5.3225145
5.2967477
5.329411
5.316564
5.3056135
5.281897
5.3755364
5.3437743
5.3767796
5.324997
5.3886
5.329864
5.3909683
5.3088093
5.3768063
5.2926574
5.4087563
5.2631702
5.343526
5.267313
5.4341173
5.3317733
5.407936
5.317249
5.4485765
5.3417673
5.4125185
5.358774
5.414622
5.363779
5.4718547
5.4030986
5.492343
5.3984246
5.435663
5.4503784
5.505088
5.430264
5.465512
5.4314437
5.397887
5.441239
5.335434
5.4375234
5.360944
5.4334564
5.3923516
5.4952145
5.4378476
5.5360193
5.513175
5.5735583
5.468649
5.6400566
5.537718
5.635232
5.559451
5.6568737
5.4993443
5.595802
5.558024
5.6057277
5.619857
5.6641397
5.713924
5.718052
5.681777
5.666823
5.7404532
5.6405687
5.74041
5.6128864
5.694597
5.642832
5.6873207
5.63605
5.67759
5.6314316
5.731861
5.672132
5.769559
5.643612
5.7483497
5.696701
5.821492
5.7377687
5.889386
5.722549
5.923022
5.7110686
5.869256
5.709502
5.6514907
5.7979283
5.630073
5.7036786
5.5914574
5.740259
5.59241
5.7624
5.5938206
5.7656746
5.578725
5.7738566
5.5967665
5.6925426
5.5488577
5.5257664
5.6320386
5.5708103
5.60071
5.594864
5.5887756
5.5154777
5.4981813
5.5140724
5.593236
5.474762
5.5631657
5.445858
5.463986
5.547389
5.4734497
5.584484
5.531709
5.58314
5.6475077
5.6398463
5.644827
5.7156844
5.7212534
5.738433
5.6332664
5.7826357
5.797058
5.8646116
5.7765846
5.6616917
5.683544
5.7494483
5.6933985
5.7140174
5.6664677
5.7033916
5.730049
5.7053127
5.7811065
5.7218857
5.686483
5.771584
5.7051077
5.7618227
5.6880426
5.798234
5.778913
5.907964
5.848638
5.9478736
5.8853693
5.9760528
5.8947086
5.9364905
5.919008
5.930114
5.8658357
5.88162
5.9670987
5.839428
5.788787
6.043161
5.953171
5.9104433
5.7345424
5.9324317
5.7435184
5.8788433
5.7614827
5.861477
5.797294
5.8575478
5.8113747
5.7907476
5.819249
5.7971992
5.7934985
5.8109245
5.762968
5.7661138
5.7299223
5.7250137
5.7858667
5.7159843
5.768265
5.771015
5.7067995
5.64502
5.6351986
5.7365155
5.6918373
5.7573223
5.7133255
5.7244844
5.7272534
5.726488
5.731015
5.7376513
5.835993
5.816804
5.807214
5.785973
5.9487863
5.8196588
5.983614
5.8544364
5.9618883
5.740349
5.78579
5.733162
5.8135977
5.7761474
5.8011312
5.671708
5.725554
5.670374
5.705267
5.7172785
5.8186736
5.7750134
5.743382
5.8240743
5.7817698
5.7966666
5.906463
5.788134
5.7930107
5.758194
5.7323623
5.735937
5.6940136
5.6215715
5.718088
5.633684
5.5922084
5.5305595
5.540027
5.57084
5.4938912
5.521495
5.516264
5.588024
5.5475445
5.5808315
5.599375
5.4452972
5.590407
5.585354
5.5656853
5.58542
5.5710807
6.201967
6.3021545
6.1829367
6.261171
6.210783
6.3682213
6.4279914
6.494732
6.4759836
6.4655385
6.6023927
6.6268516
6.5559087
6.5693073
6.667173
6.7119846
6.734247
6.9026036
6.816154
6.847102
6.736679
6.681353
6.5608234
6.5724225
6.423746
6.417538
6.3387575
6.244361
6.3093233
6.2117786
6.2864814
6.3827114
6.3560424
6.378333
6.3033853
6.5036883
