10000
7.7511845
7.73363
7.4747224
7.291233
7.1894517
6.899269
6.5796366
6.540385
6.675044
6.9069076
6.986092
7.12603
7.169147
7.172887
7.251564
7.314823
7.15878
7.038637
7.1956196
7.1991615
7.6444283
7.709879
7.5958977
6.9268956
6.2345133
7.2090344
7.5741577
7.577408
7.414351
5.995137
4.151942
4.1454535
4.7009296
4.7016354
5.081364
5.3294897
5.3361216
5.284321
5.243894
5.1322346
5.063271
5.121616
5.463867
5.106742
3.557628
3.6270695
3.8833137
4.2037387
4.6438766
5.096526
5.4843664
5.984505
6.175609
5.7907248
5.1470885
4.868146
4.804794
4.877401
4.798549
4.8028646
4.804019
4.9721775
5.252011
5.3099427
5.753148
5.925288
6.116728
6.0491834
5.934012
6.217978
6.395142
6.4206114
6.526167
6.802785
6.8785973
6.9298453
7.203465
7.404085
7.3064623
6.8566837
6.1475716
5.080099
4.95096
5.3582835
4.738332
4.40127
4.180306
4.2454343
4.1063857
3.5673459
3.9483507
4.386612
4.41568
4.1055617
3.194938
4.092129
4.5376554
5.063393
5.2555103
5.2081537
4.907133
4.1692185
5.2416263
5.7358136
6.509386
7.264428
7.9768457
8.164782
8.302407
8.204767
7.479878
7.4603806
7.8707037
7.488865
7.0973806
7.076272
7.2476273
7.744917
7.787549
7.474421
7.3205185
7.214638
7.556439
8.0005665
7.87803
7.7603292
7.6668644
7.4925647
7.5487285
7.4270606
6.9826374
6.0733595
4.408616
3.6199622
3.5085504
3.1098042
2.5608792
2.5569854
2.5761228
2.7936566
2.7931993
2.610927
2.6096206
2.8222537
2.5241053
2.7495852
2.787043
2.6308398
2.9316921
0.6076509
0.64220494
0.59648097
0.59795064
0.5863719
0.57494855
0.60974383
0.53650415
0.4907693
0.48554146
0.43568295
0.45709878
0.44609636
0.43116498
0.43863901
0.4646938
0.55831486
0.52217495
0.5151468
2.5347617
3.1538227
3.6892998
3.690826
3.3072789
3.604114
3.4249766
3.489787
3.5486631
4.024189
5.2176437
6.6832724
7.5220966
7.2104354
6.9980955
7.3899026
7.0438666
6.6409006
6.249525
6.516392
6.6635876
6.778122
6.573183
6.2622657
6.005
6.1011357
6.057404
5.899678
5.698528
5.825578
5.713074
5.6507998
4.003837
2.8908281
2.4935424
0.26463836
0.29348135
0.30088386
0.29780328
0.38603002
0.39677185
0.3915248
0.375106
0.31866974
0.35122412
0.32006773
0.34189773
0.38122723
0.37604845
0.4068128
0.3876571
0.39250964
0.40804368
0.4127745
0.38893658
0.40454906
0.4615033
0.47390836
0.52664566
0.50650805
0.5160992
0.55446196
0.5619398
0.55557674
0.5387424
0.5409264
0.57425374
0.5859975
0.53030103
0.5536036
0.51544785
0.5190939
0.44364062
0.54311264
0.56156266
0.389629
0.39629748
0.3856929
0.3687858
0.35079628
0.38618392
0.37951744
0.39042687
0.38549563
0.4034378
0.35890907
0.34997308
0.3052322
0.31815785
0.37502277
0.3340412
0.33087355
0.2952821
0.31138974
0.3735121
0.37867987
0.30971688
0.3163125
0.3240661
0.34121156
0.3345971
0.3164292
0.33572403
0.33365864
0.26160294
0.27418193
0.27783242
0.24551801
0.2549615
0.2776769
0.28854594
0.3342413
0.30476847
0.28275806
0.27491033
0.29426435
0.26517192
0.2894392
0.28914708
0.27871904
0.30489352
0.28233463
0.30269417
0.28664556
0.3075322
0.28855485
0.35156304
0.35993972
0.4059628
0.3749609
0.37662223
0.32926077
0.34186757
0.32854903
0.32042724
0.3143386
0.34512877
0.3517152
2.249784
4.183575
4.455887
3.5784597
3.6511068
3.707861
3.2195425
3.9085166
4.103622
4.177149
4.166073
4.248416
3.4407911
3.139907
3.1865182
3.3186588
3.2856889
3.1435459
3.0107849
3.4753525
4.2080135
4.375996
4.8111057
2.7315
3.0922897
3.1952872
2.5989432
3.6257653
3.945191
3.3368802
3.2645924
3.4542248
3.5156658
3.1048555
3.0380065
3.3214316
3.4448142
3.2886734
2.9855456
1.9220692
1.322524
1.3469971
1.2615621
1.4991726
3.0287652
2.7621424
3.4345071
3.0475173
3.6198845
3.71304
3.3997664
4.1395426
2.9353983
2.6463058
2.887069
3.0114264
2.8274515
2.990166
3.3193426
3.479955
4.3293123
4.636975
3.7094579
3.9458222
4.3298025
3.2345831
3.7598052
3.9869082
4.511459
5.1602173
2.3626246
3.618283
4.052618
4.333177
1.4131771
0.48338202
0.8459886
0.468939
0.66222143
0.4088391
0.56385976
0.32435232
1.2567252
3.1352556
4.0812435
4.4288654
3.7594028
3.784967
3.1619592
2.9283304
2.7092538
2.5700085
2.61808
2.325291
2.3639345
3.0574687
3.2968426
3.1730518
3.0580945
3.3537934
3.5380964
3.781052
3.674641
3.5317276
3.8363557
3.5310574
3.2042277
3.2683282
4.8433847
5.2597046
0.82916546
0.8197841
0.7350013
0.85628545
0.7079922
0.8507596
0.7245807
0.89258564
0.8116252
0.75791043
0.7072686
1.8810773
2.4829443
2.7754805
4.2717733
4.887806
3.756045
3.3406835
3.5516176
3.6647644
3.003475
3.1668262
3.2622228
3.524505
3.3743534
2.5246532
4.4662485
4.9618044
5.0475736
3.087142
2.5520315
3.5766642
3.3880107
2.591037
3.590668
3.4061143
3.7404025
3.6838222
2.7309005
2.5793667
2.8056312
2.86193
2.645771
3.2656567
3.5463989
3.3763523
4.489408
3.1092558
3.8768406
4.079076
3.7768836
3.8768299
3.6987896
3.5635736
3.530443
2.8446283
3.2717984
2.625787
3.037384
1.1165564
0.66257215
0.75548714
0.9235443
0.9591476
0.98777467
0.8427909
0.9062408
1.0246243
1.0301201
0.92916507
0.930784
0.90411675
0.750121
0.67597157
2.5143952
2.8500605
3.9826686
2.686452
2.7961025
2.223637
2.0674043
2.1665297
0.6467435
0.46370602
0.8207584
1.7269773
1.8339756
3.3582444
2.897992
3.3759983
1.8433281
2.0108318
2.4873052
2.3227587
1.9552736
2.410027
2.3662047
2.5667815
2.392959
2.5632513
2.6262567
2.4545143
2.4684677
2.1650198
2.056565
2.031104
2.5585823
2.7081635
2.6497278
2.6261177
2.520414
2.69555
2.7530432
2.646341
2.685881
2.8876796
2.7785351
2.6812632
2.485962
2.7170587
1.9749424
2.8056104
2.4930613
3.021336
4.1308336
3.2075255
4.171942
3.7265496
3.6115003
3.436497
3.1032934
3.549141
4.108002
3.7471766
2.4321396
2.9049938
3.697545
3.5984485
3.4365673
3.4858599
3.232938
3.2029378
1.5879539
3.5800962
3.0385203
2.8631706
2.5292423
3.0652654
3.228848
2.4402547
1.8504202
2.356869
3.2734683
3.0307324
2.556939
2.7980943
3.1430404
3.4602363
3.1310863
3.0508003
2.9739966
2.5671153
2.7111313
2.631915
2.3137035
2.0699909
1.7021711
2.0293677
2.6390483
4.140849
4.3912287
4.5539923
4.4856224
4.5918875
4.6000414
4.8226647
4.724821
4.831342
4.773556
4.7464643
4.828899
4.9322686
4.942355
5.0774794
4.921525
4.983027
4.965481
4.941146
5.011743
4.9870024
4.9419684
4.872614
5.0151987
5.0415254
4.5509214
2.718687
1.9543129
1.3778188
3.2287643
2.3939097
0.9005953
2.0756388
1.6742265
1.5094547
1.7589186
2.17276
2.0577254
2.0965214
2.3415809
2.5124865
2.501583
2.2932007
0.53231966
0.54126245
0.5571634
0.6150372
0.72335017
0.60665077
0.64690727
0.6733408
0.76634794
0.5781955
0.5927984
0.5556357
0.565673
0.62055945
0.68484473
0.7646484
1.785707
1.9566103
2.1831715
2.6881273
3.09486
2.7685106
2.8286963
2.8363767
2.5136662
2.5192
2.4728637
2.9153621
3.4244435
3.5077016
3.5462942
2.995516
3.3669376
3.6602652
3.1731532
2.928189
3.0187473
3.6873617
2.8044178
3.7776046
3.2960885
3.2576742
3.344778
3.810392
3.711876
3.4027398
3.304204
3.1165543
2.5492167
2.8548865
2.3725634
2.9714878
3.0342145
2.2401903
2.338125
2.7744908
2.848815
3.4470406
3.581556
2.640267
2.1266801
2.2581336
2.2427287
2.96327
2.387873
3.857099
3.6386805
2.3449433
2.739378
2.1361618
1.7785262
1.8734671
1.8653321
2.2076707
2.133437
2.6289165
2.3150172
2.8306515
2.9953318
2.79387
2.346507
2.6692142
2.5810103
2.824379
3.1529148
2.8210678
2.331935
1.740059
2.0126867
2.417236
2.2290244
2.0195954
2.154008
3.057061
3.1333673
2.929382
2.5708723
2.4190218
2.83706
2.8580475
2.7692742
2.7823353
3.0086837
1.8098818
1.7605008
1.6346676
2.207467
4.272532
4.0629086
4.1394086
4.4508743
4.8874345
5.3730593
4.830207
3.6377816
2.668032
2.1368835
1.8905622
1.5302137
1.6912309
1.6178097
1.1420333
1.8336792
1.3033147
2.7698593
3.4721618
4.2237144
3.8852386
2.2884183
3.0938523
1.8426204
2.4345064
2.8357272
2.762696
2.5825572
3.007888
2.8645499
3.2796452
2.950212
3.4744093
3.2932599
3.0890026
2.8645234
2.4932861
2.2132635
2.3679535
2.5224802
2.7276068
3.0372856
2.768249
2.6198652
3.1983166
3.449743
2.7452705
3.4119883
2.9820561
2.5964112
2.5355163
3.0613933
2.9005146
3.8674023
3.9903045
4.52401
2.3992105
3.5057743
2.6496942
2.7436936
4.341685
2.5826478
2.9464426
3.0332134
3.4077742
3.6348555
3.9050858
3.1665292
2.9213922
1.137661
0.99907446
1.484519
1.3992014
1.4970626
1.3833956
2.0397966
2.9273825
2.7797308
3.7424874
1.2800808
1.2390436
1.2154753
1.2822819
1.2784734
1.2781119
1.3109394
1.3390837
1.2792906
1.395082
1.366179
1.4895054
1.446799
1.4568212
1.3538245
1.4476017
1.433461
1.3548864
1.2928962
1.4156706
1.3155241
1.3775026
1.1944392
1.2168561
1.0976875
1.2720251
1.1021832
1.2687248
1.1418529
0.8376125
0.7529483
0.8272996
0.71385115
0.7042816
0.7775085
0.7523509
0.060992535
0.7991713
0.6810394
0.63747793
0.5625416
0.48808625
0.57322127
0.5920278
0.69972056
0.7642689
0.7806277
0.70020604
0.7581272
0.74844456
0.8192891
0.8307482
3.0682666
0.7325029
0.9366457
0.7383098
0.75996023
0.66745937
0.7237764
0.91374767
0.7972046
0.5217685
0.69169664
0.70868886
0.6778392
2.9233375
3.5251484
2.8372936
2.1236894
2.2606344
0.86379695
1.0052638
0.73593235
0.71965694
0.8075038
0.6494056
2.3051908
2.6196606
3.5847852
4.4151506
3.1738145
3.0260637
3.5198853
3.656017
3.407471
3.7335176
3.9493906
3.8729367
3.3842962
3.2359507
3.330991
3.7081633
3.8853807
3.8537219
3.8321965
3.853683
3.4660537
2.9637196
3.2995126
3.1679702
3.0017877
3.4921992
3.0418572
3.0152612
3.0674925
3.0486226
3.175898
3.2392857
3.3083487
3.3020897
3.3860393
2.7674344
2.5240204
2.8638432
3.3420782
3.3334281
3.7941813
2.7660332
3.7494333
3.829141
3.8639567
3.9454894
3.562767
3.8894083
3.3902564
3.293394
3.6344237
3.6568172
3.5912666
3.1384664
2.9078877
2.605608
2.9076574
3.072645
2.3731396
2.6271026
3.604893
2.970203
3.3840835
4.2566004
4.8702855
4.1727037
1.1543798
1.150911
0.9810362
1.1162167
1.1087419
1.1035322
1.1575305
1.0913666
1.1248806
3.6477234
2.4748662
1.8622397
2.6865475
2.032267
2.512822
0.5672708
0.5325469
0.5345349
0.868924
0.9671129
0.86423624
0.9055132
0.6961488
0.71778846
0.69099104
0.74208504
0.65660506
0.73549277
0.5981389
0.20653057
0.6406127
0.6858541
0.8050706
0.7782769
0.78774154
0.6008438
0.48367304
0.56263393
0.48846135
0.5556701
0.48484388
0.5557495
0.6403138
0.51240367
0.6119211
0.63235885
0.6272596
0.685681
0.65724397
0.7058933
0.6267122
0.45749503
0.5734653
0.7694629
0.50135976
0.41223687
0.5879025
0.4423765
0.3695392
0.8314736
0.48339155
0.49818334
0.7548783
0.36233622
0.55838156
0.34248978
0.5308865
0.8014326
0.58333737
0.6778541
0.65739566
0.42073098
0.37388644
0.16916938
0.30693546
0.27043757
0.2665805
0.2946853
0.19709194
0.25427288
0.19507357
0.3843825
0.44280845
0.5673842
0.5435058
0.5027981
0.59660006
0.48823488
0.57469493
0.53586054
0.47276798
0.5100599
0.54165685
0.45983157
0.5517886
0.51275057
0.5515324
0.50891125
0.48662543
0.5256718
0.52048504
0.6489258
0.49226278
0.52680284
0.674037
0.65434754
0.68373877
0.5949288
0.69466436
0.6039768
0.68531907
0.74526036
0.7370661
0.73366046
0.651711
0.7473424
0.8830079
0.79487747
0.8765263
0.8790764
0.74822456
1.0918639
1.3968835
0.77316415
0.9173973
0.8104932
0.9098471
0.96194077
2.5039175
3.3452833
3.6372144
4.048532
3.5164437
2.80362
2.9407003
3.0401087
2.7273054
2.7227755
2.630644
2.591084
2.5956047
2.7108965
2.5389142
2.7144527
3.5126486
3.5597935
3.2650423
2.9074724
2.806491
2.4168282
2.008787
1.6473817
1.3056744
1.676473
2.0470097
1.6854362
0.8449258
0.7274265
0.7549245
0.8008273
0.88801694
0.712327
0.670932
0.8092543
0.94267994
1.5527203
2.8128343
3.4595451
3.3378258
2.8860567
2.8426592
2.8939936
3.249424
3.6529317
3.0840993
2.6355581
2.7699308
2.6346366
2.581372
2.7990227
3.155634
3.2762246
3.442528
2.9110515
2.153012
2.4508362
0.7330991
0.725388
0.6533197
0.5933411
0.61804646
0.7639385
0.76251984
0.79202294
0.82073003
0.830429
0.8168414
0.8809078
0.77366203
0.8501564
0.8142527
0.94825846
0.9594171
0.9592462
0.9594171
0.9594171
0.94435215
0.76627094
0.75506175
0.74883586
0.71793723
0.656113
0.5836589
0.5134659
1.4418098
2.351632
2.9234295
3.1621218
2.9635153
2.6065102
2.4518914
2.3602126
2.511827
2.6200147
2.6220212
2.7002087
2.9455733
3.0172493
2.9557402
2.9774442
3.1953535
3.4359841
3.57288
3.1705418
3.251799
3.325966
3.192895
2.744803
2.5209446
2.656786
2.9673817
3.129483
3.424695
3.1653948
2.7031903
2.9533596
3.316128
3.4063842
2.9757056
3.140202
2.8468454
2.5073166
2.7372372
3.1316075
3.1865766
3.0961616
3.2342699
3.4968417
3.7173176
3.7413073
3.931141
4.725608
4.7065563
4.418757
3.475843
3.3482041
3.8289528
3.8009505
3.8432872
2.79597
2.3828833
2.4511485
2.1769748
1.9718527
2.2032833
3.0472336
3.4886837
3.6397939
3.6081238
3.9665794
4.793213
4.898079
3.1180582
0.43227544
0.4331344
0.49402186
0.5364279
0.73432356
0.7711906
0.8628582
0.8069194
0.845029
0.92348623
0.9426986
1.0855697
1.1148071
1.1806982
0.837845
0.9345872
1.0272683
1.0148275
0.974399
0.95170337
0.997033
0.90387607
0.7936586
0.8065224
0.79821044
1.0253416
0.8948426
0.9015385
0.9772574
1.003958
0.8944366
0.98117256
1.2915268
0.94674635
1.0593605
0.92713714
0.87584233
0.900142
0.9081441
0.9039744
0.898189
1.0052383
0.882476
0.9305489
0.86718506
0.9439989
0.7300862
0.62121797
0.7292261
0.631908
0.68057334
0.57608986
0.62874305
0.48954993
0.5359848
0.42447916
0.36923933
0.31883344
0.3663858
0.37803918
0.3739003
0.3124607
0.32334805
0.15145952
0.20260172
0.2641365
0.2942954
0.2928799
0.5000812
0.5658545
0.5985669
0.800379
0.6295986
0.64652026
0.6382374
0.58905697
0.59366524
0.57492214
0.50139844
3.184866
0.67447686
0.7088931
0.82652503
0.75615644
0.895321
0.8719878
0.8905058
0.8415517
0.86575234
0.85776764
0.730079
0.8541112
0.7114839
0.82712895
0.77800465
0.85149425
0.67215466
0.7604422
0.67026454
3.6160827
0.50203556
0.5326119
0.50248224
0.5198395
0.5600719
0.3419955
0.4342855
0.30592495
0.2952349
0.20318352
0.44753745
0.55562603
0.44300804
0.5698358
0.33234912
0.37499425
0.3241364
0.35364732
0.55779165
0.46356684
0.4232579
0.35445356
0.4776673
0.2891392
0.25786594
0.19939488
0.22018157
0.22848515
0.1992332
0.20552517
0.2370236
0.21244523
0.21207602
0.5864099
0.6209328
0.44614965
0.7020845
0.59047586
0.46561608
0.58162564
0.487073
0.55146945
0.4246667
0.5186899
0.35851282
0.55228484
0.4509775
0.6567099
0.57829666
0.574353
0.60146844
0.5375549
0.5750741
0.5606084
0.53893644
0.4839213
0.5692586
0.4404627
0.7008367
0.306229
0.38487357
0.5174828
0.54214567
0.59992725
0.5973655
0.39230657
0.4535809
0.37099683
0.32700372
0.13175021
0.1532825
1.299792
0.12250754
0.1517707
0.20357788
0.16817094
0.186118
0.18386056
0.09562671
0.13260087
0.16648608
0.28234845
0.23656021
0.21165438
1.2048147
0.17852505
0.2230919
0.19817743
0.19553906
0.18102969
0.24889512
0.3101026
0.3529313
0.29644042
0.31883666
0.29935446
0.3475416
0.35931188
0.39023507
0.4477499
0.4599654
0.39473757
0.50182205
0.4494217
0.50549716
0.44550437
0.4811401
0.5621064
0.45304736
0.5174669
0.4650642
0.51963276
0.3777556
0.46961078
0.455541
0.3915865
0.45411494
0.3902878
0.4942296
0.5768497
0.60078144
0.7038822
0.5912299
0.5040902
0.39662558
0.33505028
0.3009954
0.30621576
0.2688846
0.14687414
0.115649395
0.34125134
0.5333547
1.4785326
0.6791093
0.73868895
0.58549386
0.8004986
0.8249041
1.4386662
1.5215816
1.0595714
0.89699537
1.1818457
1.1408117
1.1284014
1.0882754
1.2299094
1.6262591
1.4946513
1.5023719
1.4830829
1.4089319
1.606893
1.6118115
1.4509969
1.3609093
1.1548178
1.0759867
1.1990353
1.319866
1.1435207
1.103645
1.1428574
1.4572631
1.6232864
1.5548784
1.1281981
1.2076977
1.0008495
0.7383169
0.6593094
0.8864314
0.74716926
0.994333
1.0149704
1.5443306
0.56675565
1.3164549
1.4840778
0.87594515
1.0105994
1.477066
1.5271783
1.3928782
1.5112437
0.9901928
0.8888167
0.83063537
1.6626065
0.9756592
0.53912866
0.26393452
0.60865194
0.51549673
0.62426215
0.6654653
0.49898583
0.5586831
0.6785559
0.59161973
0.61489314
0.5296544
0.6850563
0.48689634
0.5453132
0.4834427
0.5467989
0.49442422
0.59726125
0.54039884
0.6161841
0.561177
0.6225107
0.5491794
0.61578673
0.5427455
0.61568886
0.54277277
0.6154416
0.55540854
0.57541955
0.49015492
0.56774974
0.50574774
0.5481771
0.58303213
0.7014632
0.6135226
0.70599544
0.6402884
0.69455135
0.6262458
0.63234264
0.6654617
0.6337643
0.6063397
0.7567119
0.7121978
0.6201268
0.729343
0.9123868
1.0191691
0.6780842
0.76149464
0.896923
0.77516186
0.7590809
0.7719022
1.2515999
0.6910291
0.65732163
0.6676585
0.62075555
0.6369675
0.8383834
0.7340553
0.8688954
0.77446496
0.86744887
0.79892236
0.8643371
0.7897462
0.8046962
0.79138964
0.8128579
0.83483434
0.83414537
0.959131
0.85736537
1.0025257
0.967754
0.8938247
0.8558159
0.86731315
0.9702814
0.9487931
0.803585
0.9777607
0.95500964
0.7972772
0.8318481
0.87861896
0.8091844
0.8089843
0.78437454
0.81691235
0.7565038
0.7541423
0.6138391
0.56335974
0.54725796
0.59847885
0.48918632
0.56144416
0.5030344
0.5489846
0.4440606
0.5228242
0.46006784
0.53109324
0.49881822
0.5612121
0.5000768
0.572144
0.47668082
0.5624012
0.5198698
0.5941644
0.5401489
0.6415457
0.5552591
0.6384947
0.56319165
0.6291721
0.56144404
0.62702674
0.56234384
0.6475154
0.57488775
0.64276594
0.5560165
0.6378917
0.5393733
0.6233399
0.5393841
0.60075974
0.5012051
0.57297057
0.5004302
0.57411915
0.53767455
0.62584394
0.5179433
0.6260501
0.55405873
0.62150186
0.5432751
0.62962294
0.58930445
0.66584504
0.5679178
0.66308576
0.5700004
0.6636757
0.5708736
0.61206365
0.5544808
0.63902277
0.557325
0.6401834
0.60395
0.6969016
0.5846
0.6661569
0.5694789
0.6388042
0.5884142
0.6761674
0.57438874
0.6773774
0.5546244
0.639782
0.55824834
0.6378186
0.604412
0.7300512
0.6505516
0.7416126
0.587509
0.6893891
0.5486485
0.68415135
0.6508901
0.62434834
0.6371916
0.6140205
0.7015413
0.6330987
0.67511076
0.5850109
0.69834834
0.60052526
0.65390706
0.47793046
0.50701934
1.5553725
0.54407406
1.9069667
1.151932
0.6231465
0.7065676
0.56859934
0.63991225
0.63686764
0.66342586
0.5877587
0.66996896
0.71913177
1.2807966
0.87796986
0.6865058
0.55318904
0.46464962
0.5229622
0.45359355
0.5099727
0.49378574
0.73929995
0.6530616
2.2889156
1.1908505
1.3973538
1.3994848
1.6084561
1.3285862
1.3732483
1.4436867
1.4027877
1.6910621
2.0956151
3.6486325
0.5133162
0.5668214
0.63237596
3.834158
1.3524024
1.331402
3.0020256
0.7202234
0.7091089
0.65617716
0.65755177
0.75636864
0.6766932
0.7545886
0.66266584
0.79141104
0.79213685
0.7350709
0.65897185
0.756487
0.6130338
0.7045615
0.60628456
0.68406904
0.60110784
0.6850002
0.7436935
0.53803194
0.7383514
0.6159174
0.599431
0.6855576
0.604982
0.681149
0.5668752
0.61611885
0.5434608
0.60518426
0.54235864
0.61432296
0.5417716
0.5332392
0.4788574
0.5102109
0.46881664
0.41365573
0.45888558
0.4429399
0.50372314
0.45625156
0.50234914
0.43591693
0.4697894
0.5292017
0.48292562
0.5895272
0.5444924
0.6193939
0.5593543
0.64666665
0.62211156
0.70862216
0.6021013
0.652872
0.5651647
0.66933197
0.58615965
0.64091265
0.61277616
0.85059875
0.79232657
0.76327246
0.69549155
0.6911625
0.5529871
0.55739266
0.58751065
0.5202641
0.62567735
0.56069034
0.5998929
0.6222609
0.60392153
0.69342667
0.6124696
0.66255003
0.59738034
0.65407836
0.605108
0.6740453
0.56868416
0.6878607
0.592854
0.6893758
0.5922648
0.7006537
0.6103551
0.69732285
0.5682142
0.70007896
0.6093898
0.7448575
0.574921
0.6841756
0.6993404
0.618441
0.7256708
0.61725605
0.74040174
0.65088487
0.74929965
0.65471965
0.7933293
0.68856704
0.81574696
0.7090119
0.8031336
0.7352607
0.818509
0.73688334
0.78940946
0.8492317
0.8256138
0.8252503
0.7398559
0.8356086
0.8021339
0.82419306
0.7574927
0.8931857
0.78797704
0.92961127
0.8422801
0.77600807
0.91409445
0.8118295
0.82116085
0.8162222
0.82240003
0.82328284
0.8380809
0.8319328
0.845254
0.97200227
0.7941885
0.81301254
0.919696
0.7818288
0.7877197
0.89673924
0.79682
0.7964212
0.82283586
0.8203952
0.8308568
0.79938805
0.91571593
0.89150274
0.830041
0.8411047
0.8456959
0.9404204
0.7967749
0.86442995
0.7746643
0.78365594
0.76535684
0.8466361
0.7624827
0.86445636
0.7913191
0.890263
0.79167515
0.89478135
0.8185038
0.85861295
0.80988324
0.81733936
0.83782506
0.8438485
0.9213208
0.77040976
0.89944035
0.6778354
0.64671814
0.6335257
0.75660247
0.6607532
0.57415295
0.56942993
0.60340047
0.5494789
0.6119271
0.58341455
0.73911214
0.59330887
0.6256933
0.6793207
0.7558028
0.68978816
0.857062
0.7494435
0.7066416
0.8706809
0.74371135
0.8637096
0.78091
0.7872666
0.7953673
0.7137863
0.7945613
0.70778424
0.73275673
0.6597986
0.7246553
0.688979
0.60000455
0.5419376
0.62009066
0.5994503
0.5055414
0.70216644
0.78807545
0.6504264
0.7222235
0.64672
0.725723
0.68693554
0.5920316
0.5976295
0.7295654
0.6417075
0.62479186
0.55659485
0.62114924
0.55996066
0.6211257
0.55999905
0.6962141
0.6229237
0.67471963
0.6169439
0.7001373
3.0984247
1.2547193
1.3483745
1.7699898
1.6661448
0.4926399
0.58179426
0.5248987
0.571837
0.53423536
0.6870096
0.59896964
0.72450936
0.62872934
0.7187934
0.59814525
0.6885679
0.731557
0.74738395
0.60915697
0.6467557
0.55740446
0.6227492
0.5438906
0.55979526
0.50660646
0.57792115
0.52158713
0.53493035
0.35147545
0.30521175
0.32462528
0.2283649
0.22791168
0.25441605
0.2375961
0.35957238
0.27430084
0.32239324
0.2862058
0.30942065
0.31790903
0.2888453
0.33157134
0.2725415
0.3076025
0.40151182
0.40711278
0.3191587
0.3123019
0.3795605
0.5022797
0.52327216
0.61286336
0.42548883
0.4765267
0.43521887
0.55342674
0.49195892
0.49266583
0.41696566
0.45396006
0.53059673
0.4057923
0.5358793
0.40476835
0.4227428
0.47156382
0.49155933
0.4375207
0.2277393
0.22205445
0.26443064
0.3223908
0.33351147
0.45263785
0.36847922
0.28451645
0.28684303
0.59977406
0.4349495
0.15472046
0.52177036
0.6049095
0.6961983
0.6390915
0.7363919
0.6026851
0.6631727
0.57010305
0.64426005
0.59167504
0.7389127
0.65499973
0.7414547
0.6481083
0.7126299
0.6097387
0.68693656
0.6226326
0.6659688
0.60754377
0.6655266
0.36394984
0.37940425
0.56657064
0.48240662
0.5389035
0.4235568
0.6079968
0.59510845
0.97046447
0.96688354
0.86333174
1.0615553
1.0073069
1.0009937
1.0677524
1.0988613
1.0067
1.0173694
0.96944773
0.9464931
0.93548775
0.90070266
1.045324
1.0111847
0.9234699
0.84975123
0.9013058
0.99904466
0.84613353
0.86023986
0.7941992
0.7788475
0.80165076
0.6989065
0.74537
0.7462236
0.57788277
0.77800065
0.6532731
0.7896641
0.6177404
0.6760181
0.46552125
0.44445696
0.2738009
0.32623675
0.22730525
0.19458356
0.2558722
0.29595467
0.27736935
0.32533315
0.27114192
0.28090233
0.6532125
0.35124838
0.32032606
0.5008012
0.7330377
0.45512933
0.34242624
1.3686795
0.6750198
0.8172369
0.8236121
0.84780663
0.7750084
0.73960555
0.44027522
0.3296105
0.44044966
0.4171291
0.361523
0.34670183
0.29412678
0.3032546
0.29888818
0.2751884
0.27804497
0.28839284
0.33539826
0.29749978
0.30358925
0.2856999
0.27448016
0.2695321
0.27358088
0.26131842
0.37714833
0.39272326
0.5072681
0.42093426
0.3669624
0.36840537
0.40571147
0.4723748
0.39946246
0.35390425
0.349569
0.39130712
0.33439505
0.34997398
0.3820701
0.35673338
0.3816564
0.3874709
0.3775281
0.42733225
0.36945075
0.32310262
0.34517998
0.3108516
0.2985582
0.31120113
0.3542227
0.302237
0.2592441
0.27901393
0.34796768
0.33780068
0.29622576
0.33712342
0.29820767
0.24754016
0.2634001
0.24052252
0.21882328
0.28302392
0.29882318
0.25775555
0.24751212
0.2704081
0.23711272
0.21360698
0.22132824
0.36903638
0.30656227
0.22302207
0.27518508
0.34452355
0.33254856
0.19323367
2.6024766
1.6898357
0.6849257
0.041274745
0.055473376
0.09671222
0.10873052
0.08611294
0.11428399
0.20287938
0.46919298
0.43128574
0.5127299
0.5458818
0.5455673
0.5522042
0.485114
0.50840366
0.5130838
0.65587074
0.65630627
0.7693372
0.6443197
0.6526153
0.8576819
0.7637358
0.8745605
0.8010769
0.66648906
0.67035097
0.9456139
1.0149454
0.9879516
1.2164426
1.1052438
1.1395608
1.0914543
1.1797811
1.0455562
1.8669335
2.6390967
3.7865193
3.2869067
3.187553
2.9499958
2.1631742
2.1748266
2.2101207
2.247748
2.1881783
2.3685303
2.182717
2.3124151
2.25617
2.1320424
2.1366527
3.9731684
1.5405216
3.7555995
2.258069
1.2711766
1.3500082
4.3076224
3.061323
1.1089834
1.2905642
1.1976153
1.2410461
1.2070267
1.3832934
1.2802489
1.3717669
1.1907543
0.94510895
1.6284907
2.0365014
3.727757
5.201743
0.8094633
0.7968103
0.9641144
1.0881342
1.0431566
1.0641791
1.1657711
0.9867795
0.9355666
0.92297494
1.2079847
1.0157061
1.0087644
0.9776472
0.9817458
0.74834776
0.7508369
0.88819516
0.7448345
1.0325294
0.9953183
1.0927219
1.1703434
1.0717512
1.0992874
0.9509187
1.268318
0.7194198
0.7073546
0.7075769
0.8065849
0.79174167
0.76354235
0.57069325
0.5953236
0.69267005
0.7078627
0.7956381
0.74994975
0.5316133
0.7084329
0.8465165
0.71040547
0.83461696
0.939551
0.70634747
0.81531024
0.7413825
0.7169988
0.6352946
0.796282
0.7725272
0.953087
0.9468611
0.8163219
0.897137
0.821336
0.8394537
0.8142456
0.79345214
0.7392162
0.7614621
0.9389005
0.932295
0.7568726
0.786304
0.7338723
0.8456311
0.88838476
0.5898105
0.6505546
0.6623857
0.7194864
0.66380143
0.699245
0.7265171
0.6618999
0.5828494
0.82763064
0.65090054
0.5957501
0.575662
0.69234705
0.6322216
0.42514506
0.44564798
0.550683
0.5595101
0.5310527
0.6404263
0.5036519
0.5352655
0.53776073
0.5339544
0.5263507
0.5105594
0.44797316
0.6844537
0.5534991
0.68582684
0.68621564
0.8374929
0.6670952
0.6413076
0.810525
0.57370514
0.6814604
0.6665571
0.8371199
0.6660068
0.89625525
0.8089523
0.652443
0.88603747
0.7385063
0.7037264
0.6811931
0.73814416
0.6300459
0.59643704
0.5938474
0.711719
0.7344536
0.5624838
0.5566791
0.51093036
0.67039806
0.69471157
0.5717713
0.5926481
0.63238436
0.6191647
0.6325911
0.60030717
0.6780128
0.6212644
0.7276249
1.0267558
0.71139127
0.5937426
0.6053974
0.5684842
0.70664907
0.5123576
0.54224443
0.59688896
0.7525973
0.64429337
0.74491787
0.77126163
0.69617826
0.69275403
0.62665594
0.6913306
0.64911294
0.6131263
0.5914488
0.6706945
0.6155508
0.7628464
0.70978177
0.75813514
0.88466024
0.94533634
0.8763889
1.0830486
1.0166512
1.096443
0.85026807
0.76253575
0.90207195
0.77243495
0.7501526
0.928091
1.0740641
0.9042461
0.879754
0.9568393
0.73037374
0.75116026
0.89596283
0.7866055
0.8443617
0.9395661
0.9081009
0.82933336
0.7215809
0.7821834
0.96413964
0.9967706
0.8815081
1.024591
0.8268224
0.9590726
0.9455759
0.87423486
0.8689121
0.8698979
0.93398315
0.9442351
1.1920956
1.1103419
1.0476148
1.0571474
0.8480765
0.9890714
0.8705033
0.8327398
0.9892113
0.8501839
0.8761015
0.94799125
0.89922386
0.80213046
0.96393925
0.9749326
0.8486926
0.8232976
1.0157087
0.80224925
0.9951947
0.9435993
0.8331231
1.0038209
0.9808296
0.85243416
0.82668304
0.9289103
0.93134594
0.748957
0.91981024
0.9089812
0.74263287
0.8128575
0.9427216
0.9251075
0.92890704
0.76858824
0.8114394
0.9396351
0.8424808
0.8861054
0.8511491
1.2401193
1.0871891
1.1812135
0.8217274
0.81943166
0.83057296
1.1297534
0.94678444
1.100656
0.9697829
1.0960023
1.052112
1.0159929
0.94383925
1.1050894
0.9208304
0.85116196
1.0756044
0.95017993
0.9426201
0.94438094
1.0318956
1.0204204
0.9162009
0.9476415
1.0627514
1.0080509
0.92809844
0.91366446
1.0318222
0.92182803
0.8686349
1.022594
0.8596544
0.79200524
0.9057363
0.90040696
0.8410504
0.8823796
0.81981295
0.807479
0.9070114
0.82973504
0.75902945
0.8970716
0.89685005
0.7927372
0.807717
0.89707154
0.8888213
0.7589007
0.91331667
0.8031603
0.7632664
0.81335723
0.9527605
0.9313246
0.93834895
0.83985984
0.83904964
0.78486335
0.7860749
0.8357244
0.9418444
0.97848123
0.8291116
0.8008604
0.94529045
0.90353876
0.81464314
0.8837268
0.75498885
0.7558125
0.85472935
0.7581729
0.7225857
0.69834775
0.84050816
0.8213403
0.65203184
0.7411728
0.82427037
0.74123704
