10000
9.85115
9.834784
9.782573
9.812408
9.76193
9.796157
9.769919
9.749725
9.728037
9.6207
9.579985
9.5579605
9.542383
9.457875
9.483234
9.416379
9.435965
9.337936
9.245482
9.21264
9.223406
9.2529125
9.1297245
9.022024
9.120202
9.086431
9.110336
9.016135
8.935708
8.9219265
8.812958
8.815258
8.709964
8.710606
8.612623
8.611819
8.503707
8.385298
8.297808
8.352644
8.3708725
8.200481
8.099691
8.055519
8.045298
7.8912673
7.772494
7.814768
7.615682
7.538983
7.275067
7.494078
7.3266144
7.1528907
7.0724583
7.0072904
6.989929
6.853131
6.944144
6.9551187
7.0372367
7.0034404
6.9390874
6.7843614
6.9450846
6.8482366
6.826846
6.851306
6.8888493
6.957374
6.936124
7.0075603
6.957727
6.9481974
6.9973264
6.978157
7.108216
6.9913297
7.0608926
6.7981534
7.0504503
6.896993
6.978979
6.852166
7.004355
6.8453765
6.902951
7.0265236
6.9575486
6.958489
6.972999
7.231449
7.4053864
7.3997464
7.4907017
7.562601
7.587812
7.8347554
7.949043
8.242751
8.159427
8.207598
8.182024
8.03866
8.088058
8.238562
8.30039
8.274788
8.231141
8.502648
8.402311
8.3299265
8.299701
8.227026
8.177329
8.1220875
8.115603
8.192223
8.135284
8.112397
8.052794
7.974381
7.9109707
8.0499
7.9818835
7.975438
7.983373
7.904208
7.8551884
7.780817
7.7483582
7.652962
7.5956717
7.648789
7.5629787
7.586235
7.5042515
7.6164646
7.560082
7.563158
7.609323
7.590782
7.550304
7.5667105
7.5004387
7.580292
7.528419
7.5580125
7.609469
7.5432587
7.5035443
7.6096487
7.4937534
7.495057
7.4167943
7.412147
7.393706
7.415183
7.280926
7.32733
7.3724556
7.336858
7.2995834
7.3935275
7.3211474
7.2611904
7.26107
7.3407607
7.354304
7.338006
7.371748
7.3989162
7.5085735
7.5382795
7.318186
7.3887053
7.303206
7.273675
7.31677
7.265753
7.1667523
7.1271844
7.1142664
7.1241307
7.0333614
7.1051044
7.102662
7.087161
7.1214128
7.0124393
7.185804
7.0506315
7.018716
6.9175825
6.871838
6.7942686
6.778369
6.6738667
6.529503
6.8851132
6.598234
6.6966805
6.555719
6.5695443
6.5589137
6.3650293
6.366871
6.4126472
6.3875294
6.2515225
6.33621
6.2556276
6.5286727
6.4319754
6.596735
6.2236094
6.461962
6.604164
6.627711
6.6948767
6.5034795
6.6585126
6.532681
6.8279014
6.6969914
6.7249885
6.485051
6.7944827
6.5923867
6.772721
6.7344856
6.692292
6.6584997
6.6734138
6.7085695
6.6976824
6.6277723
6.5603437
6.6720443
6.7050953
6.5682883
6.64254
6.45448
6.742352
6.634712
6.850448
6.4775286
6.860688
6.791021
6.733435
6.7401915
6.3664155
6.6590037
6.549239
6.555516
6.505158
6.603066
6.5631013
6.7550783
6.7437634
6.5556264
6.506262
6.686397
6.6143847
6.7168674
6.6366215
6.5950336
6.7601714
6.7902374
6.6321297
6.701199
6.6818113
6.6338773
6.5693035
6.6790786
6.4680753
6.6167083
6.8186045
6.68343
6.5841413
6.7322283
6.724459
6.664741
6.646611
6.536518
6.63446
6.511986
6.7011623
6.692735
6.6081705
6.561344
6.5682416
6.454969
6.4396515
6.6369476
6.281979
6.4291315
6.507168
6.317816
6.4280167
6.2584996
6.3437157
6.4511986
6.1581116
6.3111753
6.1801267
6.5182295
6.4248395
6.4261236
6.380327
6.4059563
6.519003
6.4739795
6.3786917
6.5364594
6.5990415
6.608963
6.2312584
6.6776686
6.475514
6.562085
6.454319
6.562225
6.368638
6.616475
6.5516486
6.536046
6.456006
6.5062532
6.4416857
6.5468206
6.359844
6.575522
6.2867966
6.5208945
6.3057957
6.519122
6.5285006
6.3564816
6.4044414
6.4281197
6.5021772
6.4454904
6.3732595
6.2881556
6.2879634
6.3591413
6.3798475
6.367887
6.3125076
6.4389625
6.351494
6.355627
6.2002606
6.467164
6.4583964
6.494078
6.5378394
6.611025
6.519663
6.5245395
6.596137
6.596649
6.6742144
6.9217477
6.8479133
6.874313
6.8145046
6.8872128
6.8603764
6.845878
6.8879466
6.911015
6.9418383
7.1262574
6.944337
7.1158953
6.9473257
7.013167
6.8575616
6.905264
6.932623
6.954968
6.836418
6.797912
6.9139223
6.966109
6.850079
6.8911376
6.802228
6.8075504
6.8001013
6.704019
6.68007
6.5885134
6.6320596
6.643763
6.719209
6.702659
6.6061573
6.8852987
6.586328
6.694207
6.6625605
6.6636376
6.4949703
6.598936
6.647771
6.5296535
6.558962
6.655817
6.573342
6.6678395
6.7061257
6.7005744
6.7708807
6.7366595
6.6336184
6.682967
6.6513424
6.827997
6.5871363
6.645178
6.633705
6.656221
6.65831
6.76727
6.6020784
6.645553
6.729904
6.7892537
6.639538
6.7972198
6.895112
6.819358
6.715527
6.6345506
6.7005577
7.0111237
6.8884068
6.8154635
6.872031
6.965854
6.8291483
6.8885765
6.941314
7.0111976
6.936375
7.134065
7.024029
6.9004345
6.8111424
6.88928
6.90771
6.7172756
6.796837
6.928889
6.8869324
6.882315
6.901626
6.8530273
6.98505
6.7749953
7.014936
6.816595
6.842294
6.8968105
6.7188787
6.937812
6.779313
6.6582675
6.9054103
6.925023
6.7462626
6.8247576
6.8514943
6.8422956
7.0558834
6.7643676
6.8618984
6.8176975
6.936271
6.716045
6.9345555
6.8192296
6.955829
6.898033
6.971205
6.9676976
6.903743
7.0596743
7.0230374
6.948043
7.0922146
7.0309763
7.1723957
7.2883997
7.0069513
7.408152
7.3022842
7.2692137
7.2283134
7.324689
7.1845617
7.279195
7.178805
7.396058
7.3781695
7.454353
7.4154687
7.433808
7.3434305
7.1625776
7.206651
7.1148596
7.3481417
7.388713
7.40462
7.2389145
7.1461034
7.20543
7.383248
7.123318
7.153014
7.1410527
7.103907
6.927346
6.9893365
6.987215
6.983072
7.000312
7.052447
6.9956813
7.156557
6.920123
6.933627
6.925622
6.9332843
7.0479226
6.9682827
6.9055653
6.9273815
6.9002366
6.932348
6.9848175
6.9324756
6.9935207
7.012253
6.915947
6.8771524
6.783892
6.927506
7.021883
6.960073
6.8568196
6.849154
6.873972
6.805917
7.0232115
6.97678
7.16208
6.9855556
7.0594296
7.172694
7.1170774
7.0843368
6.984052
7.0516562
7.0818553
7.133222
7.2461815
7.2531333
7.444718
7.247713
7.3858895
7.3881087
7.348056
7.3549685
7.3069634
7.2952166
7.4084334
7.407217
7.324089
7.1349263
7.1402617
7.3487496
7.3269434
7.3860707
7.3014164
7.3528376
7.167401
7.1541977
7.311532
7.228701
7.3276124
7.320257
7.2325883
6.8604736
6.957327
7.0647793
6.9903207
7.0709896
7.0421762
6.9497786
6.856217
6.7020073
6.862446
6.834863
6.796754
6.854114
6.8429766
6.716637
6.964934
6.880407
6.763183
6.892437
6.9221554
6.8674173
6.875664
6.75
7.0340557
6.87978
6.8427796
6.8998938
6.9315357
6.9357543
7.0191708
6.788474
7.026787
6.933237
7.057438
6.8728147
6.965386
6.9490204
7.0729847
6.8139877
7.2045674
7.1989484
6.894645
7.145666
7.28504
7.214948
7.1803966
7.190363
7.221906
7.0842934
7.2787485
7.4612107
7.2996225
7.34708
7.33488
7.2516317
7.411116
7.5629244
7.23818
7.4148855
7.379903
7.461579
7.168164
7.3870625
7.4742928
7.2105694
7.400642
7.0926905
7.298292
7.242469
7.1140523
7.238624
7.4234266
7.225812
6.9695287
7.2774076
7.175296
7.0697455
7.024978
7.0699005
6.8483715
7.067928
6.917652
6.945844
6.913781
6.8493686
6.6752424
6.835205
6.784733
6.667381
6.8529696
6.9087625
6.8223224
6.8256965
6.6718616
6.895091
7.0389957
6.9423466
6.895696
6.9024124
6.7002783
6.9331446
6.9757667
6.887731
6.9331684
6.7963448
7.045505
6.9058967
7.0414257
6.802536
7.034432
6.9754944
6.8580413
6.9868546
6.8923697
7.04471
7.052365
7.0257015
7.0992293
6.9292536
7.180144
6.9961534
7.229883
7.1912346
7.0433044
7.1280365
7.0670624
7.0812387
7.398457
7.041354
7.394635
7.085927
7.394384
7.329342
7.3698835
7.451016
7.1843543
7.320585
7.2969694
7.2240562
7.314762
7.2277727
7.147297
7.163952
7.2190957
7.1032486
7.0997686
7.1372786
7.1497273
7.216674
7.224738
7.1509666
7.2114916
7.029899
7.1189218
6.938781
7.114427
6.9217205
7.0514627
6.9409738
6.982426
6.8646073
6.8617015
6.813444
6.6456375
6.711903
6.746003
6.8812976
6.9162316
6.8846245
6.742034
6.8368626
7.0857
6.868595
7.175076
7.162793
7.1122103
7.1094284
6.8478637
6.562831
6.4609714
6.6370587
6.6050415
6.1913953
6.006913
0
0
0
0
4.648914
4.184526
0
0
0
0
0
0
0
0
0
0
0
0
0
0
0
0
0
0
0
0
0
0
0
0
0
0
0
0
0
0
0
0
0
0
0
0
0
0
0
0
0
0
0
0
6.305329
7.016106
7.07559
6.7941723
7.0638323
7.0384784
6.9253144
6.943091
7.025194
7.108457
7.238917
7.0878873
6.986942
7.1817164
7.067581
7.162219
7.1532154
7.1437645
7.0555735
7.1430206
7.1743364
7.1295896
6.927813
6.990157
6.9951377
6.9012623
7.105361
7.0990696
7.174831
7.3092027
7.280049
7.3919835
7.114003
7.4529195
7.314578
7.448211
7.4164114
7.242338
7.570049
7.4989038
7.5900283
7.6095114
7.5738277
7.5038395
7.615343
7.544966
7.4399967
7.557116
7.5061026
7.59118
7.530481
7.511351
7.499913
7.569424
7.6324368
7.525416
7.4083967
7.356533
7.4364734
7.3698916
7.5100713
7.2915177
7.260393
7.4757533
7.1954274
7.2257977
7.245054
7.4229994
7.3624372
7.1591396
7.2758813
7.301647
7.290968
7.406751
7.3742647
7.325336
7.2641907
7.2344284
7.2441826
7.482362
7.3910093
7.546192
7.4590764
7.579234
7.406521
7.612032
7.5556436
7.5697837
7.400861
7.477612
7.5531707
7.468978
7.3747115
7.566723
7.492859
7.583802
7.6030693
7.550719
7.7165813
7.742157
7.7395835
7.745756
7.837902
7.8117933
7.693829
7.7692156
7.6696863
7.718363
7.6310625
7.6282578
7.3748465
7.550689
7.5790625
7.676445
7.3564625
7.387892
7.482385
7.3945327
7.4114094
7.519378
7.2126803
7.3969116
7.2467027
7.309502
7.1679835
7.3711643
7.29107
7.1564584
7.4723043
7.434827
7.4634676
7.433813
7.3019333
7.382268
7.3593388
7.3068657
7.333376
7.3392334
7.287746
7.3216124
7.3353796
7.5111747
7.3124866
7.464593
7.6343265
7.425894
7.491203
7.5650206
7.6654243
7.530355
7.532372
7.5925317
7.7537494
7.765647
7.953728
7.7154484
7.8067694
7.816092
7.8583307
7.8134613
7.7597547
7.945571
7.7127757
7.5956006
7.4989953
7.5049844
7.432609
7.7671137
7.6548376
7.6045136
7.6366277
7.5853157
7.624428
7.487766
7.5171957
7.5622325
7.298603
7.390527
7.4848747
7.368253
7.3767614
7.4641266
7.439651
7.443689
7.445836
7.511531
7.646635
7.3089056
7.446243
7.466471
7.5647683
7.6192327
7.595429
7.466341
7.6664023
7.7741323
7.833915
7.7994437
7.9205317
7.74964
7.6739163
7.748994
7.744032
7.8556976
7.754461
7.992441
7.802017
7.8464212
7.792652
7.6545477
7.8253074
7.659835
7.583625
7.7200427
7.608712
7.7768617
7.656048
7.5357437
7.626916
7.5897036
7.6185617
7.536934
7.415018
7.4507685
7.5822363
7.4194517
7.5004535
7.444505
7.282878
7.5527544
7.4782615
7.4644036
7.424445
7.24694
7.297748
7.557195
7.445422
7.3663116
7.354315
7.770858
7.6071687
7.8377094
7.6678934
7.7372365
7.7505283
7.868189
7.765608
7.866742
7.85312
7.9572587
7.848812
7.9149117
7.746461
7.678451
7.8515167
7.690628
7.4751554
7.664221
7.6846704
7.4701905
7.627061
7.4197755
7.506692
7.6079626
7.2759857
7.440396
7.461772
7.418826
7.4102054
7.3955564
7.569466
7.379949
7.253078
7.401949
7.4241915
7.4300103
7.2860546
7.519006
7.2529144
7.593927
7.3507304
7.3583956
7.6728516
7.754497
7.564919
7.5545597
7.779827
7.9984813
7.966864
8.010026
7.9233184
7.8881874
7.882377
7.8232236
7.874649
7.9965935
7.841526
7.9181213
7.710168
7.7540607
7.65743
7.691942
7.5630627
7.4444747
7.4588003
7.452841
7.508849
7.4103956
7.3195148
7.255942
7.3067408
7.3493824
7.2497277
7.3641424
7.2267456
7.3436513
7.182787
7.427793
7.4199142
7.331999
7.2585325
7.5417714
7.4979
7.607822
7.707493
7.5271034
7.6252613
7.754482
7.607313
7.5072117
7.826085
7.713335
7.5493836
7.7490864
7.6221437
7.545988
7.5847664
7.4782667
7.5786514
7.4646826
7.4077396
7.44576
7.099548
7.3369117
7.101102
7.1964736
7.0655694
7.362121
7.287175
7.299974
7.038489
7.089416
7.102317
7.1571712
7.044072
7.3774996
7.39958
7.29461
7.397433
7.363901
7.4668956
7.532292
7.423251
7.5688305
7.5196657
7.249769
7.599929
7.4625607
7.7307825
7.5448112
7.713511
7.7659326
7.569601
7.601602
7.548613
7.686155
7.582288
7.62374
7.3210826
7.3785777
7.5969496
7.22102
6.962656
7.419947
7.10085
7.1041155
7.293684
7.0407233
6.6635885
7.104786
6.835578
6.7640896
7.088511
6.8974957
6.9718866
7.011919
7.0447993
7.0305448
7.09145
7.0962467
7.1332703
7.3005347
7.1334243
7.211918
7.545952
7.4158926
7.420332
7.4800143
7.366174
7.4682446
7.656229
7.397233
7.3259325
7.392929
7.2351866
7.3262477
7.1928816
7.0976505
7.0217605
7.326236
7.092188
6.962315
6.9622927
7.2789392
7.068494
6.96973
7.2092576
7.027236
7.038911
6.902194
6.9148536
6.890442
6.8731093
6.8251057
7.0579643
7.182431
7.126243
7.0510187
6.6746125
6.932149
6.947605
7.052026
7.220207
7.2318416
7.3554506
7.2925873
7.453457
7.3328414
7.274397
7.5261054
7.2093844
7.1435423
7.3956776
7.370579
7.469869
7.0813694
7.180596
7.148585
7.269653
7.0750585
7.104171
7.11063
6.867394
6.872797
6.594544
6.8565197
6.6251307
6.8775806
6.8166633
6.7520084
6.8343034
6.7285376
6.7848067
6.7943063
6.565445
6.7877693
6.9366274
6.946433
6.90282
7.0524607
7.1889114
7.121575
6.9223604
7.123937
7.0232196
7.0376487
7.094842
7.2836146
7.02057
6.7609115
6.746545
6.7515955
6.8765764
6.7798653
6.7870617
6.930306
6.606248
6.6518846
6.439604
6.642545
6.7261047
6.3342495
6.379002
6.5250483
6.561096
6.5222845
6.368783
6.455223
6.649977
6.4585233
6.684744
6.761531
6.7091813
6.7498217
6.985345
6.712234
6.787509
6.9551024
6.9377494
6.818046
6.6973333
6.8396225
6.419916
6.490099
6.3001347
6.6591253
6.4246807
6.6172323
6.66066
6.735134
6.411128
6.4118915
6.5745387
6.296982
6.16733
6.397674
6.0825014
6.2465916
6.1297445
6.0642138
6.110793
6.3674383
6.2868786
6.0574408
6.286896
6.1223884
6.082573
6.21078
6.1649685
6.068777
6.110852
6.122197
6.289112
6.330263
6.2779098
6.3056464
6.5195885
6.3489447
6.26908
6.623378
6.4381514
6.0279093
6.371505
6.5710926
6.0977335
6.141614
6.314961
6.234713
6.296734
6.1414013
6.1462765
6.1077833
6.342295
6.144213
6.190896
6.15598
6.0070605
6.115382
0
0
0
0
4.1952567
4.9903493
0
4.2648106
0
0
0
0
6.0822344
0
4.902047
0
0
4.125208
0
0
0
0
5.345174
0
0
0
6.246278
4.9658184
0
0
6.4475384
6.302588
6.1409874
6.537615
6.1591897
6.2050824
6.173485
6.4035397
6.518477
6.473248
6.403089
6.371491
6.580161
6.4105716
6.3774943
6.472559
6.5873904
6.256134
6.2840657
6.360294
6.259731
6.750411
6.5074043
6.490513
6.2275925
6.338485
6.358492
6.421429
6.519658
6.4745917
6.3473616
6.523405
6.379829
6.5836797
6.4474173
6.6146164
6.4360757
6.153653
6.405053
6.2219086
6.383725
6.50687
6.76236
6.629037
6.657322
6.597581
6.5346594
6.5575643
6.475207
6.784511
6.5074763
6.477159
6.4415674
6.61517
6.482214
6.4708295
6.328404
6.3064055
6.6661034
6.7073936
6.607376
6.647751
6.6920567
6.5009823
6.530369
6.5884447
6.8650775
6.3564396
6.616027
6.6435666
6.7590866
6.733473
6.7348933
6.7607784
6.5591054
6.6176558
6.766831
6.7214994
6.536499
6.3664093
6.6030293
6.3910785
6.4307823
6.3002663
6.2461014
6.542632
6.2992935
6.4598136
6.710598
6.7621017
6.5863357
6.621177
6.501522
6.57859
6.4203773
6.5899973
6.568533
6.5958285
6.8523808
6.863947
6.6968017
7.005095
6.6511955
6.743743
6.756101
6.879436
6.8234377
6.9238048
6.609418
6.719545
6.6928306
6.813701
6.693355
6.9762897
6.675074
6.632393
6.8171377
6.614401
6.717757
6.67001
6.5906463
6.525627
6.4251904
6.509222
6.8103623
6.6945868
6.721181
6.6065807
6.7467303
6.5519123
6.665528
6.5418153
6.5523367
6.733327
6.7157555
6.7984986
6.86882
6.712903
6.8732715
6.620551
6.3564825
6.3865223
6.4498835
6.6452627
6.662702
6.576978
6.6762075
6.588815
6.580203
6.531691
6.3877563
6.3048005
6.237621
6.088814
0
5.73335
5.5269775
0
0
6.1416793
6.0399866
6.1861215
6.0442295
0
6.0075903
0
6.178135
0
0
0
6.0834455
6.0814834
6.039198
0
0
6.090404
6.0715685
0
6.1058464
6.1809072
6.1980033
6.0047708
6.230772
6.1344314
6.051184
6.0808883
6.223325
6.0402923
0
0
6.097021
6.1126533
6.000152
6.03261
4.7573295
5.9970036
0
0
0
6.0386066
6.047371
4.3882413
0
0
0
5.672573
5.6049404
0
0
0
0
0
5.367083
0
0
0
0
0
0
0
5.2879715
0
6.1846695
6.063875
6.1099825
0
4.558255
0
4.6841097
0
5.1062536
0
0
4.805511
0
0
0
0
0
0
0
0
0
0
0
0
0
0
4.4842305
0
4.489963
4.4914026
0
4.0901866
0
0
0
0
0
4.391652
0
5.040748
4.2679005
0
0
0
0
0
0
0
4.0849123
0
4.2365537
0
0
0
0
0
0
5.6973705
0
0
0
4.65189
0
0
0
0
0
0
0
0
0
0
0
4.7967453
0
0
0
0
4.7873435
0
0
0
0
0
5.678226
0
0
0
5.5737104
4.484455
0
0
0
4.390032
0
0
0
0
0
0
0
4.182747
0
0
0
0
0
0
0
5.5296984
5.6166687
0
0
0
0
0
0
0
0
0
0
0
0
0
0
0
0
0
0
0
0
0
0
0
0
0
0
0
0
4.871192
0
4.8028307
0
0
0
0
5.402108
0
0
0
0
0
0
0
0
4.2169733
0
4.200693
0
0
0
5.4233437
0
0
5.4076347
0
0
0
5.4381285
0
0
0
0
0
0
0
0
0
0
0
0
0
0
0
0
0
0
0
0
0
0
0
0
0
0
0
0
0
4.8588934
0
0
0
0
4.9781284
0
0
0
0
0
0
4.8050075
0
0
0
0
0
4.1664124
