10000
0
5.0845118
0
0
0
4.617756
5.1211123
5.200879
0
5.2641
0
5.326513
5.2382603
0
5.252573
0
5.1779137
5.248302
5.089267
5.1830893
0
5.1760693
5.097958
5.178426
5.234455
5.2503066
5.245517
5.165464
0
5.1575027
5.2170877
0
0
0
5.2092156
5.196537
0
0
5.185869
5.2661023
0
0
4.4993353
5.17409
4.884785
5.2586246
5.2709446
5.1994143
0
5.1782928
4.9462132
5.2255526
5.0104814
4.80377
4.9835668
0
0
0
0
0
0
0
0
0
4.613259
4.893516
5.0096383
4.7999406
5.011973
0
0
0
0
0
4.8555226
0
4.7302814
0
0
4.859921
0
0
4.95235
4.871565
4.7913227
4.7287846
0
4.6273966
0
4.4563084
0
0
0
4.4818263
0
4.594191
4.5997353
4.6650286
0
0
0
4.6348414
4.6094537
0
4.7210813
0
0
4.6813116
4.6965256
4.4820247
4.786666
0
0
4.557315
0
0
0
0
0
0
0
4.233288
0
0
0
0
0
0
0
0
0
0
0
0
0
0
0
0
0
0
0
0
0
0
0
0
0
0
0
0
0
0
0
0
0
0
0
0
0
0
0
0
0
0
0
0
0
0
0
0
0
0
0
0
0
0
0
0
0
0
0
0
0
0
0
0
0
0
0
0
0
0
0
0
0
0
0
0
0
0
0
0
0
0
0
0
0
0
0
0
0
0
0
0
0
0
0
0
0
0
0
0
0
0
0
0
0
0
0
0
0
0
0
0
0
0
0
0
0
0
0
0
0
0
0
0
0
0
0
4.2205534
0
0
0
4.347918
4.340256
4.3571277
4.2264442
4.326981
0
0
4.2303457
0
0
0
0
0
0
0
0
0
0
0
0
0
0
0
0
4.3308997
4.312168
0
4.4608555
4.292786
0
0
0
0
0
0
0
0
4.334817
4.5802555
4.5697293
0
4.53421
0
0
4.607256
0
4.4998326
4.4925027
0
4.6285543
4.547884
0
0
4.5935135
0
4.5220513
4.5665812
4.531515
0
4.6180625
4.5510798
0
4.4565334
0
0
0
4.573793
4.5622573
0
4.222071
4.6219225
0
0
4.6986876
0
0
4.581055
4.6530066
4.578574
0
4.5935984
4.6289577
4.495655
4.514827
0
0
0
0
0
0
0
0
0
0
0
0
0
0
0
0
0
0
0
0
0
0
0
0
0
0
0
0
0
0
0
0
0
0
0
0
0
0
0
0
0
0
0
0
0
0
0
0
0
0
0
0
0
0
0
0
0
0
0
0
0
0
0
0
0
0
0
0
0
0
0
0
0
0
0
0
0
0
0
0
0
0
0
0
0
0
0
0
0
4.086289
4.162756
0
4.256848
0
0
4.22852
0
0
0
0
0
0
0
0
4.197304
4.1780925
0
0
0
0
0
0
0
0
0
0
0
0
0
0
0
0
0
0
0
0
0
0
0
0
0
4.1977854
4.1946473
0
4.177138
0
4.2793813
4.345364
0
0
4.428556
0
4.3602986
4.380527
4.480603
4.562266
0
0
4.511898
4.445619
0
4.409537
4.43811
4.477413
4.486205
4.467007
0
4.4385653
0
4.257644
0
0
4.364785
4.450648
4.3596916
4.400336
4.325391
4.3967834
4.385195
4.341258
4.3670726
4.214412
0
0
0
0
4.3067527
4.388456
4.363742
0
0
0
0
0
0
0
0
0
0
0
0
0
0
0
0
4.5198293
0
0
4.485926
0
0
0
0
4.798228
4.603768
0
4.684496
4.577731
4.751048
0
4.50155
0
0
4.3499002
4.203426
0
0
0
0
0
0
0
0
0
0
4.3038745
0
4.3227057
4.3086143
4.370738
0
4.282898
0
0
0
4.2954783
0
4.262866
0
4.3136215
4.3903427
0
4.4358025
0
0
0
4.4033537
4.3100367
4.3703394
0
4.383439
4.4356456
4.3431826
4.4715014
0
4.4922714
4.51401
4.556519
0
0
0
4.510372
0
0
0
0
4.506275
4.4607477
0
4.413348
4.4545617
0
4.221659
4.3333454
4.3577743
0
0
4.3284802
4.31227
4.1801367
0
0
0
0
0
0
0
4.197281
0
0
0
0
0
4.0632
0
4.1805863
0
0
0
0
0
0
0
0
0
0
0
0
0
0
0
0
0
0
0
0
0
0
0
0
0
0
0
0
0
0
0
0
0
0
0
0
0
0
0
0
0
0
0
0
0
0
0
0
0
0
0
0
0
0
0
0
0
0
0
0
0
0
0
0
0
0
0
0
0
0
0
0
0
0
0
0
0
0
0
0
0
0
0
0
0
0
0
0
0
0
0
0
0
0
0
0
0
0
0
0
0
0
0
0
0
0
0
0
0
0
0
0
0
0
0
0
0
0
0
0
0
0
0
0
0
0
0
0
0
0
0
0
0
0
0
0
0
0
0
0
0
0
0
0
0
0
0
0
0
0
0
0
0
0
0
0
0
0
0
0
0
0
0
0
0
0
0
0
0
0
0
0
0
0
0
0
0
0
0
0
0
0
0
0
0
0
0
0
0
0
0
0
0
0
0
0
0
0
0
0
0
0
0
0
0
0
0
0
0
0
0
0
0
0
0
0
0
0
0
0
0
0
0
0
0
0
0
0
0
0
0
0
0
0
0
0
0
0
0
0
0
0
0
0
0
0
0
0
0
0
0
0
0
0
0
0
0
0
0
0
0
0
0
0
0
0
0
0
0
0
0
0
0
0
0
0
0
0
0
0
0
0
0
0
0
0
0
0
0
0
0
0
0
0
0
0
0
0
0
0
0
0
0
0
0
0
0
0
0
0
0
0
0
0
0
0
0
0
0
0
0
0
0
0
0
0
0
0
0
0
0
0
0
0
0
0
0
0
0
0
0
0
0
0
0
0
0
0
0
0
0
0
0
0
0
0
0
0
0
0
0
0
0
0
0
0
0
0
0
0
0
0
0
0
0
0
0
0
0
0
0
0
0
0
0
0
0
0
0
0
0
0
0
0
0
0
0
0
0
0
0
0
0
0
0
0
0
0
0
0
0
0
0
0
0
0
0
0
0
0
0
0
0
0
0
0
0
0
0
0
0
0
0
0
0
0
0
0
0
0
0
0
0
0
0
0
0
0
0
0
0
0
0
0
0
0
0
0
0
0
0
0
0
0
0
0
0
0
0
0
0
0
0
0
0
0
0
0
0
0
0
0
0
0
0
0
0
0
0
0
0
0
0
0
0
0
0
0
0
0
0
0
0
0
0
0
0
0
0
0
0
0
0
0
0
0
0
0
0
0
0
0
0
0
0
0
0
0
0
0
0
0
0
0
0
0
0
0
0
0
0
0
0
0
0
0
0
0
0
0
0
0
0
0
0
0
0
0
0
0
0
0
0
0
0
0
0
0
0
0
0
0
0
0
0
0
0
0
0
0
0
0
0
0
0
0
0
0
0
0
0
0
0
0
0
0
0
0
0
0
0
0
0
0
0
0
0
0
0
0
0
0
0
0
0
0
0
0
0
0
0
0
0
0
0
0
0
0
0
0
0
0
0
0
0
0
0
0
0
0
0
0
0
0
0
0
0
0
0
0
0
0
0
0
0
0
0
0
0
0
0
0
0
0
0
0
0
0
0
0
0
0
0
0
0
0
0
0
0
0
0
0
0
0
0
0
0
0
0
0
0
0
0
0
0
0
0
0
0
0
0
0
0
0
0
0
0
0
0
0
0
0
0
0
0
0
0
0
0
0
0
0
0
0
0
0
0
0
0
0
0
0
0
0
0
0
0
0
0
0
0
0
0
0
0
0
0
0
0
0
0
0
0
0
0
0
0
0
0
0
0
0
0
0
0
0
0
0
0
0
0
0
0
0
0
0
0
0
0
0
0
0
0
0
0
0
0
0
0
0
0
0
0
0
0
0
0
0
0
0
0
0
0
0
0
0
0
0
0
0
0
0
0
0
0
0
0
0
0
0
0
0
0
0
0
0
0
0
0
0
0
0
0
0
0
0
0
0
0
0
0
0
0
0
0
0
0
0
0
0
0
0
0
0
0
0
0
0
0
0
0
0
0
0
0
0
