10000
9.851135
9.834766
9.7826
9.812404
9.761913
9.796151
9.769941
9.749742
9.72802
9.620723
9.579968
9.557966
9.54239
9.457876
9.483251
9.416343
9.435958
9.33791
9.245484
9.21265
9.223407
9.252904
9.129716
9.022005
9.120185
9.0864525
9.110329
9.01615
8.93571
8.921912
8.812967
8.815266
8.709947
8.7106285
8.61261
8.61184
8.503707
8.385309
8.297817
8.352648
8.370876
8.200477
8.099693
8.0555105
8.045296
7.891269
7.772477
7.8147774
7.615676
7.5389867
7.275063
7.4940777
7.3266
7.152875
7.0724635
7.0072904
6.9899335
6.8531313
6.9441447
6.9551325
7.0372305
7.0034437
6.9390774
6.784348
6.9450746
6.8482246
6.826852
6.851306
6.888854
6.9573655
6.9360976
7.007563
6.957742
6.948209
6.9973373
6.978165
7.1082115
6.9913144
7.0609117
6.7981343
7.0504546
6.896999
6.9789834
6.8521557
7.0043535
6.845358
6.9029503
7.0265145
6.9575443
6.958493
6.9730167
7.231439
7.405394
7.39977
7.4907064
7.562597
7.58781
7.8347626
7.949036
8.242758
8.159435
8.207592
8.182028
8.038648
8.088067
8.238559
8.300397
8.274788
8.231156
8.502651
8.402312
8.329924
8.299692
8.227012
8.177339
8.122085
8.115587
8.192221
8.135281
8.1124
8.052794
7.974387
7.910967
8.049883
7.981887
7.9754386
7.983393
7.904204
7.8552017
7.780823
7.7483807
7.6529617
7.595668
7.6487775
7.562973
7.586229
7.504241
7.616461
7.560089
7.5631676
7.609313
7.590778
7.5503016
7.5667048
7.500419
7.580293
7.5284276
7.558029
7.6094604
7.543247
7.503537
7.6096554
7.4937506
7.495058
7.4167833
7.412147
7.3937025
7.4151955
7.280909
7.327331
7.372446
7.336854
7.299584
7.393531
7.3211503
7.261202
7.2610583
7.3407564
7.3543005
7.338009
7.371734
7.3989005
7.5085726
7.538269
7.318198
7.388715
7.3032146
7.273678
7.3167667
7.265762
7.1667314
7.127185
7.114276
7.1241493
7.0333757
7.1050963
7.102652
7.0871644
7.1214395
7.0124307
7.185801
7.050622
7.0187244
6.9175806
6.8718376
6.794257
6.778369
6.6738915
6.5295076
6.8851175
6.5982275
6.6966715
6.5557184
6.56955
6.558918
6.3650403
6.3668685
6.4126453
6.3875527
6.251513
6.3362026
6.2556496
6.52867
6.431979
6.5967417
6.223612
6.4619536
6.604164
6.6277027
6.6948667
6.5034947
6.6585016
6.532678
6.8279014
6.6969748
6.7249994
6.4850435
6.794492
6.5923815
6.7727323
6.734513
6.692289
6.65849
6.673433
6.708556
6.6976857
6.62777
6.560335
6.6720624
6.7050934
6.5682945
6.6425376
6.454468
6.742372
6.634688
6.85043
6.477525
6.860688
6.7910123
6.733418
6.7401924
6.3664284
6.659013
6.5492277
6.55552
6.5051527
6.603082
6.563102
6.7550626
6.7437496
6.55562
6.5062623
6.6864
6.6143713
6.7168493
6.636631
6.595027
6.7601647
6.790248
6.632109
6.70119
6.6817975
6.6338816
6.569306
6.679089
6.468077
6.6167054
6.8186226
6.6834393
6.584139
6.7322392
6.7244625
6.664754
6.646625
6.536529
6.634451
6.512005
6.7011695
6.692742
6.6081796
6.561363
6.5682416
6.454972
6.439657
6.6369596
6.2819896
6.4291224
6.507171
6.317816
6.428005
6.2585
6.343721
6.4511957
6.158121
6.3111777
6.1801353
6.518225
6.424833
6.426105
6.3803253
6.405951
6.518988
6.4739833
6.3786926
6.536468
6.5990505
6.6089563
6.2312555
6.6776705
6.4755206
6.5620904
6.4543185
6.562214
6.368631
6.616481
6.5516496
6.536043
6.456011
6.506265
6.441707
6.546829
6.3598595
6.575534
6.286799
6.520904
6.3057857
6.5191383
6.528512
6.356471
6.40444
6.4281034
6.5021715
6.4454856
6.3732543
6.288169
6.2879663
6.359144
6.3798676
6.367891
6.3125153
6.4389367
6.3515
6.3556347
6.20025
6.467166
6.458408
6.49408
6.5378423
6.6110296
6.5196695
6.5245504
6.596144
6.5966663
6.674219
6.9217477
6.8479147
6.874324
6.814504
6.8872247
6.8603687
6.8458967
6.8879538
6.911027
6.9418445
7.126241
6.944341
7.1159015
6.9473095
7.013174
6.8575535
6.905278
6.9326096
6.954969
6.83642
6.797909
6.9139347
6.9661093
6.850081
6.8911433
6.8022394
6.807555
6.8000975
6.7040167
6.680067
6.588518
6.6320505
6.7631526
6.764443
6.702672
6.675184
6.778781
6.58633
6.6941934
6.662579
6.663632
6.4949827
6.5989594
6.6477737
6.5296497
6.5589604
6.6558146
6.573333
6.6678333
6.7061315
6.700574
6.7708793
6.7366433
6.6336308
6.682962
6.6513543
6.8280096
6.5871305
6.7909775
6.6086407
6.656222
6.658312
6.767269
6.602078
6.645548
6.729905
6.789257
6.639555
6.7972255
6.8951106
6.8193593
6.715534
6.63455
6.7005515
7.011129
6.8884025
6.815479
6.8720436
6.965862
6.829151
6.888573
6.941322
7.0111723
6.936379
7.134066
7.0240293
6.9004374
6.8111386
6.8892736
6.9077053
6.7172747
6.7968245
6.928891
6.886942
6.882312
6.901614
6.8530135
6.985054
6.774984
7.014951
6.816595
6.842284
6.8967996
6.718882
6.93782
6.779311
6.658255
6.905399
6.925022
6.746267
6.8247747
6.8515
6.842295
7.055899
6.7643867
6.8618965
6.8176885
6.936264
6.7160487
6.9345427
6.819235
6.9558234
6.8980393
6.971203
6.967696
6.903756
7.0596695
7.023034
6.948044
7.092212
7.0309677
7.172417
7.2883887
7.0069513
7.4081554
7.302301
7.2692013
7.2283077
7.32469
7.18454
7.2791896
7.1788163
7.396043
7.3781753
7.4543586
7.415467
7.4337997
7.3434124
7.1625943
7.206641
7.114871
7.348142
7.3887134
7.40462
7.2389207
7.146099
7.205414
7.383258
7.1233153
7.1529956
7.14105
7.103904
6.927342
6.989345
6.987204
6.983072
7.0003257
7.0524387
6.9956827
7.156543
6.92014
6.933608
6.9256206
6.933297
7.047907
6.968266
6.9055815
6.927393
6.9002395
6.9323497
6.984826
6.932462
6.993516
7.0122466
6.9159317
6.877149
6.783898
6.9274893
7.02188
6.960076
6.8568196
6.8491592
6.8739805
6.805906
7.0232096
6.9767957
7.1620774
6.98554
7.059433
7.172679
7.117075
7.0843487
6.9840627
7.0516286
7.081872
7.133221
7.2462006
7.2531357
7.4447155
7.247705
7.3858824
7.3881164
7.348055
7.354985
7.3069587
7.295226
7.408419
7.407219
7.3240714
7.1349134
7.1402826
7.348749
7.326952
7.386083
7.301415
7.3528533
7.1397333
7.256796
7.1804175
7.384014
7.3276143
7.3202252
7.26985
6.9508333
6.8234506
7.064784
7.074808
7.0156994
6.9751654
6.9995856
6.7916293
6.702007
6.862454
6.8348713
6.796734
6.8540964
6.7777205
6.7045083
6.879064
6.880415
6.875458
6.8202257
6.9221554
6.867431
7.003242
6.7499804
6.8869257
6.959029
6.8427863
6.899885
6.9315457
7.0523896
6.8751874
6.8661895
6.810231
6.9693336
6.9590545
7.0938787
6.8518467
7.0523086
6.92883
6.885353
7.1637826
7.054296
7.0223475
7.035788
7.285039
7.2149477
7.347235
7.0678525
7.3212624
7.077401
7.2450304
7.396983
7.341628
7.5042796
7.410848
7.3179903
7.410919
7.5764847
7.29933
7.468755
7.4612436
7.4309673
7.2848444
7.4454107
7.517765
7.3309584
7.321739
7.371321
7.239912
7.2431903
7.304688
7.4003487
7.38271
7.330405
7.229532
7.2316623
7.0825486
7.166543
7.1446285
7.038232
6.85393
6.8653092
6.9836226
6.9157677
6.8923507
6.877261
6.8882666
6.897456
6.914299
6.8695045
6.8018484
6.69901
6.8974285
6.6873856
6.8160157
6.8357706
6.9671483
6.8479013
6.8318186
6.9609294
6.790308
6.8586955
7.007164
6.839415
6.931348
6.9600844
7.0076737
6.8543324
6.910556
6.9456816
7.021122
6.980478
6.8580484
6.9868655
6.8923955
7.085463
7.085619
7.0001154
7.2122555
6.929239
7.18015
6.99615
7.229883
7.1912346
7.174408
7.049993
7.06705
7.0812383
7.1018295
7.4058127
7.3401423
7.338914
7.335064
7.3525167
7.3698993
7.4313774
7.1682177
7.2163024
7.2842226
7.242709
7.297678
7.2234964
7.2528563
7.133177
7.375593
7.0449824
7.176882
7.11449
7.1324143
7.1961045
7.2424436
7.125433
7.025285
7.0578914
7.2093368
6.970934
7.0189323
7.047655
6.957133
7.067884
7.0342646
6.897907
6.890041
6.854303
6.838235
6.734705
6.906773
6.786428
6.9848976
6.733704
6.917364
6.8604865
6.8777957
6.8685865
7.175082
7.2007165
7.1605554
7.05959
6.8478804
6.5628242
6.460951
6.608479
6.605034
6.1913967
6.006924
5.7001357
5.303458
5.30413
5.169394
4.7266507
4.38341
4.228889
0
0
0
4.116383
4.1361747
0
4.038889
0
0
0
0
4.0790744
4.0409884
0
4.0553713
0
0
4.2304726
4.551342
4.6170573
4.2989855
4.2875557
4.2207108
4.169177
0
4.091362
4.1452765
4.800088
5.871455
6.0375633
5.971667
5.66724
5.5667
5.6670747
5.777162
6.142824
6.5135517
6.6076775
7.094887
6.7527423
6.65365
6.8960752
6.869053
6.9873185
6.999877
6.708068
6.9149437
7.0638113
7.0384827
6.9253163
6.9430757
7.025174
7.1084504
7.23892
7.087924
6.9869547
7.1817102
7.067585
7.162218
7.1532216
7.1437755
7.0555725
7.1430187
7.174346
7.0798016
6.9497285
6.9901586
7.097442
7.047679
7.082577
6.957349
7.245418
7.35185
7.221893
7.392003
7.49301
7.2793183
7.3958654
7.3158126
7.4164033
7.5613008
7.461208
7.4989038
7.5900273
7.721798
7.621336
7.518425
7.621268
7.5449767
7.44
7.5571194
7.506119
7.5911818
7.530478
7.540889
7.5187397
7.5694323
7.632451
7.5254226
7.408391
7.3565354
7.4364796
7.369899
7.5100775
7.2915063
7.2603993
7.4757705
7.195438
7.2257905
7.245061
7.4229817
7.362454
7.159128
7.2758894
7.3016233
7.2909746
7.4067607
7.3742623
7.407783
7.2418795
7.271342
7.216074
7.6331053
7.4656334
7.360689
7.550942
7.4507074
7.5127053
7.523154
7.409464
7.6099725
7.480627
7.2250967
7.617015
7.380369
7.389023
7.549244
7.4513164
7.585432
7.740451
7.5256634
7.8219414
7.7434096
7.8264065
7.6308475
7.877051
7.895238
7.693826
7.7801375
7.690953
7.625306
7.6312857
7.7785854
7.413642
7.35711
7.6946425
7.535455
7.5908575
7.548195
7.504628
7.512285
7.516203
7.4686007
7.324113
7.355184
7.3989134
7.299196
7.3601217
7.353711
7.319657
7.077
7.462692
7.3342195
7.507722
7.265677
7.3760977
7.2152014
7.38289
7.3244786
7.2422857
7.449821
7.2297697
7.2752194
7.4095883
7.5111866
7.3124785
7.578107
7.634355
7.400175
7.5966454
7.5253515
7.745276
7.5303516
7.5323815
7.512332
7.6201463
7.6755795
7.8716555
7.685976
7.760637
7.680384
7.7616487
7.9062223
7.736335
7.9455547
7.712768
7.595607
7.498982
7.561982
7.424921
7.6809044
7.654823
7.650268
7.720854
7.5853195
7.6364493
7.58789
7.518795
7.476952
7.261239
7.4002895
7.3274136
7.3763223
7.2505503
7.3318686
7.36214
7.409832
7.4477367
7.4435086
7.647841
7.303042
7.378808
7.4088984
7.48888
7.607154
7.541645
7.5368423
7.5894947
7.6718197
7.739797
7.761079
7.8024507
7.798852
7.673922
7.749002
7.7440295
7.855705
7.7544575
7.902367
7.7610736
7.7946544
7.792638
7.7369204
7.7062497
7.663495
7.7020974
7.606989
7.5211415
7.77727
7.656051
7.6610126
7.613925
7.5896893
7.6185555
7.5511923
7.447591
7.509062
7.548477
7.343149
7.5004497
7.4444966
7.2621064
7.552764
7.517902
7.4644065
7.47687
7.317217
7.2977533
7.509114
7.4454145
7.3917866
7.579544
7.7708364
7.607151
7.837715
7.6679096
7.737232
7.750525
7.868206
7.787353
7.866756
7.853119
7.957272
7.8673077
7.9149218
7.7464447
7.6784487
7.7731075
7.753554
7.4751554
7.664225
7.558756
7.6232347
7.6270514
7.4197555
7.5231686
7.4390697
7.431795
7.4404
7.3807125
7.5763745
7.3207483
7.415335
7.534065
7.2745247
7.185986
7.3051324
7.3248787
7.3663373
7.4802837
7.289524
7.405526
7.38871
7.5061107
7.5746536
7.6728477
7.5810165
7.664006
7.6123815
7.779814
7.938554
7.892168
8.010034
7.982795
7.994075
7.781576
7.865981
7.9928923
7.9539704
7.841528
7.9473267
7.7101808
7.6222258
7.6574316
7.7399416
7.7454147
7.444467
7.4587812
7.4528437
7.508858
7.4893613
7.319505
7.2567368
7.3292484
7.349408
7.2497215
7.3641443
7.226736
7.34365
7.1827836
7.4278016
7.419931
7.3320026
7.258545
7.4093833
7.3470907
7.563306
7.6430016
7.620638
7.6252728
7.6884413
7.6600814
7.5418687
7.7157903
7.693316
7.7482915
7.577447
7.5881824
7.6489487
7.650638
7.5689645
7.699593
7.551511
7.5123158
7.300879
7.215635
7.1002035
7.037842
7.159563
6.9285893
7.115681
7.1438427
7.206495
6.799859
7.0086355
6.9425373
7.119628
7.059232
7.08532
7.125277
7.3643265
7.3632326
7.3638906
7.373638
7.559587
7.544711
7.32695
7.5670657
7.429468
7.568692
7.462552
7.7307887
7.6695433
7.5925694
7.7659163
7.569932
7.4543505
7.548602
7.68616
7.582283
7.623738
7.321079
7.3785677
7.5969534
7.2210164
6.9626446
7.4199486
7.1065536
7.043728
7.0463114
7.0253344
6.7745876
6.9853625
7.052767
6.9933457
6.9906526
6.897499
6.971883
6.9841514
7.0505342
7.030558
7.091446
7.0668206
7.1886473
7.3846555
7.133413
7.2119226
7.4348145
7.3040743
7.4203286
7.480006
7.4696646
7.514059
7.544997
7.462098
7.354679
7.2991123
7.2351904
7.326229
7.1928926
7.0584755
7.034931
6.9964676
7.0921907
6.962315
7.0373654
7.291584
7.208044
6.788385
7.149729
7.0981216
7.0389256
6.8512335
6.7394867
7.006211
6.8731213
6.82511
7.0579586
6.8649225
7.2553706
7.050997
6.674601
6.9321404
6.947606
7.0520396
7.0036993
7.231846
7.342505
7.451293
7.695337
7.334773
7.2894692
7.5534053
7.420607
7.14353
7.395688
7.423333
7.4425807
7.08138
7.1805906
7.2995424
7.172091
7.0507946
7.1041737
7.1736164
7.167735
6.8727965
6.6237683
6.8737516
6.950887
6.877573
6.816674
6.7520046
6.834302
6.7564297
6.6570764
6.693602
6.721339
6.7877526
6.9033933
7.0557866
6.9028106
7.0524383
7.083739
7.1606383
7.0193195
7.077324
7.0232263
7.126649
7.042684
7.034884
7.038599
6.8523946
6.808688
6.8840623
6.81927
6.730188
6.628433
6.9658957
6.678237
6.651883
6.4395986
6.642546
6.510226
6.3342476
6.4904623
6.3964643
6.543046
6.5834527
6.38649
6.5409636
6.5774236
6.6027355
6.670179
6.7548523
6.684416
6.9306564
6.8088794
6.9216785
7.05917
6.9678288
7.066284
6.6117344
6.677705
6.693903
6.5497174
6.5498457
6.661863
6.806961
6.6024475
6.6402054
6.7270317
6.5178385
6.3262167
6.411922
6.4096127
6.3287773
6.269537
6.2141676
6.304976
6.145288
6.129756
6.1709223
6.110797
6.254253
6.286873
6.0574255
6.2868805
6.4496155
6.0213723
6.286541
6.037854
6.212925
6.1108575
6.1222053
6.2891145
6.227215
6.2812147
6.3056316
6.377655
6.2333846
6.3439093
6.3026266
6.4381514
6.027897
6.371508
6.1741095
6.097748
6.14163
6.3838015
6.1144443
6.2405353
6.16358
6.1542563
6.2482715
6.2133307
6.1442018
6.316065
6.122587
6.0070653
6.115388
6.0510554
6.0226603
6.097557
6.1238914
5.9050813
6.0953493
6.1020975
6.127761
5.9628
5.877732
5.944224
5.918996
6.1690235
5.9559584
5.852238
6.0099735
6.013745
5.990604
6.1553755
6.1395373
6.26045
6.2358756
6.1924915
6.2153835
6.1914816
6.102441
6.353076
6.0865507
6.0595574
6.1371737
6.4007206
6.12211
6.3585677
6.3979144
6.2490215
6.193054
6.338505
6.3825116
6.377626
6.272631
6.4684215
6.4253063
6.403308
6.5468097
6.3979297
6.376914
6.3851967
6.4222217
6.3946276
6.4838014
6.5526547
6.6476135
6.4432764
6.4360275
6.3258166
6.432835
6.639994
6.3647485
6.5204053
6.505784
6.468079
6.567846
6.3194265
6.729126
6.392241
6.416094
6.266862
6.2154527
6.1416006
6.3351283
6.344655
6.4599433
6.5155425
6.4085345
6.4889607
6.5633245
6.4415727
6.4504857
6.5064306
6.69653
6.377727
6.5111146
6.351959
6.4225154
6.5764675
6.2825465
6.1772633
6.3525877
6.666081
6.707401
6.490712
6.7922263
6.8008504
6.500978
6.531264
6.514509
6.618166
6.35644
6.6160393
6.6435738
6.759099
6.7334685
6.734906
6.7607694
6.559124
6.6176653
6.766839
6.721497
6.5364857
6.3664055
6.603021
6.391061
6.430803
6.3002696
6.246102
6.542629
6.2992945
6.459842
6.6766496
6.762104
6.5863557
6.621164
6.5015254
6.578601
6.420365
6.589977
6.568538
6.595816
6.8523836
6.8932667
6.696798
6.9652534
6.6703854
6.938881
6.7596884
6.8087177
6.8471284
6.8989797
6.681401
6.84337
6.7608676
6.911037
6.8013844
6.9599442
6.8451214
6.7448378
6.829449
6.6787643
6.635029
6.8255477
6.7614446
6.820761
6.478947
6.7988253
6.9789267
6.968245
7.0162735
6.8776593
6.922003
6.7034388
6.668533
6.673506
6.606041
6.681174
6.9483967
6.836895
6.6329145
6.8454394
6.6600256
6.6486707
6.6933627
6.459242
6.588817
6.594347
6.7004285
6.7875566
6.6418657
6.5108438
6.5799494
6.549156
6.464405
6.400659
6.3902693
6.1861305
6.0265465
6.0702567
6.0405235
5.9794025
6.080005
6.19023
6.0842957
6.3186636
6.121388
6.048896
6.026746
6.0586877
6.036063
6.074746
6.1972866
6.052632
6.085008
6.116794
6.1513324
6.021028
6.1607714
6.0046854
6.069023
6.02115
6.315036
6.2482414
6.2691126
6.101633
6.152428
6.2455773
6.0564346
6.0874176
6.218313
6.0806365
6.054392
6.066573
6.1878986
6.080393
6.100249
6.059992
6.0970554
6.0614843
6.099186
5.924525
6.0739026
6.008857
6.190351
6.066356
6.157338
6.0535784
5.928865
5.994396
6.107894
5.9139833
5.839752
5.903552
5.8104153
5.869046
5.982036
5.93731
6.003145
6.0904965
5.848617
5.9845514
5.986962
5.8679266
5.9500575
6.117019
6.1487007
6.1432414
6.0665627
5.8514714
5.851686
5.772318
5.856724
5.9146914
6.016019
6.068733
6.113479
6.085314
6.01626
6.0079713
5.983216
6.0004034
6.125432
6.164806
5.8715715
5.78517
6.035147
6.10948
5.8657565
6.1077914
6.057633
6.124671
6.047072
6.187338
6.0583916
6.141708
5.971394
6.120833
6.0203676
6.150268
5.928092
6.1371617
6.035924
6.082461
6.066971
6.049462
6.0808816
6.021027
5.811362
5.7865324
6.3071804
6.2351403
6.010995
6.0844054
6.257616
6.227298
6.0943594
6.0539002
6.0109124
6.142295
6.031037
5.981188
6.165006
6.189442
6.137561
6.0440316
5.7964177
6.2058115
6.0437255
6.2819924
6.252028
5.8561964
5.923399
5.9311304
5.9327955
6.0822577
6.049054
6.0582757
5.9383993
5.913296
5.984099
5.8753133
6.0015783
5.8965664
6.098533
6.0308976
6.136885
6.244783
6.053243
6.2146544
6.00601
5.8907847
6.108302
5.877049
5.8996806
5.918293
6.0527716
5.7666926
5.8511376
5.7366037
5.851451
5.3641253
5.904155
5.380962
5.6677537
5.638005
5.566077
5.699432
5.512053
6.047019
5.4816146
5.7541065
5.517452
5.710726
5.331519
5.6776075
5.748079
5.8568115
5.403616
5.819555
5.2935658
5.659588
5.453054
5.527801
5.5695777
5.6738114
5.431092
5.5282073
5.3734264
5.5869718
5.325169
5.46884
5.5731025
5.48766
5.36924
5.5024242
5.504518
5.2232914
5.386776
5.394076
5.1259046
5.164093
5.4012423
5.3881507
5.2155323
4.8699913
5.2935534
5.247844
5.0811048
5.1889076
4.945554
4.9741497
5.202387
5.2129364
4.989587
5.383409
5.217579
4.9925017
4.9217424
5.211852
5.2728987
5.2288013
5.1419115
4.633063
5.1921062
5.3629003
5.001899
4.9997463
5.125393
4.989204
4.9265594
4.8885145
5.114999
5.0652857
5.190853
4.9728336
4.723639
5.0301404
5.096061
5.1783333
4.9351983
4.760156
5.0531554
5.154059
5.0875483
5.008526
4.744473
4.985516
4.934652
5.2392273
4.9600577
5.082906
4.761403
4.605704
4.6023197
4.815759
5.0493965
5.0173283
5.1281548
5.000397
4.8408647
4.6703997
4.783891
4.7794766
4.9664307
4.8454447
4.9371495
4.9844804
4.880209
4.8936605
4.7932057
4.764566
4.6677923
4.533134
4.62217
4.663794
4.731562
4.7927423
4.81977
4.9307647
5.0648227
5.1653166
4.9400387
