10000
8.855927
8.894523
8.842504
8.898614
8.876286
8.818639
8.897636
8.863002
8.824459
8.865964
9.019703
9.002474
9.009505
9.023269
9.070319
8.941683
8.81535
8.83766
8.878697
8.887021
8.89477
8.972813
9.032061
9.059419
9.097399
9.073155
9.13482
9.136293
9.157336
9.156447
9.135529
9.143057
9.054901
9.007467
8.942004
8.964037
8.935316
9.023958
9.007795
9.043767
9.060872
9.128093
9.135689
9.1272
9.0686865
9.139683
9.132027
9.063202
9.007658
8.935921
8.905517
8.902406
8.962894
9.055112
9.091397
9.189305
9.191887
9.193497
9.202222
9.152626
9.094898
9.039895
8.985227
8.968882
8.978756
9.048578
9.022446
9.054139
9.029939
9.042385
9.00243
9.062538
9.027552
9.06214
9.045878
8.999374
8.993872
8.949207
8.966639
8.931813
8.784894
8.762965
8.77005
8.805946
8.760651
8.783475
8.860575
8.829331
8.874772
8.789043
8.877854
8.8734045
8.934476
8.881392
8.91311
8.911772
8.9209795
8.9423065
8.851833
8.837875
8.839069
8.810022
8.795839
8.819379
8.821537
8.810495
8.814132
8.868129
8.78342
8.867212
8.827812
8.930565
8.887436
8.87069
8.860885
8.85177
8.871674
8.858453
8.920187
8.942296
8.813358
8.876244
8.816055
8.839989
8.915879
8.827248
8.840491
8.835584
8.8288355
8.899777
8.851974
8.940543
8.922441
8.918577
8.873641
8.8371935
8.853267
8.810209
8.868862
8.891906
8.970711
8.925594
8.893681
8.827155
8.850346
8.750452
8.77826
8.73415
8.7195
8.709308
8.698689
8.759768
8.669946
8.800436
8.712616
8.770988
8.724005
8.685238
8.606501
8.546911
8.493783
8.411882
8.416214
8.420811
8.61073
8.564949
8.521001
8.507239
8.44859
8.350359
8.282502
8.249123
8.124146
8.14872
8.001348
8.026137
7.896616
7.8699303
7.7575846
7.659137
7.3286066
7.114939
6.784622
6.443978
6.031219
5.3750024
4.9280057
4.484796
4.3839684
4.551887
4.721174
5.1155014
5.285054
5.6218634
5.7107005
5.9879527
6.2493143
6.3555655
6.6394243
6.8984575
6.9582524
7.1906357
7.3359413
7.366502
7.4437904
7.5316944
7.6636543
7.6214604
7.672402
7.813793
7.8510485
7.8936677
8.003623
8.059918
8.128733
8.127046
8.185766
8.074013
7.897686
7.909253
7.9056125
7.890451
7.923663
7.892266
8.040992
7.9390936
8.029903
7.9471726
8.021756
7.9592204
8.04
8.005509
8.031738
7.9733167
8.031695
7.9908853
8.063032
8.019334
8.046147
8.063088
8.004991
8.01377
8.006365
7.9822245
7.993911
7.922434
7.8996906
7.8944416
7.88593
7.9243445
7.898472
7.8989644
7.9080124
7.911394
7.9124193
7.897547
7.94235
7.906925
7.9229875
7.8664017
7.942645
7.873494
7.971346
7.9008603
7.9770446
7.9611797
7.9836574
8.067609
8.081396
8.064213
8.21161
8.125824
8.278399
8.244465
8.2948265
8.231452
8.271593
8.249641
8.271957
8.259142
8.240745
8.243152
8.277485
8.236303
8.264319
8.26094
8.302737
8.309248
8.27153
8.329612
8.317652
8.42214
8.443739
8.479419
8.491757
8.3509865
8.246167
8.248024
8.294667
8.35028
8.387774
8.439087
8.405881
8.429542
8.432296
8.431639
8.442528
8.406395
8.428962
8.406516
8.402531
8.395288
8.425063
8.383694
8.436893
8.390841
8.350798
8.386904
8.374783
8.322788
8.273349
8.227108
8.186842
8.233726
8.189629
8.245825
8.248344
8.265327
8.33243
8.302792
8.35818
8.371704
8.353837
8.357207
8.368261
8.407647
8.411613
8.358799
8.375538
8.392195
8.389559
8.367996
8.379947
8.392366
8.408707
8.384801
8.364111
8.348958
8.308041
8.234837
8.302294
8.308767
8.265493
8.16618
8.219372
8.213428
8.179497
8.241481
8.234543
8.253971
8.244624
8.193186
8.23707
8.170816
8.165138
8.149949
8.220384
8.1677685
8.1944275
8.295511
8.446368
8.456976
8.48408
8.476985
8.437296
8.47447
8.48259
8.469711
8.470769
8.456167
8.398619
8.397634
8.29547
8.327442
8.226809
8.32639
8.188668
8.287049
8.173827
8.273644
8.196271
8.185235
8.214766
8.1660595
8.176402
8.135315
8.240922
8.125471
8.271053
8.181768
8.2082615
8.19786
8.192921
8.207759
8.267971
8.227449
8.189103
8.270898
8.166787
8.205632
8.189273
8.25144
8.187909
8.288726
8.20311
8.244703
8.272251
8.222279
8.309605
8.240422
8.309821
8.3050375
8.336557
8.265316
8.349674
8.184021
8.263633
8.086554
8.038151
7.971533
7.9410963
8.189257
8.237707
8.381113
8.368231
8.364874
8.4362
8.420883
8.398054
8.338743
8.235808
8.123528
7.9938045
8.046166
7.957049
7.9505424
7.9863877
8.103671
8.169071
8.19673
8.217205
8.284654
8.193791
8.13409
8.068027
7.9524584
8.071839
8.00003
7.9602976
7.9307
7.9956236
7.7191043
7.9706964
7.91507
7.9212775
7.8145237
7.9625688
7.797535
7.8096743
7.8101864
8.08424
7.979989
8.052326
7.983445
7.99102
7.995112
8.009888
8.070156
8.176046
8.087619
8.062222
8.050663
8.091691
7.996052
8.065495
7.9527125
8.029261
8.040625
8.151384
7.9979253
8.029552
8.129314
8.197762
8.140309
8.196227
7.8839645
7.808888
7.6481996
7.4436526
7.527231
7.375673
7.1045766
7.168511
7.1932507
7.127576
7.0589943
6.9293146
6.8040733
6.6608367
6.3122425
6.246648
6.302343
6.161271
6.031262
5.8050733
5.654456
5.312928
5.308873
5.044993
4.9921575
5.235624
4.7607884
4.6836777
5.006603
5.3441477
6.000608
5.630824
5.6345987
5.0681896
5.152666
5.6968307
5.5209155
5.5765924
4.987035
4.6323795
4.857498
5.149119
5.4565005
5.22911
5.4016953
4.910795
4.765973
5.214423
5.1548815
5.0570097
5.0740967
4.859675
4.970035
5.103576
4.5920568
4.7728133
5.0105867
5.164584
5.621896
6.5056877
6.572166
6.8830104
6.3020573
5.758685
5.240992
5.248358
5.6313553
5.711975
6.312051
6.801446
7.1787767
6.915334
6.9601746
7.103077
6.133584
7.2657375
6.963624
7.062415
7.2221355
7.033112
6.721293
7.1392436
6.8495545
7.2093415
7.3137593
7.708101
7.742698
7.7545376
7.726538
7.589025
7.711444
6.834265
7.383809
7.4746995
7.4718385
7.6228085
7.206002
6.877026
5.970978
4.5672903
0
4.1072946
0
0
0
0
0
0
0
0
0
0
0
0
0
0
0
0
0
0
4.201319
4.057539
4.040025
0
0
0
0
0
0
0
0
0
0
0
0
0
0
0
0
0
0
0
0
0
0
0
0
0
0
0
0
0
0
0
0
0
0
0
0
0
0
0
0
0
0
0
0
0
0
0
0
0
0
0
0
0
0
0
0
0
0
4.2751822
4.316633
4.2950516
4.314109
4.285597
4.3076077
4.37831
4.4049106
4.451105
4.4444904
4.38383
4.3757687
4.4241295
4.34063
4.3062897
4.166391
4.191917
0
0
0
0
0
0
0
0
4.1355877
4.4787235
4.6671124
4.4847846
0
0
0
0
0
0
0
0
4.131545
4.507484
4.427035
0
0
0
4.3139343
4.8813252
4.3306146
4.233171
4.573442
4.726775
4.348159
4.4210625
4.3547673
4.6503787
5.277604
4.8484445
4.5083804
4.4748154
4.182042
4.155366
4.2345057
4.323556
4.7148247
5.0357614
4.8444767
4.72165
4.4968476
4.327873
4.185842
4.4335885
4.363743
4.438267
4.716019
4.924788
4.930913
4.7937064
4.203414
4.117033
4.2698855
4.2971134
4.3916125
4.477844
4.386081
4.5618343
4.705924
4.8198175
4.8120556
4.7366633
4.906707
4.8700695
4.6896286
4.6974807
4.768338
4.873289
4.8339715
4.755863
4.7773385
4.528206
4.3862176
4.381852
4.474288
4.2879257
4.358186
4.402461
4.315137
4.198312
4.174988
4.2197967
4.202349
4.1856484
4.0619016
0
0
0
4.1116323
4.1632056
4.131742
4.192405
4.2179937
4.2345853
4.2817717
4.273387
4.3402805
4.337531
4.319845
4.3952675
4.3875685
4.423931
4.4270034
4.3126926
4.4724016
4.4871287
4.468412
4.4345875
4.463407
4.499137
4.5229955
4.524769
4.3561463
4.4273825
4.520708
4.4408092
4.3442235
4.4161234
4.430228
4.384895
4.4048705
4.0982394
4.0801134
0
0
0
0
0
0
4.1154003
0
0
0
0
0
0
0
0
0
0
0
0
0
0
0
0
0
0
0
0
0
0
0
0
0
0
0
0
0
0
0
0
0
0
0
0
0
0
0
0
0
0
0
0
0
0
0
0
0
0
0
0
0
0
0
0
0
0
0
0
0
0
0
0
0
0
0
0
0
0
4.0419
4.053055
4.148182
4.165502
4.184806
4.2817464
4.1896586
4.24246
4.1953382
4.1470637
4.1740146
4.1043034
4.125124
0
0
4.155238
0
0
0
0
0
0
0
0
0
0
0
0
4.1523676
4.2102737
4.3058143
4.314829
4.399026
4.4704237
4.473321
4.6234765
4.514643
4.3581543
4.464679
4.2149134
4.299112
4.277988
4.398328
4.4583154
4.570875
4.64291
4.58018
4.6311264
4.5732975
4.6284394
4.718202
4.6152534
4.667654
4.7159057
4.720854
4.615693
4.453252
4.3155336
0
4.2040343
4.1292567
4.4482307
4.5790544
4.594911
4.6518817
4.6250076
4.6636286
4.553784
4.427254
4.239007
4.26797
4.2800264
4.6369634
4.856567
5.291061
5.3367615
5.1288533
4.952987
4.673746
4.569026
4.349537
4.413665
4.492562
4.452917
5.021059
5.296999
5.432673
5.7463255
5.4695497
5.3477736
4.9268103
4.742715
4.4401875
4.506193
4.82451
5.1536326
5.4089274
5.5639396
5.736295
5.5923505
5.429935
5.296238
4.9596567
4.570447
4.5056734
4.412335
4.347641
5.050977
5.117366
5.231538
5.0025835
4.6713057
4.5643673
4.3572783
0
4.122
4.2350564
4.14693
0
0
4.094204
4.197522
4.1816387
0
0
0
0
0
0
0
0
0
5.894905
6.058858
6.0158086
6.1680155
6.0422153
6.2257376
6.2310653
6.136796
6.062386
6.1414013
6.0959406
6.0330715
6.035607
6.069816
5.9989347
5.969411
5.6705723
5.5505404
5.53261
5.5422554
5.2107973
5.1824894
4.799607
4.8410296
4.5933948
4.4151683
4.3355966
4.0895953
0
0
0
0
4.9210725
5.0897484
5.0874696
5.072171
5.082932
5.191786
5.3066335
5.312691
5.64321
5.665811
5.6842003
5.599998
5.574553
5.646757
5.602994
5.570044
5.6111107
5.565573
5.754519
5.659452
5.9422865
5.9609604
6.0550933
5.9565744
6.05229
6.0934258
6.040317
6.0651765
6.0422587
6.018873
6.004538
6.090766
6.0621753
6.074256
6.036874
6.0866404
6.0120964
6.0225286
5.9188957
6.0012264
5.983322
6.00673
5.878405
5.7592993
5.6995516
5.6890793
5.5900774
5.674639
5.694601
5.748759
5.7504554
5.7232156
5.7145777
5.5844364
5.7901096
5.6776257
5.742443
5.663985
5.642688
5.72587
5.671322
5.681288
5.636817
5.6427646
5.648734
5.6008306
5.5392275
5.737563
5.6228385
5.6143866
5.617216
5.7130575
5.7160864
5.7018604
5.7641597
5.6558414
5.8062773
5.7280483
5.7075505
5.8250957
5.8110514
5.7005305
5.66212
5.6559467
5.5803638
5.657992
5.722715
5.7580395
5.7955694
5.8685064
5.9486194
5.9693804
5.985318
6.0882616
6.2660866
6.1053815
6.1088996
6.1774755
6.2420306
6.3063297
6.4744015
6.6650634
6.628705
6.668274
6.600746
6.619901
6.543507
6.629781
6.505972
6.583153
6.536255
6.5642385
6.5430803
6.5850754
6.507141
6.5648794
6.5106716
6.481122
6.489827
6.473024
6.443776
6.442824
6.448039
6.4409213
6.4642677
6.450192
6.4203796
6.4538608
6.427326
6.461755
6.442715
6.457362
6.469068
6.458519
6.417643
6.391144
6.348608
6.368852
6.430458
6.3223634
6.333648
6.29964
6.39604
6.409202
6.4550743
6.434596
6.3231764
6.3980346
6.3987474
6.4262896
6.4216204
6.492414
6.438365
6.221087
6.1263475
6.114797
6.2839923
6.327883
6.4865184
6.407298
6.568709
6.485592
6.5297136
6.5383334
6.6492043
6.680813
6.760923
6.692425
6.77122
6.7526455
6.856402
6.8513346
6.8767343
6.738873
6.8247786
6.859245
6.7548075
6.834352
6.844289
6.345764
6.115374
5.724317
5.2890205
5.824691
6.3786535
5.7230315
6.052533
6.2635164
5.253422
6.1967077
6.382757
6.3309746
6.437928
6.300536
6.189057
6.3238697
6.7260547
6.6629295
6.483612
6.372743
6.434438
6.3563004
6.541244
6.55575
6.6059194
6.9004345
7.0326176
6.8498545
6.9029055
6.887132
6.8574324
6.7922807
6.761388
6.7507205
6.7366695
6.847033
6.7587056
6.7834816
6.7141685
6.792098
6.7305593
6.665657
6.6356506
6.8096685
6.6631794
6.760098
6.5892487
6.557448
6.5869474
6.6614385
6.5385566
6.2877936
6.278474
6.212721
6.224606
6.247488
6.3663583
6.401265
6.6557064
6.55907
6.544876
6.45474
6.5209093
6.4142323
6.46915
6.411856
6.6234145
6.663833
6.7513537
6.723418
6.8067846
6.6683903
6.7935686
6.8884544
7.1100273
6.958724
6.424129
5.9735565
5.3750925
0
0
0
0
0
0
0
4.517409
4.536785
4.4732714
4.5268345
4.6495433
4.5613904
4.6275263
4.5891294
4.480033
4.4990745
4.6286793
4.5331798
4.619795
4.704345
4.7867036
4.791112
4.765819
4.8143086
4.8436174
4.9399915
4.8222327
4.899601
4.8743005
4.878313
5.0248013
5.052685
5.050247
5.0716577
5.170687
5.1809974
5.1479526
5.1232104
5.107804
5.0314956
5.035241
5.0705976
4.9422097
4.9713707
5.0683064
4.9595513
4.99219
5.01489
4.8911657
4.8955393
4.9530997
4.9727077
4.975497
4.943683
4.8170924
4.9059305
4.88258
4.9048314
4.902396
4.8990536
4.877532
4.8345046
4.9271145
4.8791428
4.795143
4.858155
4.878478
4.875195
4.878317
4.8998594
4.906666
4.7984333
4.808531
4.922533
4.923209
4.9278097
4.9123588
4.924801
4.8666267
4.903096
4.930213
4.866872
4.935171
4.955265
4.9011464
4.9165473
4.8570704
4.925631
4.8946304
4.9027724
4.954601
4.943942
4.848313
4.9674363
4.8214765
4.874592
4.945265
4.9779005
4.9180913
4.933846
4.9703455
4.9719563
4.900505
4.953618
4.9134827
4.9565845
4.9404855
4.99444
4.987359
5.009623
4.9610176
4.9512625
4.98291
5.0142593
4.9801683
4.9368277
4.9025908
4.9242125
4.978957
4.943057
4.870354
4.926173
4.856062
4.9061294
4.948061
4.9405966
4.8882313
4.8457155
4.8758354
4.84142
4.8558035
4.8649254
4.863634
4.916323
4.89918
4.9208264
4.9228926
5.0041695
5.028996
5.048857
5.0503716
5.0667853
5.0614524
5.076665
5.055277
5.0058045
5.0251994
5.021064
5.0127296
5.054317
5.039431
4.9067483
5.0048165
4.9597793
4.899816
5.023372
4.9509706
5.0277834
5.015778
4.971962
5.041819
5.2517223
5.2921057
5.4024687
5.3882227
5.3610263
5.401044
5.425799
5.48034
5.505416
5.4770517
5.5302978
5.517358
5.506588
5.538201
5.5650005
5.5184393
5.557808
5.55206
5.521393
5.587183
5.485774
5.567605
5.56414
5.5801992
5.5599203
5.523279
5.5130944
5.521756
5.5056386
5.5530186
5.5178514
5.5499144
5.5467577
5.580053
5.570536
5.5210085
5.592107
5.565034
5.5573163
5.5668173
5.545227
5.563433
5.5849476
5.561583
5.5410204
5.5737057
5.5586333
5.596616
5.6048794
5.5206604
5.506871
5.5744925
5.54617
5.5711164
5.5940366
5.567279
5.5643015
5.548278
5.527956
5.505224
5.4520006
5.471356
5.5425243
5.4829383
5.4602284
5.476021
5.560636
5.5560336
5.5218368
5.5667677
5.546603
5.5047183
5.537321
5.48984
5.496179
5.6416283
5.560289
5.6374598
5.638094
5.6121893
5.5966578
5.57753
5.636325
5.5842443
5.6579185
5.6331377
5.580142
5.652802
5.5721846
5.640984
5.6086345
5.6393275
5.5732794
5.6625156
5.629967
5.6411414
5.635471
5.5880365
5.5765257
5.6096725
5.545834
5.473769
5.4808106
5.4094048
5.3049607
5.217362
5.1321974
5.119175
4.9518185
4.810563
4.690174
5.391315
5.1606207
4.2802277
0
0
0
4.199184
4.5849705
4.8648925
4.931083
4.5862713
4.3266897
0
0
0
4.736584
4.9493523
4.973688
5.0227475
4.9579015
4.9529023
4.9836006
4.900835
4.853238
4.828383
4.77799
4.782715
4.7974124
4.779227
4.7314405
4.7199244
4.633777
4.6298647
4.5591216
4.5840406
4.596728
4.636407
4.7547283
4.79885
4.7257104
4.397813
0
0
0
4.517503
0
0
0
0
0
0
6.1459107
6.3687205
6.3017273
5.5714703
5.5857897
5.960678
6.6521544
7.1780577
6.854661
6.2865205
5.715081
6.03071
6.064979
5.8067937
5.668394
