10000
5.1586156
5.159327
5.156007
5.270517
5.1965303
5.1490984
5.1214895
5.11008
5.1947246
5.1661396
5.1655293
5.124376
5.254095
5.1968203
5.2524433
5.1733494
5.151663
5.201739
5.3191395
5.245504
5.271409
5.185203
5.1479473
5.187377
5.160734
5.2732053
5.175034
5.1651406
5.2483025
5.198021
5.2515354
5.238338
5.232964
5.1538754
5.1968026
5.282107
5.1999674
5.250456
5.29084
5.190356
5.13242
5.218782
5.2019577
5.2354226
5.16758
5.2111235
5.16834
5.2642035
5.1202
5.111126
5.061082
5.1557007
4.9952836
4.9310937
4.922513
4.903424
4.9622483
5.048682
4.8724422
4.8480716
5.02845
5.022623
4.8552146
4.851486
4.9506283
4.800356
4.866065
4.805397
4.8672147
4.9733276
4.9070296
4.9571743
4.933767
4.8790636
4.708369
4.814103
4.751536
4.7246227
4.8135138
4.7251706
4.7079253
4.8380175
4.841034
4.7978578
4.6723866
4.7006774
4.6839666
4.750083
4.738601
4.737715
4.5925
4.6431084
4.856972
4.7612586
4.647414
4.8019366
4.788376
4.5980177
4.5762973
4.54094
4.5919294
4.6751723
4.5480366
4.6550035
4.599145
4.617848
4.632506
4.7059727
4.725211
4.686287
4.641982
4.6958485
4.606399
4.6164346
4.6166964
4.4921975
4.4443874
4.540601
4.415758
4.5356536
4.372451
4.3194857
4.274158
4.252365
4.1828628
0
0
0
0
0
0
0
0
0
0
0
0
0
0
0
0
0
0
0
0
0
0
0
0
0
0
0
0
0
0
0
0
0
0
0
0
0
0
0
0
0
0
0
0
0
0
0
0
0
0
0
0
0
0
0
0
0
0
0
0
0
0
0
0
0
0
0
0
0
0
0
0
0
0
0
0
0
0
0
0
0
0
0
0
0
0
0
0
0
0
0
0
0
0
0
0
0
0
0
0
0
0
0
0
0
0
0
0
0
0
0
0
0
0
0
0
0
0
0
0
0
0
0
0
4.278708
4.4528904
4.4034243
4.3907495
4.3783274
4.3796577
4.4187737
4.4095354
4.2739043
4.298909
4.293579
4.3775682
4.2550707
4.165379
4.2587395
4.250032
4.2609425
0
0
0
0
0
0
0
0
0
0
0
4.4134135
4.5222464
4.492948
4.553893
4.4095745
0
0
0
0
0
0
0
0
4.3402824
4.610652
4.609774
4.614727
4.6758456
4.6382213
4.6396866
4.654376
4.619138
4.6514215
4.72219
4.650337
4.629886
4.646948
4.6298437
4.6136446
4.628427
4.5730953
4.5817432
4.562417
4.4915185
4.535823
4.6411552
4.558645
4.6143637
4.56666
4.509616
4.5066733
4.4497757
4.609817
4.619492
4.735507
4.7486753
4.662655
4.6479754
4.641245
4.638221
4.5958285
4.6258163
4.6146684
4.6672626
4.6031804
4.606942
4.6738424
4.638832
4.5912933
4.6405125
4.621644
4.540795
4.333786
0
0
0
0
0
0
0
0
0
0
0
0
0
0
0
0
0
0
0
0
0
0
0
0
0
0
0
0
0
0
0
0
0
0
0
0
0
0
0
0
0
0
0
0
0
0
0
4.064541
4.1728024
4.2849755
4.1192126
0
0
0
0
0
0
0
0
0
0
0
0
0
0
0
0
0
0
0
0
0
0
0
0
0
0
0
0
0
0
0
0
4.1872144
4.1738744
4.1887183
4.2266283
4.1902714
4.20382
4.269893
4.289786
4.2602143
4.1550736
0
0
0
0
0
0
0
4.337847
4.304819
4.1969385
0
0
0
0
0
0
0
0
0
0
0
0
0
0
0
0
0
0
0
0
0
0
4.190583
4.2326255
4.365567
4.6196766
4.491025
4.6420193
4.5246067
4.5436034
4.574378
4.620248
4.680679
4.732642
4.7437806
4.779243
4.694039
4.691437
4.7275243
4.751589
4.763392
4.7524686
4.747582
4.705245
4.730646
4.7767944
4.7852764
4.680735
4.7069616
4.805173
4.648968
4.626935
4.7067895
4.5639386
4.6727705
4.7039003
4.575356
4.7654996
4.630162
4.594924
4.6292415
4.667727
4.6202245
4.7307386
4.7059383
4.6312904
4.6433654
4.683565
4.6086793
4.576294
4.56105
4.587179
4.66681
4.5563903
4.5435624
4.5454316
4.4821124
4.435465
4.400208
4.4086933
4.2879896
0
0
0
0
0
0
4.137277
4.4508224
4.282857
4.360796
4.419216
4.589215
4.5838737
4.709797
4.83055
4.804901
4.835364
4.473794
4.4781923
4.4986525
4.616916
4.7018456
4.678556
4.6444473
4.2947154
0
4.160113
0
0
4.0927496
4.1295934
4.298109
4.318929
4.3730397
4.6123037
4.58087
4.7640057
4.7596345
4.7092967
4.684943
4.787059
4.6485376
4.7936983
4.8085938
4.6944556
4.7522416
4.701835
4.7085524
4.7273417
4.696369
4.8046737
4.7841315
4.729705
4.8020754
4.8241267
4.771306
4.7842526
4.795239
4.717039
4.741145
4.81586
4.673837
4.7346625
4.7746162
4.6493235
4.6726055
4.7236304
4.6103168
4.7374487
4.642995
4.7673674
4.669144
4.7253833
4.7768207
4.712441
4.7476425
4.5565915
4.5436206
4.520334
4.5733027
4.6398067
4.7263227
4.5885277
4.653632
4.525426
4.4160185
4.491941
4.4592295
4.5520606
4.5398374
4.4529576
4.446941
4.490554
4.3321877
4.144603
4.06375
0
0
0
4.026562
4.2668557
4.2730145
4.161928
4.1355343
4.17805
4.1870704
4.2431784
4.2663746
4.320856
4.3263383
4.157764
4.1996317
4.026881
0
0
0
4.1374073
4.2286444
0
0
0
0
0
0
0
0
0
0
0
0
0
0
0
0
0
0
0
0
0
0
0
0
0
0
0
0
0
0
0
0
0
0
0
0
0
0
0
0
0
0
0
0
0
0
0
0
0
0
0
0
0
0
0
0
0
0
0
0
0
0
0
0
0
0
0
0
4.073157
4.341365
4.2525554
4.01801
0
0
0
0
0
0
0
0
4.1647863
4.3912024
4.107723
0
0
0
0
0
0
0
0
0
0
0
0
0
0
0
0
0
0
0
0
0
0
0
0
0
0
0
0
0
0
0
0
0
0
0
0
0
0
0
0
0
0
0
0
0
0
0
0
0
0
0
0
0
0
0
0
0
0
0
0
0
0
0
0
0
0
0
0
0
0
0
0
0
0
0
0
0
0
0
0
0
0
0
0
0
0
0
0
0
0
0
0
0
0
0
0
0
0
0
0
0
0
0
0
0
0
0
0
0
0
0
0
0
0
0
0
0
0
0
0
0
0
0
0
0
0
0
0
0
0
0
0
0
0
0
0
0
0
0
0
0
0
0
0
0
0
0
0
0
0
0
0
0
0
0
0
0
0
0
0
0
0
0
0
0
0
0
0
0
0
0
0
0
0
0
0
0
0
0
0
0
0
0
0
0
0
0
0
0
0
0
0
0
0
0
0
0
0
0
0
0
0
0
0
0
0
0
0
0
0
0
0
0
0
0
0
0
0
0
0
0
0
0
0
0
0
0
0
0
0
0
0
0
0
0
0
0
0
0
0
0
0
0
0
0
0
0
0
0
0
0
0
0
0
0
0
0
0
0
0
0
0
0
0
0
0
0
0
0
0
0
0
0
0
0
0
0
0
0
0
0
0
0
0
0
0
0
0
0
0
0
0
0
0
0
0
0
0
0
0
0
0
0
0
0
0
0
0
0
0
0
0
0
0
0
0
0
0
0
0
0
0
0
0
0
0
0
0
0
0
0
0
0
0
0
0
0
0
0
0
0
0
0
0
0
0
0
0
0
0
0
0
0
0
0
0
0
0
0
0
0
0
0
0
0
0
0
0
0
0
0
0
0
0
0
0
0
0
0
0
0
0
0
0
0
0
0
0
0
0
0
0
0
0
0
0
0
0
0
0
0
0
0
0
0
0
0
0
0
0
0
0
0
0
0
0
0
0
0
0
0
0
0
0
0
0
0
0
0
0
0
0
0
0
0
0
0
0
0
0
0
0
0
0
0
0
0
0
0
0
0
0
0
0
0
0
0
0
0
0
0
0
0
0
0
0
0
0
0
0
0
0
0
0
0
0
0
0
0
0
0
0
0
0
0
0
0
0
0
0
0
0
0
0
0
0
0
0
0
0
0
0
0
0
0
0
0
0
0
0
0
0
0
0
0
0
0
0
0
0
0
0
0
0
0
0
0
0
0
0
0
0
0
0
0
0
0
0
0
0
0
0
0
0
0
0
0
0
0
0
0
0
0
0
0
0
0
0
0
0
0
0
0
0
0
0
0
0
0
0
0
0
0
0
0
0
0
0
0
0
0
0
0
0
0
0
0
0
0
0
0
0
0
0
0
0
0
0
0
0
0
0
0
0
0
0
0
0
0
0
0
0
0
0
0
0
0
0
0
0
0
0
0
0
0
0
0
0
0
0
0
0
0
0
0
0
0
0
0
0
0
0
0
0
0
0
0
0
0
0
0
0
0
0
0
0
0
0
0
0
0
0
0
0
0
0
0
0
0
0
0
0
0
0
0
0
0
0
0
0
0
0
0
0
0
0
0
0
0
0
0
0
0
0
0
0
0
0
0
0
0
0
0
0
0
0
0
0
0
0
0
0
0
0
0
0
0
0
0
0
0
0
0
0
0
0
0
0
0
0
0
0
0
0
0
0
0
0
0
0
0
0
0
0
0
0
0
0
0
0
0
0
0
0
0
0
0
0
0
0
0
0
0
0
0
0
0
0
0
0
0
0
0
0
