10000
10.156267
10.058726
10.066951
10.061085
10.025455
10.0563
10.095261
9.983186
9.964529
9.95105
9.899036
9.937581
9.942285
9.90214
9.966432
9.981009
9.887047
9.866302
9.981472
9.865602
9.987342
10.05578
10.035642
9.864777
9.990867
9.992149
9.990373
10.009909
10.133231
10.224967
10.008627
9.985969
9.848258
9.931827
10.064294
10.105288
10.06295
9.937786
9.763367
9.625544
9.396143
9.150434
8.832907
8.668954
8.269223
7.5345316
6.6512003
5.9437413
5.3819547
4.2484765
0
0
4.129567
4.011051
4.1820416
4.8075485
5.3299456
4.1670804
0
0
4.30848
4.525957
4.292138
0
4.9415965
4.5457144
4.558495
5.2637844
4.8773017
0
0
0
4.267193
4.4333744
4.726336
4.836579
4.7578444
4.5572295
0
4.515949
0
0
0
0
4.6616974
4.480501
4.4385376
4.630515
4.3713565
4.458105
4.592989
4.7461085
4.839948
4.9310074
5.001444
5.0719385
4.954335
4.89287
4.850004
4.944438
4.8398566
4.7969537
4.8456335
4.869914
5.242839
5.140709
4.877627
5.078201
4.6356006
4.8241243
4.5670257
4.4674454
0
0
5.8466825
0
4.321226
0
0
4.3797436
0
0
4.4502554
5.2332067
0
4.267368
0
4.1369143
0
0
4.1166687
0
0
4.2420497
4.181746
0
4.215232
0
4.1510906
0
0
0
4.2207355
0
0
0
0
0
0
5.812276
5.261344
5.532306
5.6045237
4.6530857
0
5.2176266
5.319904
6.331523
5.6903205
5.2402005
5.098276
4.878259
4.637731
5.174256
6.2483845
5.375843
4.834925
0
4.308398
4.40034
4.824318
5.1062965
4.50852
0
4.6156917
5.122999
5.764166
4.8602366
4.802396
5.1816306
4.84601
4.889281
4.887847
4.872263
4.8233914
4.4958234
5.0182133
4.8999834
0
4.3503613
4.520067
4.9444737
6.0110664
6.6589766
5.56594
4.909731
4.2921567
4.338089
5.35622
7.334285
7.04596
6.282277
5.4145317
4.897515
4.549066
5.235662
6.5549307
7.0435934
6.0091066
5.431387
4.764434
0
4.162629
4.4658117
4.6285086
4.725006
4.7480807
4.3132296
4.563002
0
0
4.3183646
4.440408
4.3245726
0
0
0
4.0519733
0
0
0
4.2393036
4.44544
4.5454097
4.6411257
4.6824336
4.652808
4.53467
4.3931093
4.46455
4.71728
4.54747
4.463949
4.6370792
4.236291
4.3044505
4.1944656
4.4220834
0
0
0
0
5.3738575
5.52419
4.9979196
4.4763618
4.1958766
0
4.1574507
0
0
0
0
0
0
4.691371
4.974142
4.993972
5.445561
5.7067056
5.913424
5.167115
5.446324
4.9225965
4.4498463
0
0
0
0
0
4.662535
4.307873
0
4.7241488
4.966278
4.5640473
4.3965535
4.12743
4.1323586
0
4.9313097
4.7464666
0
4.951758
5.1022015
4.1500597
4.4835095
0
0
0
0
4.119717
4.046006
4.853775
5.0861497
5.334899
5.3362246
5.890015
4.548418
0
0
4.5923853
4.317663
0
0
5.151859
5.0079412
4.909101
4.89592
5.4607935
6.1805706
6.247745
6.2677755
6.0854034
6.1546106
6.651312
6.7076244
6.773336
6.8709726
7.068774
6.811006
6.437791
6.48878
6.1568108
5.773267
5.449945
5.1818795
5.4178076
5.708122
6.0107737
5.8200493
5.661259
5.519416
5.5878625
6.1243253
6.195006
5.554241
5.294671
4.9495792
4.5894995
4.4629583
4.754847
4.9353294
5.2825093
5.532399
5.621227
5.327108
5.2042923
5.0739408
5.076833
5.0687838
4.3979897
4.6823235
4.808443
4.9530706
5.2940044
4.9150915
5.28243
5.383727
5.6490936
5.352148
4.8925915
4.7946835
5.182089
5.0268683
5.003548
5.077326
5.550939
6.190208
6.8161488
6.513768
6.232734
6.094698
5.8662086
6.014384
6.184347
6.0238256
6.069184
6.5341253
6.5098596
6.585267
6.6342125
6.1575875
6.271523
6.025774
6.2165246
6.8109813
6.42252
6.008774
5.3255596
5.2309794
5.2155952
5.590153
5.9366174
6.1424227
6.483054
6.305685
6.6003027
6.6863565
6.707592
6.9058623
6.617533
4.188852
0
0
4.4030647
4.227107
4.504667
4.747462
5.0294805
5.430746
5.1713743
4.9807363
5.0199423
5.160829
6.2442913
7.0832314
6.8354673
5.140069
4.1666226
0
0
0
0
0
4.0796328
4.748208
4.5365715
4.744136
4.610768
4.452077
6.505896
6.4764767
6.0528026
6.4039774
6.4011955
6.24177
5.831778
5.575393
5.1554775
5.0434895
5.054557
4.8886666
4.569665
4.691316
5.117857
4.6710653
5.280075
5.3004227
5.5950894
5.3574276
5.0171437
5.2031097
5.2067566
4.927891
4.5478387
0
0
4.6076193
4.573513
4.6170177
4.6680145
4.5552225
4.4914627
4.7241163
4.7223787
4.677625
4.4928155
4.4941583
4.4109
4.6337996
4.364821
4.642486
4.5407066
4.8667974
4.61319
4.727418
4.872689
5.243782
5.8505387
5.985675
5.7020245
5.684061
5.5723968
5.578311
5.8408947
5.6646905
5.712396
5.913649
5.6519737
5.695238
5.5446644
5.7632484
5.5729966
5.3940005
5.316028
4.5096216
0
0
0
0
0
0
4.8913
0
0
4.3122954
0
4.4581504
4.7529793
0
4.706632
4.492618
5.0828214
4.368382
4.8069787
4.5292377
5.0337634
5.52027
4.1931505
4.4792857
5.1745033
4.8199797
4.5987406
5.3252063
6.3268967
5.2741194
0
0
0
0
4.3226457
0
0
0
0
0
4.485649
4.7888436
4.319202
4.337505
0
0
4.8773575
5.7497377
6.3659725
6.0981755
5.667901
5.539192
6.119875
6.347068
6.572222
6.0525427
5.686095
5.7461877
5.9432325
5.700373
5.7921686
5.581558
6.0143013
6.0102715
5.970581
5.772921
5.91751
6.0569587
6.3124194
6.5083447
6.5063787
6.5742865
6.6703568
6.3572335
6.490299
6.54277
6.5017376
6.5583105
6.241575
5.8700895
5.778461
5.8595905
5.798644
5.7336836
5.87521
5.8558917
6.043175
6.0997205
5.681676
5.746377
5.9537363
5.8880796
6.0209994
6.1558704
6.029475
5.915022
5.918558
5.972238
5.93913
5.7141623
5.6802616
5.3853602
6.0545025
6.0956106
5.404
5.751338
5.7826977
5.735968
5.5149174
5.495127
5.5710063
6.024949
5.3467937
4.870165
5.014906
5.074851
5.188208
4.687582
5.1761665
5.1378636
5.5792174
6.022274
6.1459694
6.101905
5.894108
5.516279
5.600283
5.2657313
5.483466
5.570572
5.537851
5.8226485
5.856162
5.8232045
5.8770146
6.06196
5.9929414
5.9390984
5.9195604
6.046439
5.935684
6.1410584
6.3510623
6.398643
6.367754
6.280926
6.286672
6.0787005
6.118909
6.1808224
6.1465945
5.9760823
5.78228
5.5475473
5.6934767
4.843438
0
4.8718367
5.424071
5.466811
5.357549
5.7428007
5.5720124
5.148473
6.041344
5.861657
6.0953584
5.986857
5.3974295
0
4.21099
4.1186514
4.2230124
4.2569695
4.9103045
5.191568
5.05881
4.9447527
5.017042
5.132319
5.0428357
5.120038
5.1410217
5.170071
5.201484
5.3599997
5.557029
5.786505
5.6780734
5.844778
5.7867146
5.734316
5.935699
5.6706386
5.645809
5.6360483
5.4909115
5.4860687
5.4213605
5.524705
5.59903
5.626901
5.6704993
5.56459
5.733262
5.586449
5.3935986
5.2112727
5.47578
5.521834
5.452014
5.4217887
5.439342
5.5217533
5.5486207
5.1361947
4.830228
0
4.6783786
4.7455826
4.526929
4.8544817
5.1308646
4.8928766
0
0
4.5796785
4.271038
4.812458
4.1238093
0
0
0
0
4.6486616
4.983082
5.0624294
5.04597
4.994983
4.336054
4.215635
4.2570605
4.2288885
0
0
0
0
0
0
4.272293
0
0
0
0
4.561357
4.3915772
0
0
0
4.329067
0
0
0
5.244629
5.1814632
5.3731523
5.221447
4.7671275
4.520238
4.8044987
4.650887
5.353268
5.499713
5.779219
5.979226
5.696348
5.8700495
5.3478737
0
0
0
0
4.8606863
4.6902575
4.776652
4.6462603
4.5707197
4.564497
4.7557473
4.726452
4.5978556
4.4056625
4.3695903
4.32356
4.442889
4.3590894
4.366596
4.3459644
4.227031
4.250996
4.22823
4.271416
4.341814
4.3181295
4.3046966
4.307145
4.4126873
4.554032
4.4908414
4.4599757
4.3835397
4.403843
4.260093
4.2695084
4.3648467
4.275233
4.314955
4.568018
4.5711646
4.410918
4.523798
4.3523173
4.4256644
4.440517
4.47101
4.48425
4.517015
4.345012
4.5224566
4.393083
4.4156146
4.2935586
4.253597
4.2866406
4.368104
4.2765636
4.2096763
4.228315
4.185813
4.1117396
4.195563
4.293574
4.6149063
4.5873375
4.4354973
4.3129964
4.3435764
4.439712
4.6904616
4.6943884
0
4.1937337
4.17142
4.2256956
4.297319
4.4925146
4.370259
4.475186
4.320491
4.563133
4.5415654
4.6723166
4.6883693
4.7359953
4.9715996
5.0054083
5.029691
4.960349
5.1191034
5.0389156
5.046833
5.032805
4.6916537
4.730522
4.8208
4.989684
5.234931
5.0408616
0
0
0
0
0
0
0
0
4.280071
4.174217
4.232344
4.3795156
4.144132
4.298039
4.3107114
4.181441
4.1455812
4.2466526
4.239802
4.159124
4.1345024
4.1449943
0
4.2249026
4.0726748
4.0431943
0
4.5673585
4.5202594
4.3192945
4.417131
4.257002
4.1933823
4.2855105
4.1513033
4.3301754
4.1868105
4.467761
4.363909
0
4.1487145
4.2558103
4.3028297
4.23655
4.523829
4.5084205
4.5812044
4.6739163
4.72823
4.7760673
4.8632326
4.8849683
4.8782783
4.936342
4.8379736
4.5746193
4.6555104
5.0645924
5.3536806
5.1527867
5.385481
5.331555
5.397407
5.4696603
5.1535473
5.0434594
5.0579453
5.053941
4.909574
4.8312697
4.639823
4.7427235
4.7864985
4.914168
4.750222
4.6836605
4.708602
4.8403325
4.686167
4.662823
4.6752663
4.6948333
4.8844857
4.685129
4.63166
4.6426215
4.71514
4.612541
4.5816464
4.396244
4.5210595
4.5719438
4.644429
4.5838027
4.5313206
5.064831
4.65275
5.0700865
5.0695047
5.1280265
5.1034284
4.933322
4.930928
4.801922
4.801632
4.9432054
4.917907
5.006263
5.003006
4.965935
4.976233
4.902291
4.780529
4.8301067
4.8862844
4.897916
4.924117
4.6794467
4.6445284
4.609688
4.4353795
4.4603505
4.5836205
4.307256
4.5884123
4.438675
4.3695188
4.5024576
4.7493863
4.759303
4.8770604
4.635158
4.568944
4.53683
4.5334697
4.521524
4.5333447
4.705391
4.730554
4.8530483
4.759604
4.9117675
4.8509293
4.5853643
4.987589
5.1111116
5.212802
5.131991
4.9888225
5.1349053
5.093298
5.2878284
5.1412554
5.0095444
5.1704493
5.016212
5.0487657
4.867015
5.0036507
4.851825
4.8655806
4.722079
4.72835
4.6338296
4.761639
4.7886896
4.769378
4.8878174
4.8970013
5.2307487
5.0313077
5.0269794
4.9910097
4.9825416
4.8658104
4.9388547
5.004993
4.940672
5.1198983
5.029681
5.149779
5.2142043
5.3533254
5.4245057
5.4506526
5.5003767
4.6057863
4.4544673
4.853261
4.438909
4.5474043
4.6664534
4.5183144
4.5747137
4.4864907
4.5505166
4.4485726
4.4725933
4.3634195
4.4072866
4.4486914
4.446787
4.4232283
4.3556266
4.368083
4.2688627
4.2198606
4.2584915
4.222911
4.3800073
4.366053
4.4029307
4.257266
4.2562575
4.228764
4.3960447
4.2810016
4.2199883
4.2428484
4.3575006
4.4216614
4.3905087
4.250593
4.197213
4.262704
4.4040523
4.4556313
4.2805743
4.3259544
4.325978
4.2508626
4.307785
4.396681
4.377439
4.3934317
4.3483543
4.4167666
4.4085245
4.3929663
4.352658
4.757526
4.7117743
4.85136
4.881176
4.970203
4.7446213
4.6721992
4.7058597
4.678332
4.5884566
4.5444593
4.397696
4.517396
4.775449
4.8544197
4.843934
4.7150555
4.5615406
4.6509533
5.5472145
5.3639083
5.5468125
5.453409
5.578313
5.4289184
5.4163337
5.4179945
5.4240346
5.398347
5.558522
5.377776
5.5087934
5.5255046
5.648599
5.4894524
5.5126615
5.4778447
5.6957393
5.738059
5.56248
5.6840544
5.6786747
5.6694293
5.7749147
5.8487134
5.7655616
5.8954163
5.8127766
5.6416135
5.881667
5.922885
5.932663
5.858169
5.829312
5.776096
5.9351244
5.9233513
5.917508
5.808779
5.7932787
5.8498344
5.732981
5.6715055
5.625884
5.6475215
5.609274
5.544708
5.6700544
5.814927
5.688696
5.5899086
5.469572
5.5556707
5.578311
5.6424036
5.762686
5.5615587
5.617025
5.567506
5.615736
5.5332756
5.6246305
5.813185
5.9566236
5.7846417
5.832876
5.7270265
5.7905755
0
5.9412117
6.118563
6.188964
6.195933
6.138008
6.2783003
6.2404637
6.1532006
5.66005
0
0
0
0
0
0
0
0
5.6114864
6.384208
6.5333
6.5959244
6.499864
6.344615
6.3173633
6.193613
5.841671
5.78367
5.141575
0
0
0
0
0
0
0
4.5422983
4.8195357
4.411075
0
0
0
0
0
0
0
0
0
5.558799
0
4.0723786
4.4662485
4.4532685
5.219565
6.0696783
4.4844155
5.2365546
0
4.65579
0
0
4.6799674
4.071463
4.30524
4.4438696
4.7078376
4.671999
5.1208534
4.9479585
0
0
4.8854084
4.8650045
0
4.592438
0
0
5.0338097
4.8035154
4.5062284
0
4.5736666
0
4.099966
0
4.201902
0
0
4.5196443
0
0
4.2229123
4.3592105
4.3435383
4.5346546
4.197602
0
0
0
4.3998175
4.510711
4.720489
4.8330803
0
0
0
4.332792
0
0
0
4.162322
4.0862103
4.304673
4.890665
4.452629
0
4.1503916
4.3688464
4.158164
4.4824915
0
5.1728315
5.4622993
5.6152143
5.211395
4.819861
4.9389415
4.093401
0
0
0
4.5416155
4.5173287
4.7682533
4.6628666
4.62067
4.2758155
4.3253117
4.2675385
4.2492266
0
0
4.221074
4.495239
0
0
0
0
0
5.1739645
4.790305
0
4.9773374
6.1771774
4.7394223
4.8443217
4.973783
5.500961
4.594951
5.1357727
5.1635704
4.8076124
4.909394
5.362687
4.9981117
4.43016
4.8325667
4.809714
5.0598626
4.9321256
4.690336
4.7274475
4.483573
4.5883274
4.397377
4.6797514
4.409088
4.1360626
4.197167
4.465766
4.298126
4.3733926
4.5058203
0
0
4.3939843
0
0
4.08521
5.18096
0
5.323969
0
4.294111
0
4.160293
4.1469016
4.2884192
4.273572
4.380468
4.285764
4.336665
4.5330377
4.317216
4.3697095
4.331221
4.4379635
4.526386
4.4173923
4.4035954
4.358968
4.375688
4.532269
4.4263096
4.259683
4.275421
4.2694054
4.1772766
4.1308546
4.217229
4.0813518
0
4.3325515
4.6089463
4.541149
4.1582193
0
0
0
0
0
0
0
4.442889
4.669343
4.6810613
4.703629
4.6419935
5.563029
5.9340987
6.209511
6.1435485
6.663381
6.8696246
4.3036532
0
4.296457
4.735815
4.0968347
4.1396832
0
0
4.7209477
5.9395375
5.5986843
4.394289
0
4.3774314
4.3082395
4.6972685
0
4.613248
0
4.404418
0
0
0
4.628611
4.5283847
4.759977
0
0
5.128448
5.0297985
0
4.4192967
0
4.158698
4.689964
0
4.413559
0
6.031815
4.338556
4.9524693
5.1643567
4.438129
0
4.448344
0
4.748319
4.6194744
4.3090315
6.4549074
5.95819
4.7069225
0
4.197178
0
4.99232
0
0
4.8032055
0
4.181278
5.169299
4.4962277
6.198688
4.6627145
4.6533294
4.456305
4.041335
4.2755165
0
4.0775013
4.652271
5.2667017
5.6573853
5.959672
4.5064626
0
0
0
4.7657266
4.7493467
4.8145595
4.4939017
0
4.2068105
0
0
5.024978
6.604658
6.6517086
6.6126537
6.813183
6.76014
4.7352276
5.43316
5.498673
5.789877
4.9939065
0
0
5.110669
0
0
0
5.0799093
5.1248837
5.240185
5.1915827
4.8542795
4.7204223
0
4.5528893
0
0
4.751256
4.515047
0
0
0
5.6730914
0
4.2385798
4.4912176
4.5745935
4.644116
4.7864304
4.6174703
4.862694
4.544712
4.959482
5.2695813
5.4340677
5.68199
0
0
4.678479
4.8323436
5.054634
0
0
4.5765934
0
4.5552025
4.926234
5.058006
4.8732347
4.7271495
4.4021916
4.7148123
5.432272
5.6742654
0
5.0796447
5.0316625
5.225269
5.423061
4.852562
4.310955
5.0394177
5.0907507
0
0
0
4.7574825
5.5523305
5.859684
5.9850407
6.077229
6.002376
0
4.4522777
0
0
0
4.5034456
4.725752
0
0
0
0
4.3457932
4.328511
4.2976804
4.3434663
0
0
0
0
4.2461023
0
4.8535123
4.657498
4.7173076
4.1214557
4.243241
4.448553
4.3017874
0
4.375134
4.385489
4.465226
4.3324356
4.2369127
4.348382
5.3604717
5.1558456
5.1396194
5.0805516
4.7085457
4.634514
0
0
0
0
5.394638
0
0
5.0242853
0
0
0
4.6688375
0
0
0
0
0
0
0
0
4.843856
0
0
5.299232
0
0
0
0
4.1074643
0
0
0
0
0
4.053748
0
0
0
0
5.2444577
5.1885624
5.2099457
5.175376
4.8373604
4.7679505
5.218221
4.6868343
0
0
0
0
0
4.938778
4.884414
4.3140335
4.5113635
0
0
0
0
0
4.6845164
0
4.7628303
0
4.643808
4.5841565
4.179041
4.1985064
0
0
0
4.864393
5.1633325
4.5292134
0
0
0
0
0
5.4227767
4.3317094
0
0
0
0
5.3971043
5.5949407
4.559837
0
0
4.2620463
4.59559
5.1346707
5.3953857
5.0851493
4.565987
0
4.4368463
4.537834
4.4182806
4.196295
5.2587605
5.1385617
4.3887973
4.7748055
5.0614557
0
4.896801
4.1160626
5.777914
4.2102985
5.003012
4.3421082
5.180803
4.033607
0
4.7898636
5.2070866
4.970477
0
4.6562037
0
4.586869
0
0
4.5349517
4.0899086
0
4.1545033
4.467784
0
0
0
4.3407826
0
0
0
0
4.844193
4.8644137
4.758769
5.025955
5.007346
5.2879252
5.245078
5.4512825
5.3391614
5.3490167
5.4829435
5.3906918
5.3988686
5.223548
5.6864014
5.4098883
5.4151974
5.353403
5.2719245
5.7121887
5.411572
5.5227017
