10000
8.14053
8.108937
8.080434
8.0410185
8.038591
8.017868
8.25965
8.223277
8.107415
8.125728
8.039437
7.9071026
7.6199675
7.6138334
7.6880765
7.6767716
7.7014976
7.7213373
7.7710958
7.6664996
7.560642
7.482048
7.6484184
7.568463
7.5729446
7.524227
7.4199686
7.495433
7.482095
7.315913
7.264915
7.4749613
7.63864
7.790869
8.016556
7.9589157
7.958703
7.9307647
7.9839625
8.022488
8.0190325
8.031996
8.215648
8.190524
8.130575
7.894671
7.7404385
7.5949755
7.385181
7.3975644
7.4188266
7.4785614
7.4697556
7.6285563
7.6370106
7.4807773
7.4836836
7.3878574
7.471883
7.3237243
7.401281
7.4226723
7.3228183
7.299551
7.4313765
7.2895703
7.1845813
7.3969665
7.536361
7.7417207
7.840182
7.807619
7.7060714
7.765225
7.8507056
7.829527
7.8698587
7.8131995
7.8646374
7.769025
7.688495
7.679146
7.5539827
7.379463
7.3247976
7.3547544
7.459159
7.4113445
7.48592
7.354834
7.440222
7.34269
7.4226127
7.286541
7.4801054
7.6404877
7.5050488
7.393939
7.405249
7.310043
7.1969023
7.1839824
7.3112063
7.582985
7.5484104
7.7866945
7.8285933
7.8168883
7.809392
7.8229227
7.8162074
7.8710823
7.925437
7.8616457
7.779329
7.753263
7.7405024
7.700775
7.615607
7.4145126
7.5462837
7.6114006
7.750371
7.7508726
7.9966917
7.871524
8.03052
7.8996673
7.8945594
7.7976255
7.7432013
7.7543316
7.7304254
7.511635
7.4074244
7.162077
7.114886
7.1878595
7.4132047
7.669019
7.824451
7.966284
7.887605
7.789417
7.846163
7.991842
7.8976874
7.7748237
7.923607
7.9049025
7.703662
7.728284
7.6546955
7.60125
7.39787
7.3941135
7.4880586
7.63658
7.5890756
7.654501
7.7626677
7.7936497
7.8086658
7.8114176
7.7351904
7.6766067
7.817391
7.8271074
7.8097987
7.7036223
7.708926
7.456395
7.2692537
7.333114
7.5941954
7.623926
7.816847
7.900578
7.8714824
7.836936
7.778749
7.760872
7.822429
7.7396617
7.830117
7.864629
7.752822
7.6841908
7.6247973
7.468076
7.424754
7.5495634
7.6204023
7.7697687
7.7927847
7.845926
7.829855
7.8334436
7.8917437
7.7869315
7.844682
7.717057
7.876356
7.856413
7.8025446
7.5902658
7.411293
7.2247486
7.135
7.3633895
7.559175
7.693533
7.8396964
7.8547726
7.8402042
7.903773
7.9420342
7.8984494
7.835564
7.899455
7.8742614
7.800762
7.6992965
7.570414
7.4613514
7.3631067
7.359358
7.490923
7.516013
7.589631
7.708999
7.6641717
7.791834
7.7867823
7.7555847
7.7667747
7.8023686
7.730203
7.7548966
7.7812433
7.572351
7.5693645
7.5384917
7.2747507
7.1498327
7.3425217
7.6448503
7.855214
7.967681
7.8672013
7.7218113
7.6872964
7.687811
7.714788
7.658777
7.7649393
7.8680434
7.95594
7.833743
7.8168125
7.697017
7.710589
7.4223623
7.5257764
7.55353
7.6516566
7.542703
7.6626463
7.4996634
7.4820285
7.563961
7.4487295
7.6071653
7.4469004
7.5774164
7.3295217
7.392679
7.406727
7.3292084
7.1664715
7.131224
7.26017
7.6015573
7.685341
7.6726575
7.684457
7.516548
7.4735994
7.480948
7.5663624
7.634639
7.766286
8.004207
7.830555
7.8321333
7.704003
7.5638127
7.4713087
7.356033
7.409598
7.478163
7.5035458
7.5035887
7.5197353
7.4773445
7.4216843
7.703678
7.5063643
7.654282
7.7164383
7.5449305
7.6301546
7.463634
7.4551077
7.308601
7.2032194
7.158707
7.378977
7.6243906
7.580969
7.7035747
7.7034736
7.5533056
7.5380044
7.597453
7.630844
7.83473
7.702091
7.9743156
7.7702994
7.6936793
7.3945665
7.4051547
7.3345
7.445178
7.5162144
7.6072183
7.5604033
7.608526
7.60866
7.7275505
7.723751
7.48995
7.6910048
7.5755615
7.5549884
7.4990687
7.2919645
7.226759
7.25593
7.1286
6.938115
7.0743866
7.374497
7.555848
7.6001534
7.5593996
7.484638
7.499707
7.45052
7.4771934
7.5224648
7.672903
7.5890074
7.7133946
7.660278
7.713755
7.579532
7.419853
7.2012
7.2843175
7.3211827
7.362213
7.336958
7.1846695
7.3216004
7.392325
7.528757
7.3592606
7.377769
7.2180805
7.4233193
7.5477233
7.388746
7.326185
7.2102313
7.208334
7.1715336
7.1805487
7.5083184
7.508704
7.607221
7.6510577
7.536568
7.4762387
7.4000463
7.475167
7.5231543
7.5589166
7.521686
7.6537833
7.5239377
7.551026
7.3054433
7.1942277
6.885169
6.9593196
7.1104755
7.190661
7.1603208
6.9242363
6.9912376
7.1554747
7.378024
7.4699016
7.3988695
7.4383307
7.2062745
7.2776847
7.1837854
7.2481833
7.0597053
7.192119
7.0965977
7.0655055
7.048097
7.240776
7.2894297
7.392112
7.348227
7.370728
7.271021
7.326432
7.3171906
7.352431
7.410853
7.437849
7.5512867
7.5181584
7.531315
7.4512115
7.280248
7.182511
7.3213215
7.4109797
7.517228
7.313001
7.281969
7.3465366
7.594884
7.6971755
7.621918
7.616178
7.62944
7.687455
7.555265
7.4720483
7.447121
7.432162
7.436169
7.3484135
7.3514166
7.5526824
7.664889
7.721715
7.7206755
7.731323
7.67889
7.6857395
7.6519017
7.7756715
7.7246933
7.8607736
7.789262
7.732975
7.660932
7.5921383
7.4584513
7.2321334
7.2075996
7.2010584
7.317919
7.413007
7.2084208
7.4383163
7.1703825
7.418741
7.3120995
7.5278053
7.430643
7.5150967
7.4876633
7.5980773
7.535931
7.4805737
7.323538
7.4417315
7.398782
7.467256
7.7388287
8.057324
8.070765
8.076669
8.103793
8.191256
8.153295
8.200881
8.321788
8.279309
8.147532
8.235872
8.120703
8.029402
7.8162603
7.6866317
7.6937094
7.6263833
7.9206147
7.9076056
7.8713784
7.8871207
7.8331103
7.8696094
7.979319
7.9958034
8.012259
8.084837
7.9544816
7.9311514
7.915584
7.8437023
7.769342
7.6021056
7.5962763
7.7775416
7.8467765
7.92206
7.9931374
7.9901533
7.9806986
7.966218
7.9367733
7.97596
7.9395905
7.915761
7.8796763
7.8154726
7.807417
7.8472834
7.79817
7.7878213
7.770286
7.6108384
7.6422167
7.735076
7.779426
7.7647014
7.7482314
7.636366
7.7547293
7.7826
7.7782416
7.730081
7.7701235
7.5766573
7.6393385
7.6035266
7.6875196
7.7330847
7.76805
7.8816977
7.9273505
8.018898
8.007064
7.968075
8.070425
8.033091
8.006289
7.927377
7.850608
7.8316364
7.769439
7.744745
7.747884
7.830674
7.7766814
7.759784
7.738454
7.652542
7.598609
7.7619834
7.743263
7.747909
7.621176
7.5543776
7.565927
7.743496
7.7260313
7.7623153
7.7261796
7.7232203
7.642461
7.6213474
7.665287
7.7558584
7.7888937
7.9173656
7.9378767
7.9702673
7.9149284
7.9924116
8.002692
7.819455
7.8488874
7.728768
7.6413236
7.571952
7.6477704
7.5496564
7.5022717
7.5954666
7.5779333
7.5472097
7.609616
7.578662
7.5549397
7.6582923
7.7092557
7.64133
7.6999717
7.5288315
7.527001
7.5460443
7.7165003
7.74458
7.72455
7.8048673
7.647677
7.688477
7.7514586
7.8382096
7.8816385
7.8449974
7.887809
7.843921
7.7661324
7.766899
7.6696415
7.5794377
7.7306232
7.6341696
7.568968
7.5998216
7.482397
7.470379
7.3803277
7.4201937
7.551704
7.5151677
7.5759835
7.623486
7.5142474
7.636094
7.737179
7.7746563
7.574613
7.34925
7.320443
7.4199553
7.4742446
7.5072937
7.5434017
7.5366464
7.481947
7.3083105
7.3610883
7.497791
7.598349
7.682412
7.7408605
7.6113663
7.5302553
7.663801
7.655012
7.4166512
7.397156
7.2239714
7.249038
7.1827383
7.1384845
7.19616
7.2257257
7.262058
7.2512155
7.2207737
7.266569
7.3590574
7.5508227
7.4612327
7.6421356
7.648909
7.783452
7.5602007
7.2884917
7.3868027
7.54883
7.446734
7.5404625
7.707668
7.6681485
7.683648
7.4860916
7.3337455
7.5149736
7.6012287
7.6447306
7.758996
7.6236053
7.4691916
7.2150855
7.251398
7.241091
7.1503806
7.2185783
7.220263
7.2705755
7.2202544
7.208675
7.2997236
7.308969
7.381493
7.2045927
7.097755
6.981748
7.2182856
7.327881
7.433751
7.4963446
7.551875
7.4122496
7.5091515
7.463687
7.667415
7.609312
7.5170846
7.5841317
7.576378
7.6075377
7.586287
7.31316
7.2421308
7.3580317
7.386277
7.264744
7.177535
7.107054
7.00685
7.0920625
7.0593348
6.8716855
6.8205247
6.8108816
6.8652687
6.94352
6.7988524
6.784177
6.848607
6.8121085
6.814248
6.755875
6.956355
7.0274124
7.0358095
7.1136556
7.398872
7.534307
7.2898893
7.387746
7.578867
7.5124445
7.5005045
7.426701
7.48009
7.3694706
7.3986845
7.2823024
7.2156315
7.021937
7.0240216
6.9629965
6.8119044
6.70259
6.515657
6.503779
6.6437154
6.7247596
6.451228
6.6284957
6.426728
6.346776
6.394941
6.465962
6.4633307
6.538666
6.574211
6.8266277
6.8185596
6.8352575
7.036215
7.16461
7.0316725
7.1065383
7.184205
7.257638
6.954123
7.2462854
7.2959948
7.1984406
7.1002088
7.271533
7.278176
7.346053
7.0821543
6.8973126
6.7661147
6.721609
6.682604
6.609178
6.4768376
6.374556
6.048461
6.506772
6.3840337
6.391244
6.3891487
6.2679734
6.2860813
6.427307
6.4588375
6.743543
6.4860225
6.676098
6.7034907
6.624301
6.6030846
6.5810747
6.5264993
6.647981
6.6882505
6.815524
6.5743613
6.720977
6.9357224
6.96847
7.011259
7.083029
7.034019
7.0935893
7.063535
6.833732
6.778546
6.843662
6.6750813
6.897554
6.792209
6.7145753
6.575964
6.4868507
6.7557483
6.619802
6.541392
6.4201245
6.602416
6.4883842
6.660571
6.6063523
6.781373
6.892578
6.8282003
6.633264
6.5172114
6.606421
6.854425
6.8199387
7.1172314
7.177003
7.2293572
7.0770993
7.057323
7.267055
7.248015
7.231351
7.249237
7.204706
7.1987033
7.2096615
6.882015
7.034461
6.9817576
6.9740624
7.0225296
6.999395
6.969326
6.9034176
6.8698206
6.871426
6.7991886
6.7893367
6.7148757
6.7186117
6.8090878
6.882616
6.938715
6.960139
6.9322586
6.921389
6.8245068
6.8790984
6.7958093
7.1096706
7.229869
7.4107533
7.423023
7.2367954
6.931333
6.700769
6.8080735
6.6366796
6.584348
6.798645
6.939923
7.058954
7.0405455
7.0766754
6.809878
6.8880405
6.758011
6.6215677
6.5842905
6.605384
6.6187596
6.6652637
6.4635973
6.4475183
6.343543
6.348744
6.2920394
6.463578
6.642396
6.6438
6.7483315
6.600903
6.5235176
6.4661083
6.6262436
6.457444
6.5307713
6.6551976
6.814653
6.78023
6.56478
6.561512
6.665098
6.5704145
6.544578
6.4639106
6.3549404
6.434201
6.391059
6.5114374
6.445206
6.3715353
6.27439
6.0704846
6.1421022
6.0693183
6.2544613
6.107647
6.2277765
6.096101
6.0458984
6.1621385
6.039466
6.0565667
6.043513
6.033602
6.047959
6.073488
5.8989305
5.9513655
5.8442516
6.1225843
5.985382
6.117078
6.166955
6.1036115
6.0695024
6.1271715
6.094749
6.0880294
6.0092635
6.0712557
6.0706677
6.0921974
6.194837
6.148032
6.3096156
6.3596044
6.295286
6.3116455
6.2893214
6.3159614
6.3969965
6.359827
6.3788695
6.4449387
6.309332
6.439252
6.5062857
6.4154587
6.401538
6.354723
6.227755
6.270661
6.390408
6.5188355
6.4863815
6.596152
6.4907913
6.568024
6.519499
6.5916696
6.3122516
6.3235507
6.137902
6.172461
6.1939726
6.1532097
6.286079
6.022089
6.177027
6.1284533
6.153601
6.139179
6.52369
6.4692554
6.540701
6.543007
6.6085215
6.5431137
6.5897183
6.622056
6.434767
6.403132
6.4581833
6.2683234
6.2569556
6.398729
6.26495
6.32433
6.2231116
6.3070393
6.325881
6.3620067
6.1693544
6.190894
6.1457644
6.095888
5.92231
5.896765
5.9992466
5.894402
5.840879
5.9861317
6.068875
6.3170924
6.278879
6.134987
6.172903
6.0880184
6.2934947
6.215409
6.2605653
6.2722645
6.279011
6.2557297
6.282545
6.195513
6.1402235
6.04438
6.025958
6.1539574
6.0876207
6.150795
6.1853013
6.111316
6.019672
6.0426297
6.1077437
6.098236
6.120305
6.050595
5.9761186
5.984984
5.973133
5.697628
5.6571712
5.2895308
5.315071
5.210566
5.267109
5.2391543
5.2151914
5.2451496
5.3025246
5.4013805
5.3511558
5.585894
5.7487483
5.7647605
5.5901585
5.5654697
5.3123035
5.128724
4.794488
4.5974903
4.5265017
4.535536
4.5187945
4.838858
5.013042
5.053092
5.255099
5.1655564
5.276381
5.5347157
5.823606
5.881841
6.0854588
6.106762
5.8399925
5.7329254
5.407222
5.4517026
5.6072116
5.604954
5.4791756
5.8185725
5.9809265
5.9186997
6.0802193
6.181682
6.162681
6.22874
6.2070417
6.361557
6.3888474
6.446328
6.5176024
6.413869
6.2172337
6.2071223
6.3060403
6.3208523
6.332405
6.4832454
6.493968
6.475967
6.41048
6.415506
6.395754
6.3535447
6.3817024
6.4113235
6.322161
6.293887
6.218706
6.2379413
6.0981746
6.018382
6.061803
6.104162
6.257199
6.2838383
6.548467
6.47089
6.621832
6.6054454
6.5754576
6.622106
6.5756474
6.685287
6.5392003
6.6210947
6.537312
6.264739
6.1572366
6.3313293
6.287063
6.516631
6.593227
6.709212
6.6241465
6.5900693
6.4338136
6.4371104
6.391482
6.59978
6.6389236
6.503546
6.4557657
6.3309746
6.346484
6.075756
6.0907803
6.076034
6.103521
6.131016
6.230281
6.323764
6.409409
6.357677
6.3607736
6.310546
6.2809873
6.3681636
6.300494
6.474433
6.378364
6.238687
6.183615
6.017911
6.030612
6.3174324
6.378528
6.4283648
6.526663
6.595073
6.765626
6.8490834
6.891586
6.832996
6.732369
6.645684
6.7025986
6.667275
6.6332345
6.507297
6.392136
6.243735
6.100171
6.066321
6.1284504
6.084628
6.4388475
6.395176
6.508847
6.576935
6.537965
6.707384
6.618866
6.6576176
6.690928
6.7107444
6.5818596
6.6241136
6.4668703
6.503422
6.59618
6.795312
6.7660856
6.8223453
6.8288445
7.0190444
7.0220795
7.0340266
6.9651737
6.9549465
6.8457584
6.7424784
6.6016927
6.5949454
6.5567026
6.702608
6.4991283
6.3719263
5.9878697
5.9302073
5.8971677
5.912114
6.060361
6.1866016
6.3380885
6.4763346
6.627726
6.579972
6.6083055
6.5796633
6.661885
6.6252155
6.51769
6.287147
6.1638165
6.2445006
6.352739
6.2350698
6.3682404
6.2929697
6.3917475
6.4772224
6.316258
6.4858146
6.827378
6.785975
6.725747
6.785842
6.778404
6.746337
6.8235173
6.5762944
6.683355
6.559557
6.4391856
6.446943
6.4834166
6.538404
6.8005204
6.869952
7.244768
7.149911
6.855234
6.5079536
6.3267264
6.425773
6.3415027
6.4460793
6.4838448
6.104788
6.095625
6.106609
6.190821
6.4297433
6.5656714
6.714469
6.752813
6.7898607
6.8263903
6.824952
6.9584546
6.883518
6.848187
6.898033
6.858984
6.5729184
6.044815
6.0030284
5.9002166
6.054066
5.9564476
5.7397017
5.7470255
5.8190894
5.896838
6.1279516
6.5567675
6.5922337
6.5562186
6.425364
6.6538024
6.723716
6.8329463
6.918294
7.069046
6.878151
6.925865
6.772524
6.683642
6.9061975
7.084653
7.392539
7.377891
7.256481
7.294783
7.3304696
7.398078
7.4364405
7.4825034
7.579589
7.528302
7.3653774
7.3280935
7.264912
7.079079
7.1279707
7.2275105
7.0856647
7.0315523
6.878146
6.8355308
6.907935
6.942245
6.9233356
7.056758
7.017031
6.932918
6.604814
6.411355
6.429538
6.6361647
6.2719393
6.358423
6.3528037
6.2268043
6.1056643
6.163733
6.032988
5.9406314
5.7181616
5.8357687
5.7900925
5.7768526
5.8679085
5.987227
5.904829
6.0233088
6.0243015
6.0112643
6.259289
6.2531624
6.119321
6.018692
6.2508116
6.0239267
6.0229445
5.7715945
5.653423
5.562918
5.458482
5.563668
5.9037533
5.9654746
6.3111315
6.125409
6.340687
6.371378
6.5379777
6.473223
6.421465
6.3866224
6.544885
6.8446074
7.0226326
7.0121984
7.2271156
7.103615
7.092782
7.0169578
7.06806
7.1706495
7.2261357
7.235553
7.2147093
7.238389
7.290941
7.180607
7.1367784
7.1039186
6.9024014
7.1371055
7.0652294
6.961327
7.1090817
6.9747767
7.1079917
6.9447618
7.2615633
7.0354424
6.920823
6.765799
6.7146254
7.029319
7.06764
6.8676176
6.77059
6.620759
6.70912
7.1306977
7.122244
7.4105706
7.587417
7.238173
6.854646
7.0663795
6.8253794
6.9709487
7.064222
7.084141
7.048685
7.2567415
6.995826
6.9791875
6.7918024
6.919576
6.668239
6.7209854
6.8686237
6.7909255
6.9286
7.1815414
7.207203
7.210645
7.1162257
7.044028
6.927505
6.8491936
6.745627
6.8234406
6.848987
6.643631
6.3767385
6.4230323
6.5927873
6.8778706
6.9759717
7.464837
7.341963
6.9422193
6.6149974
6.7024612
6.792808
6.9619055
6.906419
6.8749223
7.000915
6.7616677
6.5889153
6.267607
6.5641804
6.2722707
6.110315
6.2145066
6.301466
6.2704067
6.1488514
6.6276402
6.49554
6.514394
6.253414
6.396244
6.203458
6.1393447
6.15889
6.3110733
6.4520636
6.0677776
6.1931105
6.178321
6.1468725
6.4219265
6.9195147
6.92555
7.0051117
6.720522
6.8350735
6.6297507
6.5570555
6.927204
7.1334577
6.8543406
7.0070257
6.809949
6.7558184
6.6030393
6.7065954
6.4728923
6.506976
6.45176
6.71873
6.755167
6.772125
6.81916
6.7179866
6.6040077
6.399232
6.5100307
6.140334
6.1143274
6.419407
6.5864735
6.4959764
6.11559
6.022263
6.2318206
6.3061166
6.321166
6.44559
6.7592444
6.548829
6.2670155
6.4377103
6.6359415
6.5432816
6.8666353
6.6128273
6.6829524
6.7547626
6.5971265
6.4455833
6.2235594
6.1980743
6.034664
6.2664757
6.2702866
6.107278
6.3766704
6.1406364
6.4659386
6.279011
6.417438
6.3942494
6.2026525
6.252902
6.160084
6.167806
6.065399
6.1728606
6.149436
5.918954
5.9456277
5.9587584
6.1885705
6.356599
6.4311085
6.4137983
6.484679
6.2093225
6.3826914
6.4178944
6.3931737
6.4772105
6.3522353
6.4574156
6.399679
6.3340487
6.0711403
6.0832133
6.0487175
6.08304
6.0274186
6.459736
6.5658836
6.0016265
6.3838935
6.418663
6.206175
6.1856236
6.1894264
6.1404405
6.0244
6.267555
6.241329
6.404013
6.2509875
6.2058377
5.9582696
5.794924
5.7108674
5.884788
5.6317935
6.4954977
6.4781456
6.4385242
6.252562
6.598174
6.549582
6.2673755
6.3576674
6.11834
6.2687187
6.2561884
6.2182236
6.0174026
6.1419907
6.2063103
6.105874
6.071496
6.180942
6.2862973
6.1022305
6.45753
6.1662893
6.0201254
6.2081156
6.331584
6.238965
6.331411
6.2741003
6.4020395
6.2100916
6.145689
6.0948725
6.1144342
6.032977
6.116911
6.0805535
6.3444085
6.503811
6.3945
6.10602
6.53815
6.5280476
6.964536
6.695054
6.7803063
6.532986
6.692247
6.539522
6.2893286
6.3854017
6.4072876
6.345501
6.604375
6.8864202
6.847893
6.8084097
6.760039
6.881419
6.486397
6.6094627
6.5649796
6.569478
6.7048097
6.711287
6.559089
6.4948235
6.2813597
6.209055
6.1168776
6.151405
5.867588
5.927499
5.8863173
6.405106
6.4149756
6.167501
6.1097474
6.395964
6.583414
6.5062766
6.6546164
6.646712
6.571072
6.534042
6.3775616
6.413774
6.3596435
6.459243
6.5300765
6.7048435
6.8248243
6.4803596
6.84346
6.8302073
6.584718
6.480057
6.51892
6.586424
6.4619536
6.5054793
6.55271
6.428153
6.3256564
6.2290916
6.055242
5.9987736
5.8930016
5.9951897
5.9363213
6.2471576
6.4078326
6.324165
6.1186543
