10000
8.851253
8.70613
8.685973
8.777188
8.732116
8.608468
8.645038
8.587339
8.54439
8.197607
8.051716
7.809585
7.9999037
7.9958653
7.7827535
8.0886545
8.06632
7.6870885
7.300668
7.2119513
7.1042094
7.156064
7.2407446
7.6460285
7.723392
7.9832454
8.171356
8.330762
8.183054
8.145471
8.275829
8.119671
8.048776
7.8294306
7.9825964
8.24371
8.281986
8.063135
8.14825
8.10398
8.233059
8.132229
7.9957995
7.9716706
7.582513
7.6546702
7.6266694
7.9377975
8.374261
8.34768
8.230073
8.089748
8.135332
8.385317
8.42629
8.49956
8.5492935
8.3678465
8.395484
8.193285
8.10882
8.2969475
8.071795
8.084261
7.667619
7.8274784
7.6924963
7.8244886
7.708117
7.983441
8.204027
8.138636
8.189334
8.2743225
7.92817
8.279176
8.571636
8.563184
8.426596
8.27922
8.297514
8.392158
8.189754
8.225504
8.026101
8.116222
8.218506
7.6852846
7.739175
7.5474334
7.687613
7.9617257
8.358668
8.230741
8.510769
8.186506
7.7698784
8.358397
8.158453
7.737763
7.766203
7.6677537
7.682916
7.0979004
6.605912
6.165746
6.332762
5.908655
5.0522857
5.613832
5.9033666
5.673788
5.349594
4.878616
4.6145725
4.6003523
4.4841585
4.9139147
5.4868946
6.1032104
6.2419558
6.0258064
5.8492703
5.395668
5.786857
6.0443673
5.7396474
5.655808
5.9905066
5.8487706
5.419925
5.163848
4.788398
4.660791
4.149485
0
0
4.759823
4.909254
4.931699
4.969044
4.95102
4.980863
5.067921
4.974684
4.927143
4.870781
4.98891
4.923483
4.8619585
4.949911
4.990295
4.9793334
4.913861
4.9085283
4.815977
4.9320545
4.906366
4.9406967
4.7087994
4.940301
4.85262
5.0177364
4.9710917
4.762832
4.9200406
4.7594156
4.7690735
4.8468285
4.924358
4.8926983
4.7431345
4.7970495
4.72053
4.7307405
4.8247547
4.7419424
4.752741
4.5393
4.6294184
4.645649
4.784275
4.5921392
4.633137
4.5821924
4.6600437
4.7278085
4.6991944
4.6918035
4.6873217
4.567761
4.586345
4.6179953
4.6731095
4.7141094
4.6609764
4.7292805
4.6338463
4.644446
4.640215
4.6802454
4.5460367
4.645969
4.55918
4.751921
4.7120013
4.60163
4.606687
4.6526046
4.590103
4.528399
4.518599
4.560987
4.6308413
4.5533667
4.4811506
4.645185
4.5220313
4.5427456
4.352018
4.448703
4.4061413
4.487344
4.383894
4.4029765
4.3602195
4.3892055
4.4079485
4.4892116
4.368303
4.3779144
4.404876
4.4776025
4.2809024
4.3252234
4.2312827
4.191353
4.17389
4.305496
4.2185764
4.300747
4.255405
4.1711717
4.2700047
4.3129554
4.2168527
4.1051164
4.257938
4.0664687
4.3196206
4.1426487
4.280692
4.2452936
4.316359
4.4292326
0
4.2210016
4.1885357
4.2049913
4.0540056
0
0
0
4.027828
4.0661087
4.2186394
4.1997833
4.1599674
4.278887
4.248281
4.144495
4.2299714
4.207288
4.1285257
4.1835003
4.310331
4.1263466
4.1540923
4.4710555
4.7093134
4.8996735
4.5862494
4.3879585
0
0
0
4.09404
4.166306
4.3986855
4.275423
4.4320574
4.481532
4.529131
4.522214
4.495804
4.2400317
4.086884
0
0
0
0
0
0
0
0
6.8100853
7.586393
7.6005664
7.701937
7.5156217
7.3706036
7.1748266
7.2085257
7.4133797
7.620337
7.7823715
7.6285896
7.9100523
7.7470393
7.7201533
7.742246
7.85293
7.6512227
7.533471
7.4520383
7.5563216
7.676423
7.742095
7.8939786
7.834938
7.8710012
7.8068385
7.9003973
7.7457633
7.2503133
7.1989985
7.0463047
7.0230846
7.3339143
7.346649
7.412532
7.5121965
7.411594
7.4507084
7.453355
7.504264
7.5125265
7.4786463
7.31305
7.49302
7.4283314
7.517054
7.672451
7.485519
7.6175885
7.555352
7.4117303
7.3111587
7.129174
7.2462726
7.4158597
7.537011
7.4602094
7.867205
7.5717416
7.5936794
7.5445733
7.461916
7.572015
7.4579706
7.35867
7.223587
7.3342156
7.524139
7.472247
7.529177
7.502424
7.6495557
7.7227097
7.699495
7.672407
7.405394
7.276564
7.416227
7.788674
7.6670337
7.7100058
7.632579
7.6217766
7.6079283
7.697861
7.6024966
7.468653
7.4461675
7.330828
7.4699135
7.7483087
7.9479427
7.736571
7.628462
7.605638
7.6822333
7.9420757
7.681886
7.5628805
7.119821
7.257645
7.3438845
7.4021425
7.4401436
7.548399
7.374811
7.5340104
7.423532
7.6809673
7.36889
7.3601794
7.3046193
7.4560547
7.719451
7.875908
7.8576436
7.677334
7.7934594
7.7529984
7.538902
7.5307355
7.541543
7.199688
7.472021
7.5338893
7.4557643
7.4455333
7.497388
7.5057025
7.5450854
7.6875095
7.672944
7.487912
7.434918
7.2701325
7.5143266
7.80541
7.8899517
7.6555634
7.7506156
7.8339367
7.822808
7.719996
7.485887
7.3041
7.2624
7.369401
7.5641603
7.535523
7.4831004
7.473502
7.576621
7.488263
7.520465
7.5923376
7.3905754
7.4587564
7.486232
7.3820825
7.613415
7.760831
7.5971174
7.7915316
7.4984937
7.465071
7.6158605
7.408665
7.415638
7.2973037
7.302832
7.4177113
7.7716317
7.759634
7.6766286
7.5797467
7.473255
7.534476
7.3817973
7.4812565
7.369591
7.4224043
7.204253
7.341964
7.537306
7.606401
7.450961
7.3797574
7.4725566
7.1532254
7.4935474
7.187044
7.1066957
7.1559925
7.1217546
7.1652894
7.5396266
7.5220103
7.3295546
7.453517
7.442104
7.5475893
7.435584
7.4923325
7.437323
7.5449567
7.5032787
7.6446257
7.862615
7.642763
7.748763
7.557962
7.784882
7.921188
7.8264847
7.7755656
7.4518604
7.475213
6.989058
7.2717075
7.4012747
7.3059545
7.293183
7.422425
7.438756
7.224862
7.276656
7.250182
6.9317923
7.141736
7.049409
7.1116147
7.262207
7.282534
7.42305
7.0912147
7.1115036
7.207459
7.2339277
7.309189
7.2253647
7.1975107
6.9146786
7.3723474
7.407196
7.4588842
7.4568157
7.475371
7.2854543
7.688204
7.592132
7.388876
7.1888285
7.0591044
7.189465
7.106602
7.1838737
7.0885687
7.089179
7.265419
7.2127085
7.156296
7.1172605
6.919296
6.764036
6.448297
7.026855
7.2045484
7.173489
7.3217793
7.425741
7.462886
7.6581006
7.555109
7.5256686
7.342672
7.1830363
7.23283
7.333253
7.7378
7.6027
7.8403
7.6151676
7.3286963
7.3126554
7.261357
6.9023952
6.621642
6.607673
6.886555
7.157209
7.209766
7.3032217
7.4949875
7.49051
7.465966
7.443866
7.552201
7.290834
7.31653
7.0902267
7.318366
7.436435
7.541023
7.690499
7.739273
7.4862695
7.5665
7.6516266
7.6983633
7.717266
7.3973403
7.252129
7.2209005
7.5299964
7.704715
7.55614
7.426772
7.430563
7.3865533
7.3378663
7.655594
7.269036
7.087886
6.838525
7.1610155
7.4055996
7.6184793
7.8390737
7.6783156
7.6594024
7.444684
7.83943
7.74281
7.465124
7.2541447
6.9224944
7.4039173
7.543474
7.613611
7.418145
7.486682
7.45107
7.599965
7.621194
7.44242
7.3304834
7.31029
7.361127
7.765025
7.7941294
7.990571
7.8837595
7.694866
7.6706343
7.745589
7.6793957
7.699559
7.46003
7.5049033
7.3154006
7.550195
7.5762568
7.711483
7.576849
7.5389957
7.4949484
7.4677615
7.65102
7.5611644
7.379056
7.2521086
7.550067
7.824106
8.162567
8.120616
8.122757
7.9719067
7.981093
8.073666
7.914165
7.746294
7.6069684
7.452242
7.6179924
7.8506784
7.6885414
7.5347686
7.4114933
7.6158633
7.6323547
7.8492937
7.8847156
7.8046227
7.3973346
7.3628426
7.791488
8.007142
8.202895
8.210806
8.008186
8.055101
8.073611
8.005743
7.6031294
7.5379367
7.4781237
7.7985015
7.9418187
7.8225102
7.688221
7.6658897
7.724976
7.7864146
7.96963
7.8668795
7.7023196
7.6452374
7.8559904
8.20641
8.3192005
8.288156
8.262054
8.315522
8.4355135
8.311466
8.209172
8.060141
7.9582
7.711972
7.8247
7.794062
7.7388153
7.5513096
7.4955587
7.626791
7.760064
7.783698
7.8755555
7.670949
7.6132383
7.8750763
8.154791
8.105794
8.026295
8.114726
8.116217
8.176117
8.214814
8.309359
7.980179
7.5869756
7.678145
8.031215
7.726518
7.7604485
7.908806
7.856477
7.79572
7.719098
7.896332
7.938002
8.058959
8.079148
7.7002
7.9490495
8.228135
8.288691
8.092498
8.065999
8.07155
8.0842285
8.2498045
8.331405
7.9081244
7.855707
7.7150974
7.652564
7.592419
7.5768447
7.4952374
7.673538
7.753792
7.6917815
7.7999344
7.678838
7.4836144
7.4248214
7.578658
7.9050927
7.968391
7.831278
7.7798495
7.715076
8.095158
8.291646
8.10299
7.7526774
7.8786445
8.043197
8.245969
8.080534
7.944889
7.8569627
7.905905
7.866887
7.7987
7.923047
7.971051
8.020478
7.9849687
8.017173
7.844085
8.222607
8.257133
8.142535
8.087307
7.9951334
8.102142
8.094777
8.07733
7.81091
7.8613195
7.7412314
7.7270174
7.879792
7.985132
7.7444344
7.862494
7.903552
7.9882956
8.074958
8.081686
8.074979
7.9369564
7.885541
8.150459
8.222823
8.172836
8.284449
8.135101
8.182147
8.279837
8.171697
7.935378
7.8467355
7.83218
8.312745
8.035438
8.2407875
8.121586
8.058189
8.022146
8.108517
8.23951
8.264369
8.202195
8.033747
7.7250004
7.866475
7.9476595
7.879223
7.848695
7.861958
8.032828
8.111252
7.9675756
7.8780303
7.988859
8.1146
8.139489
8.1167555
7.818769
7.6634793
7.4509125
7.4987407
7.5328436
7.841445
7.944781
8.01119
7.8859243
7.8429976
7.615697
7.9116783
8.054158
8.062517
7.9440136
7.814922
7.694324
7.703782
7.770257
7.8335495
7.657223
7.298557
7.5177817
7.618442
7.5046926
7.495426
7.427412
7.4749393
7.448589
7.5764885
7.5080523
7.586808
7.6433353
7.380011
7.246321
7.0685673
7.106691
6.6351876
6.904228
7.1012526
7.019833
7.1959386
7.2993436
7.2297025
7.2837
7.487668
7.5053196
7.7386575
7.55969
7.6741667
7.727895
7.688684
7.5534916
7.37672
7.159438
7.031587
7.447618
7.1080875
7.0611453
7.177782
7.1749935
7.349888
7.2673607
7.3465414
7.0175543
7.047851
7.308348
7.251062
7.084953
7.2829337
7.4511175
7.520347
7.5462203
7.338454
7.106857
7.481917
7.5131617
7.7443447
7.8815846
7.853039
7.6925564
7.675868
7.55954
7.6691666
7.4742017
7.6871233
7.794568
7.2958713
7.2441783
7.1309977
7.048236
7.001934
7.2645135
7.239264
6.989268
6.955214
7.03191
7.2775574
7.2324624
7.11983
7.321166
7.217038
7.238193
7.1108804
7.096812
6.9986367
7.0653763
7.3836565
7.1523914
7.3981633
7.4984436
7.3450418
7.6146674
7.5195127
7.609158
7.3949575
7.1033206
6.6752663
7.268541
7.5943255
7.363831
7.300014
7.3582726
7.2582936
7.2832394
7.217346
7.2603273
7.4007998
7.443724
6.923876
7.327715
7.3256145
7.3870945
7.5238614
7.5312314
7.235183
7.2165627
6.814243
6.896762
7.2401657
7.380921
7.494526
7.666669
7.6182876
7.7577214
7.5781407
7.6410666
7.4168487
7.487947
7.3557816
7.3356776
7.079541
7.3114605
7.2530756
7.4484186
7.406797
7.4948187
7.320444
7.0704618
7.1049685
6.8325644
6.648013
6.922557
7.3816395
7.5715733
7.532032
7.3900313
7.2114105
7.2012444
7.0119724
7.0061817
6.9701943
6.8687162
6.794553
6.7679367
7.0184703
7.173863
7.0559382
7.184717
6.9617
6.9040613
6.919679
6.8125634
6.9816713
6.6516237
6.8901844
6.83695
6.989258
6.8952975
6.7533507
6.62872
6.6040096
6.6741567
6.6342754
6.757422
6.9554243
6.8392453
7.1662693
6.7787724
7.170176
7.0636463
7.0047226
6.992937
7.0068107
7.2032228
7.424296
7.630949
7.3585386
6.817429
6.508753
6.4319987
6.6363497
6.8031907
7.1339097
7.32405
7.503673
7.482872
7.750265
7.903773
7.9495745
7.914523
7.7727137
7.6766124
7.1409183
7.1897388
7.078247
7.035626
7.0588026
7.1077824
7.199765
7.408561
7.941985
7.853384
7.4184365
7.4539595
7.538268
7.3509874
7.179064
7.0411153
7.069778
7.2521324
7.195616
7.4526453
7.6974335
7.5526214
7.5157847
7.251002
6.7494965
6.8323717
6.6347194
6.662895
6.6145744
6.8529086
6.8533792
7.057276
7.149938
7.25582
7.3911543
7.238795
7.184697
7.3727055
7.1312532
7.1740103
7.1429043
7.0097303
7.3731527
7.6699276
7.541358
7.3792377
7.2640743
7.11784
6.68949
6.8252635
6.5270567
6.243093
6.3026915
6.479538
6.6941757
6.7467856
6.986252
6.8537107
6.9854813
7.047077
7.3225207
7.0494795
6.9651775
6.7572546
7.0218015
7.137794
7.2223988
7.249584
7.026409
6.633889
6.6587973
6.7017345
6.7264132
6.25973
5.965347
5.9644957
5.919416
6.0934296
6.1651382
6.7139707
6.5785522
6.3758373
6.6242256
7.0488834
6.864765
6.721116
6.7599387
6.5892763
6.6987047
6.797413
7.1240053
6.912488
6.7951765
6.8679447
6.518519
6.1354303
6.2841926
6.207352
5.9570627
5.7449183
5.9330716
6.045122
6.058256
6.484824
6.9852166
6.5860424
6.76779
7.109094
7.0991964
6.7112174
6.4156547
6.6325803
6.869439
7.0475297
7.1306977
6.9348593
6.9031568
6.655196
6.398805
6.4297576
6.457197
6.3197203
6.0399513
5.9548845
6.2064557
6.145595
6.476282
6.756379
6.72938
6.567629
6.676598
7.226515
7.191203
6.7098203
6.397395
6.82423
7.2002373
7.3520103
7.3552804
7.087847
6.6363893
6.158402
6.188218
6.5125794
6.4693356
6.065869
6.2231946
6.406639
6.4385133
6.498493
6.4272833
6.2037125
6.241254
6.211014
6.9999676
7.107643
7.1015635
7.124625
6.902211
6.954138
7.1896696
7.118841
7.071034
6.9696717
6.07058
6.413399
6.4374104
6.3601637
6.0444636
6.014535
6.4200516
6.5275626
6.823874
6.7532997
6.343717
6.1512284
6.3280325
6.8015485
6.78817
6.6390967
6.4591317
6.51008
6.6621428
6.8073297
7.128231
6.9151435
6.4792333
6.0736012
5.8370304
5.88867
6.1029253
5.848763
5.2762833
5.4116683
5.6628637
5.863638
5.9301066
6.334265
6.0892196
5.960476
6.0303617
6.1192694
6.2582526
6.2758913
6.498754
6.359829
6.111643
6.639642
6.820957
7.3766475
7.141746
6.8043857
6.1414423
5.844069
5.5774055
6.118409
6.184539
6.071007
5.98863
6.2756867
6.502335
6.570039
6.576036
6.316614
6.1404705
6.271486
6.3522825
6.439412
6.9648395
7.224163
7.103024
7.300376
7.335829
7.433298
7.0804396
6.395944
6.1055055
5.4641504
5.270902
5.77046
6.005402
5.8314414
5.881084
6.133256
6.3650136
6.4558945
6.430709
6.0088315
6.19314
6.4667196
6.747244
7.2054796
7.256852
7.3185782
6.8847427
6.8342557
7.0856442
7.2892246
6.8971014
6.1797237
5.9672585
5.600028
5.799937
6.129015
6.1578283
6.331645
6.409925
6.53345
6.032297
5.797124
5.8566566
6.1483393
5.9459023
6.3661375
7.008521
7.059787
7.440958
7.365217
7.180446
6.874683
6.6894274
6.260193
6.0152082
5.9432034
6.0018415
5.8629446
5.8387237
5.9149704
6.1896896
6.2869096
6.325224
6.0808744
6.019697
5.9818587
6.275403
6.0091143
6.4261794
6.5798535
6.692377
6.412869
6.7040143
6.8505425
6.678216
6.484889
6.071219
5.960295
6.0876293
6.46084
6.543823
6.5465975
6.3355064
6.765692
6.947771
6.8165793
7.001126
6.782692
6.8337507
6.6750956
6.9812393
7.2970905
7.0635133
6.92307
7.1578712
7.272815
7.3108115
6.851957
6.771911
7.055213
7.088616
7.0964165
6.887188
6.838602
6.5836277
6.8041763
7.1725063
7.5960875
7.697843
7.297507
6.896655
6.881542
7.052745
7.0339413
7.0364943
7.0841384
6.984879
7.1149526
7.037626
7.1503124
6.8198786
6.390227
6.1847057
6.262079
6.1584353
6.243415
6.5063076
6.521061
6.516888
6.5486035
6.621275
6.7731366
6.5235605
6.2596264
6.160307
6.1482315
6.1390433
6.190592
6.10845
5.8709784
5.995276
6.201602
6.5333557
6.3271875
6.348871
6.1928453
6.0448847
6.618143
6.45673
6.7628303
6.609018
6.3956623
6.4395733
6.579258
6.5510116
6.4177103
6.452201
6.7106647
6.521109
6.8020434
6.847806
6.334329
6.0401015
6.1535463
6.2234974
6.4483643
6.5061316
6.581237
6.5982766
6.5673943
6.5025663
6.5644307
6.5209956
6.42318
6.144878
6.411771
6.399827
6.6379147
6.8178644
6.5255427
6.1174564
6.342988
6.6315937
6.572844
6.6755066
6.314851
6.3053236
6.579192
6.8229356
7.0851693
7.2013464
6.940446
6.8587027
6.57294
6.8615127
6.6207104
6.778866
6.562223
6.709453
6.951248
6.946459
7.199558
7.103635
6.804863
6.928509
7.1114283
7.207479
7.08149
6.662091
6.718609
6.7038093
7.0541234
7.2141433
7.448421
7.3189144
7.1793694
7.201259
7.0910544
6.6951075
6.6931825
6.82424
6.9046745
6.875074
6.9702954
7.4841094
7.1858416
6.783314
6.9926577
7.2856293
7.303084
7.3435073
7.4531784
6.9494643
6.746137
6.9517503
7.1601195
7.569494
7.3620477
7.3433013
7.159962
6.9688
6.911867
6.941826
7.0756016
7.1186733
7.222511
6.992031
7.061794
6.835601
6.6675863
7.0641127
6.8377385
7.1135607
7.304061
7.4833517
6.8132696
6.839257
6.5595074
6.7938404
7.0943565
6.874531
6.9381447
7.0465164
6.8818607
6.9925385
6.8954167
7.119632
7.1266193
6.8739414
6.9012365
6.960386
6.2387996
6.98281
7.056749
7.030457
6.9752116
7.422886
7.199053
6.888831
6.7154675
6.6559196
7.206868
7.386212
7.372153
6.8840613
6.9244823
6.77807
6.3805404
6.877182
6.790419
6.825825
6.811123
6.74181
6.2922306
6.268442
7.0083256
7.2147064
7.173628
7.3923364
7.3513737
7.1669235
6.7491465
6.6251955
6.6984262
6.932842
7.362878
7.106889
7.0600986
6.984807
6.6497765
6.90411
7.1626835
6.974225
7.2498064
6.9342256
6.6368723
6.4545083
6.8650513
7.4446535
7.2959795
7.4568133
7.504034
7.070345
6.7846994
6.7768416
6.5477076
6.73929
6.9406495
6.943012
6.86296
7.1342554
6.9490185
6.6285634
6.5823603
7.046775
7.266197
6.855536
6.5425153
6.5536904
6.89354
7.123337
7.2385855
7.27751
7.3332167
7.2229323
6.8757443
6.7224474
6.51132
6.4602823
6.4764814
6.633349
6.649896
6.753947
6.9091034
6.9177194
6.4819765
6.8232207
6.9442844
6.7047086
6.493251
6.1261406
6.080897
6.4828925
6.8363476
7.0307665
6.9460864
7.048336
6.8685703
6.609077
6.5995016
6.354454
6.193609
6.3627768
6.520784
6.932415
6.7628713
6.764397
6.312503
6.0945377
6.7290707
6.577067
6.853
6.2312045
6.123212
6.0842323
6.5379987
6.9677706
7.1259527
7.1940002
7.106656
6.9740715
6.817376
6.7694
6.695106
6.6320434
6.672919
6.879726
6.9621916
7.0894227
6.803739
7.163989
6.582314
6.6038094
6.9392138
6.7779136
6.613135
6.5036874
6.66883
6.604618
6.9714975
7.138054
7.2273765
7.2468853
7.1449614
7.0518804
7.0400267
6.987983
6.8251944
6.710774
6.9591384
7.057609
7.1777406
6.8924403
6.887793
6.697858
6.414297
6.685438
6.521704
6.46278
6.2826905
6.7887106
7.073792
7.2252636
7.351923
7.3706183
7.190536
7.0702534
6.8951225
6.8027143
6.9250965
6.793137
6.817857
6.914673
7.2274575
7.098087
7.206353
7.3273993
6.945058
6.6587095
6.70961
6.2942824
6.312351
6.7748547
6.611642
6.9365873
7.133264
7.247417
7.4433384
7.048803
7.120937
6.8099356
6.680592
6.54435
6.5298357
6.685032
6.780159
6.9483433
7.152649
7.2367253
7.2783527
7.1303988
6.655582
6.271342
6.411021
6.494229
6.814501
6.941474
7.1066937
7.0966496
7.383214
7.3818164
7.026534
7.024881
6.942499
6.926894
6.8913383
6.9798994
6.8761024
6.9122934
7.0041323
7.1270685
6.936442
6.9653263
7.0264893
6.778422
6.6551213
6.302146
6.52751
6.4173493
6.4383726
6.784602
7.037968
7.1883407
7.350237
7.1037207
7.0301805
6.988496
6.880707
6.806896
7.0012064
6.8335853
6.820589
6.9317493
7.0419
7.1122165
6.658299
6.949656
6.7827044
6.304395
6.2593436
6.1267285
6.0056567
6.0829697
6.243823
6.4811373
6.5891385
7.069087
6.9869847
6.9176507
6.995406
6.9104314
6.7924476
6.7636776
6.661944
6.9431143
6.822163
6.836255
6.7853146
6.578151
6.2808046
6.4659867
6.192711
6.2323203
6.166823
6.2147145
6.093579
5.934376
6.015699
6.3258305
6.4889264
6.9090753
6.6836715
6.8937235
6.6762404
6.7918715
6.6984296
6.5036826
6.522703
6.519203
6.5887747
6.6577225
6.497428
5.8458505
5.8512716
5.6053624
5.5719347
5.81319
5.78388
5.862228
5.9722013
5.7582636
5.6255383
5.6651435
5.9104385
6.2396693
6.5687547
7.121457
7.1768646
7.176933
7.3528533
7.447384
7.394967
7.0772266
6.922659
6.9572124
6.9883785
7.114674
6.987734
6.885416
7.12879
7.540185
7.5453224
7.5473385
7.448017
7.5425344
7.5242023
7.2262535
7.2385225
7.0782137
7.249453
7.466322
7.4418087
7.3169956
7.3078604
7.203681
6.724222
6.7421646
6.5149364
6.7373333
6.780751
6.778985
6.456764
6.3477116
6.4411674
6.528267
6.4372
6.755252
6.884817
7.09588
6.9838486
7.177246
7.564004
7.005479
6.8741994
6.696535
6.622808
6.615924
6.438322
6.313859
6.362213
6.287526
6.4330673
6.5968885
7.06957
7.1508217
7.0652246
6.708314
6.565257
6.1286945
5.644215
5.7673554
5.686812
5.699643
5.6417513
5.5619464
5.7348075
5.601572
5.5416183
5.717331
5.7637777
5.822011
5.7416153
6.2083178
6.157673
5.8671713
5.5284243
5.1826677
5.0811462
5.2584624
5.4771333
5.568709
5.7116933
5.5693955
5.1286426
4.8758736
4.640869
5.0374184
5.2138453
4.9978213
4.6954556
4.4304576
4.475582
5.1163673
5.7906957
5.956889
5.8157907
5.9990377
5.805355
5.7532783
5.7936835
5.5820827
5.3891897
5.4744835
5.779152
6.217191
6.817217
6.2017603
5.7706027
5.2459207
5.0402575
5.745235
6.051938
5.63506
5.2545915
5.107845
5.2945294
5.7293887
6.046243
6.1160784
6.2002583
6.0846653
6.0683928
6.0040016
5.9331813
5.9913077
5.8332458
5.7031846
5.601064
5.8152065
5.8527412
5.671079
5.2435107
4.9224358
4.4726505
5.078654
5.9272223
6.0383983
6.02391
5.49481
5.2990065
5.3795285
5.6099057
5.369037
5.5678954
5.3041563
5.2758555
6.0485973
6.7570972
6.7516747
6.2766857
6.259597
5.9787536
6.0702777
6.4387884
6.202509
6.405436
5.7380877
5.28951
5.3732905
6.145734
6.0549436
5.635862
5.3989635
5.405745
5.503972
5.8254924
6.0078497
5.482928
5.2190523
5.491508
6.538668
6.6494827
6.08876
5.737946
5.7905164
5.8200765
6.223771
6.5836954
6.328311
6.188538
5.6726627
5.202691
5.819878
6.213059
5.827438
5.5935383
5.5738177
5.9369054
6.048411
6.2177258
6.2100334
5.6969347
5.7584705
5.6086216
6.630566
6.7645845
6.038864
5.6621065
5.414967
5.4973664
5.496807
6.0434
6.215178
6.054891
5.9087324
5.7153206
5.303644
5.169388
5.913349
6.025786
5.83753
5.4244666
5.2715435
5.1522064
5.407315
5.522399
6.497616
6.6515155
6.2084765
5.717908
6.2757716
6.563583
6.5315514
6.153296
5.933864
5.692074
5.26461
5.530385
5.997205
6.0413985
5.916944
5.991187
6.2431464
6.0359645
6.015435
5.632213
4.9741826
5.4224854
5.939026
5.5683746
5.491217
5.3498197
5.3914986
5.2498326
5.327015
5.683103
6.210227
6.3326178
6.257653
5.868035
5.776114
6.636554
6.8000517
6.2886295
6.1439524
6.2024546
6.0738726
6.1709585
6.19066
6.1436357
6.364748
6.45446
6.311623
6.235284
6.107681
6.0305147
6.026477
6.117374
6.0975327
5.935628
5.7363515
5.913349
6.209527
6.366078
6.355163
6.4532027
6.36598
6.508384
6.644099
6.7067547
6.476538
6.432308
6.3667817
6.3566747
6.71017
6.7569237
6.8935537
6.9521914
6.624663
7.19277
7.04756
6.778941
6.856004
6.7950177
6.736375
6.596117
6.7930307
6.494408
6.804368
7.0926905
7.0028143
7.0914965
7.2127643
7.114109
7.2968554
7.315137
7.2455196
7.0898976
7.2748847
7.1544414
7.213877
7.2282314
7.4699745
7.2163763
7.0838175
6.9872665
6.92537
6.8276315
6.95203
7.090426
7.4618893
7.684306
7.485408
7.6018844
7.6536736
7.6055427
7.420717
7.2062798
7.187717
7.1994977
7.1298513
7.2053103
7.014696
7.1340594
7.2634625
7.2418594
6.8215013
6.7517266
6.472909
6.308195
6.3548107
6.4637756
6.696294
6.7467055
7.1287503
6.929909
7.255611
7.043969
7.0409803
7.1519737
6.8566265
6.934916
6.723634
6.6424966
6.8497744
7.000721
7.1970444
6.979374
7.277669
7.2247157
6.7001696
6.839631
7.0910273
6.987249
6.7934303
6.5777407
7.028729
7.2071238
7.216437
7.6390204
7.3766155
7.3674316
7.4585047
7.485424
7.459232
7.599348
7.3274646
7.2122583
7.17071
7.101039
7.174222
7.6445875
7.9605584
7.987438
7.4105797
7.5871444
7.828963
7.744557
7.486509
7.3455424
7.6472116
7.8909125
7.9000764
7.758537
7.495062
7.324967
7.486298
7.2930036
7.2697773
6.8834386
6.991317
7.1146164
7.0703297
7.0535054
7.671519
7.970558
8.047176
7.761576
7.338042
7.3859243
7.523676
7.2582054
7.201647
7.2574944
7.432102
7.890384
8.101639
8.017325
7.435337
7.4541225
7.5665865
7.867945
7.762376
7.5498915
7.3377066
7.313153
6.967384
6.965554
7.357601
7.566839
7.6959343
7.2844734
7.376281
7.4592495
7.3668585
7.208698
6.7862916
7.0515876
7.268459
7.511918
7.7008057
7.363241
7.132394
6.9087405
7.3764005
7.8892155
7.648466
7.4868383
7.3741665
7.2222047
7.321092
7.319788
7.5785837
7.944003
7.6544557
7.427517
7.4498787
7.39842
6.9783916
6.827713
7.1171036
7.365542
7.7343326
7.8700194
7.93284
7.8521433
7.596843
8.039267
8.2160635
8.10826
7.7266665
7.676629
7.652197
7.8400803
7.5878043
8.027269
8.185047
8.00418
7.38398
7.5993943
7.4702764
7.1677933
6.914737
7.136384
7.276212
7.5483365
7.6953354
7.143731
7.027259
7.1918306
7.955453
7.944194
7.7109613
7.5053086
7.49286
7.5055804
7.615792
7.7259407
7.6991167
7.8123446
7.460062
7.3245935
7.073599
6.9168253
6.935205
6.9255495
6.670964
6.8738003
6.830364
6.973855
6.589069
6.759062
7.1465006
7.2819085
7.152411
7.096234
7.224211
7.2559137
7.1216435
6.879338
7.4345827
7.5708704
7.3447647
7.6298056
7.282381
7.2673674
7.2878537
7.13138
7.107923
6.882759
6.8636456
7.000631
6.8296776
6.5207505
6.579251
7.015833
7.8330154
7.984324
7.974616
7.98342
7.989999
7.786166
7.8722067
7.747386
7.772475
7.4267716
7.572514
7.1325173
7.188247
7.624733
7.511732
7.2787514
7.4942474
7.2690043
7.199195
7.488109
7.530845
7.144702
7.195387
7.247964
7.5137563
8.144073
8.268147
8.17326
8.070635
7.912783
7.9666348
7.9267697
7.8694277
7.6464972
7.7123814
7.7843776
7.503758
7.3028374
7.2493973
7.4088097
7.2593365
7.315662
7.1643834
7.1792884
7.247491
6.9724736
6.7507033
6.895513
6.849448
7.6532435
7.9606
8.016807
7.9942675
8.024785
7.8008327
7.892752
7.7609506
7.7983856
7.965852
7.727681
7.139623
7.5098977
7.518929
7.3745456
7.1973295
7.1363754
6.8905864
6.9786916
6.7959766
6.6975617
6.504508
6.751402
7.394521
7.5963345
7.7162094
7.7452126
7.8147597
7.852397
7.7835436
7.869479
7.8657875
7.522769
7.5339594
7.378976
6.8657284
6.929558
7.3717437
7.410117
7.679327
7.4524193
7.1036105
7.143375
7.1678367
6.5549407
6.515501
7.1208167
7.1449256
7.748844
7.6981087
7.6191883
7.5019827
7.355874
7.473782
7.577073
7.5740294
7.5637417
7.4708924
7.198357
6.528245
6.8040347
7.352558
7.179181
7.276106
7.340397
7.1495028
7.0733476
7.0387945
6.8194036
6.7571135
7.064262
7.5676627
7.7067614
7.844635
7.5895877
7.7391386
7.644425
7.630851
7.566322
7.438891
7.5091186
7.382412
6.8499675
6.7083907
7.230615
7.234584
7.215354
7.3522205
7.3292193
7.240476
7.347119
6.793824
6.9927044
7.3003483
7.445226
7.753638
7.868362
7.759571
7.9464493
7.9418283
7.9229856
7.7991247
7.640348
7.7478466
7.668034
7.4358797
7.0362573
7.2773294
7.372298
7.381258
7.389781
7.4125285
7.3211474
7.263205
7.150428
6.6856384
6.7556257
6.9116335
7.0585594
7.0822554
6.8854184
6.640566
6.8943686
6.9050894
7.035739
6.9040794
6.556956
6.6311684
6.6587296
6.467238
5.7612367
6.356539
6.449453
6.547044
6.659964
6.5869393
6.35619
6.1152267
5.844635
5.6294584
6.22945
6.562739
6.95341
7.4961405
7.3991895
7.0930657
7.446212
7.5708704
7.149024
7.201682
6.900857
6.8112483
6.718997
6.2129636
6.039981
6.199623
6.2319183
6.2771926
5.99146
5.943225
5.8361554
5.9970794
6.6246977
6.3747897
6.6975017
6.8860617
7.0259266
6.87399
6.775812
6.8609843
6.7529125
6.5638323
6.321385
6.2051153
6.3667994
6.316531
6.419805
6.0624514
6.09381
6.512595
6.7821574
7.1093874
6.9801846
6.8961654
6.802084
6.6463914
6.400821
6.444428
6.8621078
6.944134
7.1872816
7.176743
7.3511615
7.681326
7.6288056
7.612032
7.724431
7.568967
7.2386565
7.2161813
7.13859
6.5362267
6.6047363
6.518776
6.829864
6.837192
6.972392
6.8948183
6.9588223
6.772039
6.817534
6.3315096
6.6140594
6.9576
7.5544066
7.35344
7.247706
7.299518
7.466486
7.529799
7.4752645
7.680251
7.327099
7.207112
7.19051
7.1847334
7.013095
6.875807
6.8064265
6.978575
7.167293
7.2272415
7.1900363
7.314494
7.175045
7.0966907
6.93771
6.964426
6.92986
6.693339
6.8278685
7.0979066
7.01248
7.1393256
7.0090847
6.792736
6.540008
6.61964
6.71717
6.76464
6.458505
6.415038
6.540956
6.5417643
6.5721154
6.7307196
7.1538887
6.8558307
6.7853146
6.814076
6.927828
7.08449
7.122781
7.1005287
6.641185
6.7098083
6.788438
6.359306
5.9654737
6.1665483
6.5274067
6.420776
6.669841
6.3045816
6.1577187
6.400837
6.6400204
6.703507
6.638523
6.6314673
6.6838136
6.7508497
6.7287793
6.9363985
7.2212367
6.9645233
6.3466954
6.2998424
6.190436
6.4065065
6.479224
6.387936
6.053643
6.059694
5.8524666
5.596491
5.517146
5.36865
5.416995
5.777992
6.1154838
5.829255
5.148864
5.283246
5.5500975
6.0441284
6.160352
5.925968
5.688299
5.9605875
6.0475883
6.050313
6.4325533
6.055615
5.017004
4.7125087
4.8930807
5.851103
6.012206
5.878118
6.019903
6.0286913
5.5686483
5.6834383
5.791815
6.3456116
6.0315747
5.8269987
5.580772
5.999723
5.7271695
5.6036067
5.431867
5.28225
5.7712603
6.090998
6.4001236
6.1014514
6.3581896
6.1882806
5.664191
5.2476683
4.9732485
5.153828
5.6113815
5.078477
5.040283
4.765573
4.6643467
4.8288817
4.9214683
4.835062
4.638141
4.5368724
4.748937
0
0
0
0
0
4.8471346
4.7902346
4.733617
4.723213
4.775384
4.8370442
4.78092
4.7952576
4.7169185
4.8729157
4.630489
4.768569
4.6993895
4.6846666
4.6781344
4.5577283
4.7834225
4.784166
4.773557
4.7258077
4.598242
4.586008
4.725683
4.6705737
4.5667324
4.5716896
4.656836
4.6457505
4.5601425
4.700992
4.696139
4.697119
4.609936
4.698798
4.4997134
4.4942517
4.5425644
4.5742745
4.697056
4.666568
4.5967464
4.594462
4.591924
4.590491
4.6759944
4.6821914
4.6754093
4.671696
4.4580398
4.7303834
4.6290083
4.684474
4.698362
4.760713
4.6393933
4.6534452
4.575224
4.604156
4.623342
4.565106
4.8570595
4.8003135
4.7469177
4.6543245
4.7536645
4.798697
4.779505
4.653054
4.72886
