10000
8.673185
8.520365
8.483442
8.58786
8.5177145
8.541437
8.608682
8.540183
8.565333
8.623673
8.6227045
8.639724
8.599836
8.726898
8.628068
8.673756
8.620041
8.605518
8.68622
8.729245
8.692422
8.7076025
8.673705
8.750478
8.661443
8.790031
8.6817045
8.760963
8.731801
8.727743
8.774385
8.7265005
8.632941
8.627196
8.602905
8.600972
8.570158
8.671744
8.570485
8.61491
8.488908
8.429537
8.441038
8.40162
8.319712
8.163047
7.985462
7.6871715
7.628478
7.6901383
7.4421525
7.529266
7.5210686
7.604951
7.5040207
7.418624
7.344344
7.4730825
7.544417
7.7073464
7.8277245
8.066329
7.930846
8.026828
7.9032536
7.7441816
7.2602625
6.8010454
6.8199725
6.448992
6.1448145
6.0004764
5.9388556
6.0395007
6.074677
6.142623
5.973212
5.7266107
5.7003393
5.4257317
4.9189763
4.749449
4.794857
4.864797
4.8493547
4.8657427
4.9352446
4.8107014
4.8345037
4.7398663
4.8584824
4.9081144
4.850112
4.869591
4.8534603
4.9183416
4.914142
0
0
0
4.7220035
4.574236
4.7716107
4.73621
4.824573
5.0093946
4.8024907
4.731612
4.677938
4.7636695
4.847089
5.0094275
4.866366
4.8012977
4.856237
4.8159204
4.870954
4.789967
4.8920436
4.8323145
4.797261
4.7783427
4.723097
4.781356
4.714941
4.8719463
4.7071753
4.7420244
4.9524465
4.8064885
4.8718195
4.814582
4.927848
5.0085015
4.8949065
5.030328
5.0577083
5.0205684
5.001476
0
0
0
0
4.196105
4.6262426
4.6690893
4.708582
4.5899906
4.653664
0
4.6897755
4.743793
4.766481
4.8184175
4.794468
4.8096085
4.8500586
4.8259163
4.753231
4.8903513
4.7883906
4.797654
4.7776775
4.7474823
4.879339
4.8011847
4.834002
4.835763
4.777853
4.7791696
4.7730045
4.802283
4.8326387
4.8356647
4.891319
4.840755
4.8128734
4.8531055
4.786579
4.84165
4.8343067
4.7560925
4.694295
4.8687325
4.8788195
4.846211
4.8934207
5.0576773
4.943203
5.0256343
4.929779
4.9820514
5.1115828
5.101217
4.9488773
4.8631525
4.973293
4.91472
4.923423
4.706357
4.6800365
4.679015
4.7721305
4.554397
4.56795
4.5895743
4.610279
4.5993533
4.6471567
4.6827655
4.7371116
4.838382
4.7025123
4.678723
4.71229
4.789099
4.7974052
4.619314
4.563049
4.5879884
4.5471306
4.532726
4.4869595
4.4935703
4.4038086
4.455217
4.47637
4.4652867
4.51913
4.49837
4.413153
4.4894953
4.5203834
4.5914607
4.59368
4.441541
4.5076084
4.7951107
4.7339497
4.79723
4.7576604
4.8403897
4.696311
4.781895
4.9583907
4.837194
4.769039
4.772633
4.765955
0
0
0
7.0353403
6.967327
7.0019455
7.031572
6.9949265
7.0225067
7.0193024
7.0010085
7.0520267
7.1362185
7.153707
7.125908
7.1409836
7.1312366
7.135964
7.223174
7.2029777
7.2097173
7.110765
7.1396146
7.1729875
7.174278
7.1779003
7.219062
7.213175
7.207304
7.143442
7.1923165
7.2446365
7.2114625
7.2439466
7.1355567
4.3952494
5.2657576
5.2132297
5.1836796
5.302411
5.287359
5.457082
5.415067
5.5317245
5.5518537
5.4037004
5.257931
5.336236
4.3705425
4.4285893
4.642532
4.667451
4.526116
4.6672697
4.695094
4.668617
4.8093157
4.748577
4.7160077
4.861742
4.8289957
4.836938
4.842065
4.839009
4.845711
4.8689785
4.8001337
4.8785896
4.9024568
4.8575535
4.8175945
4.856882
4.8373246
4.832705
4.9363527
4.8448963
4.8528757
4.8912416
4.8816423
4.7925596
4.821864
4.9554524
4.8546486
4.8995805
4.8698344
4.7875395
4.7753515
4.8324776
4.741201
4.8238754
4.9201684
4.847474
4.7638583
4.7409387
4.6883907
4.611188
4.6888247
4.624885
4.656003
4.635771
4.64303
4.6749105
4.875036
4.755901
4.634219
4.7431273
4.836061
4.853233
4.8638415
4.9501295
4.835862
4.8634505
4.757574
4.6706214
4.786758
4.6371746
4.6792583
4.7075176
4.729473
4.711721
4.7050915
4.7243667
4.5535054
4.5797076
4.589225
4.78266
4.7481546
4.613143
4.647387
4.7572293
4.6176577
4.6605787
4.5199275
4.68423
4.665485
4.633533
4.657082
4.734811
0
0
0
4.1242847
4.1726274
4.119881
4.1753054
4.1791
4.1534543
4.095702
4.160115
4.1580415
4.128821
4.1678085
4.1202025
4.117829
4.166489
4.127251
4.1342072
4.0867906
4.149191
4.1443124
4.175555
4.078254
4.1344347
4.159404
4.1732216
4.1719546
4.215474
4.1777463
4.187623
4.200216
4.2052507
0
0
0
4.223223
4.521043
4.680563
4.6645274
4.6981115
4.7628427
4.805939
4.7656484
4.8793497
4.845069
4.904765
4.904128
4.8582954
4.943631
4.937509
4.9780855
4.889475
4.812078
4.878581
4.917295
4.9379783
4.91252
4.925265
4.9952097
4.971034
4.9561996
4.91354
4.870058
4.903382
4.7875
4.8558006
4.863306
4.9046526
4.808493
4.876145
4.852796
4.932009
4.976326
4.8336425
4.778383
4.858658
4.8499603
4.820843
4.8787913
4.9785514
5.021076
5.012594
4.9838376
4.901954
4.970703
4.950961
5.0662475
5.0189557
4.9539313
4.831568
4.9337506
5.011364
4.96725
4.8451757
4.896829
4.9224935
5.026806
4.8339796
4.8880067
4.7968903
4.854124
4.966337
4.962325
4.8923426
4.934648
4.9687147
4.9112644
5.05164
5.09074
4.942669
5.020739
4.8459206
4.909236
4.8952975
5.0947022
4.9926205
4.831058
5.024486
4.895241
4.7161407
4.693403
4.627548
4.50893
4.52947
4.5737
4.524625
4.591646
4.641859
4.312937
4.3692684
4.2527313
4.2986364
4.213929
4.1868553
4.215217
4.267875
4.364713
4.405963
4.401905
4.4552193
4.4084196
4.1417007
0
4.1655216
4.1466117
0
6.209953
7.402608
7.367239
7.3609047
7.3967166
7.4189467
7.3677883
7.30199
7.404581
7.297097
7.4847517
7.326262
7.27801
7.4095883
7.2866063
7.443248
7.315295
7.350874
7.2493424
7.3486805
7.3104258
7.3376336
7.214902
7.232384
7.1430445
7.3635387
7.2889442
7.2128563
7.1704426
7.15585
7.1071014
6.869544
6.607195
6.402918
6.459853
6.279836
6.0373607
5.9089246
5.881667
5.970941
5.930309
5.8326745
5.6608295
5.624849
5.6825705
5.6042547
5.419178
5.2170897
4.8729467
4.884576
4.5980105
4.694687
4.776532
4.84293
4.6992273
4.8777227
5.0282917
4.7852225
4.6781387
4.7361875
4.698331
4.6035085
4.630187
4.8895397
4.9293604
5.0648284
5.0782747
5.165601
5.15954
5.1641307
5.2851954
5.405537
5.3425517
5.456903
5.3516603
5.4543157
5.420733
5.503735
5.5165415
5.4462748
5.558769
5.5571327
5.3112345
5.369977
5.384108
5.213096
5.085396
5.0698977
5.0322185
5.085144
5.0280643
5.023225
5.009819
5.0540915
4.998517
5.124075
5.1413383
5.179728
5.0852714
5.1173124
5.1108947
5.340946
5.1360164
5.283135
5.144605
5.0637593
5.2458916
5.2494454
5.1129723
5.0289345
5.137174
4.9654717
4.8348336
4.531676
4.7939763
4.508993
4.4343047
4.5270977
4.6318383
4.500868
4.9713497
4.8542695
5.0341406
5.0974274
5.0790186
5.0132136
5.046774
5.180656
5.137995
5.3567896
5.286482
5.1878557
4.8797174
5.0085015
4.1353574
0
0
0
4.417883
4.5900235
4.603561
4.7592545
4.6054015
4.612194
4.57684
4.4121046
4.7444024
4.684558
4.662406
4.6114306
4.2854657
4.7589507
4.585485
4.648438
4.702132
4.7084503
4.7848706
4.624455
4.6204333
4.7277775
4.348147
4.119898
0
0
0
0
0
4.4762855
4.5694385
4.565025
4.6042356
4.596545
4.564302
4.5871997
4.5760365
4.595856
4.606862
4.7061105
4.673239
4.709194
4.7916994
4.7281914
4.7246375
4.7403474
4.723539
4.7736187
4.7944274
4.794419
4.7919984
4.8605404
4.843713
4.873823
4.888874
4.95716
4.827193
4.981782
4.839684
4.92807
4.8687015
4.8074713
4.808894
4.8552914
4.793973
4.796073
4.7955904
4.8752794
4.7978597
4.7649994
4.7397647
4.680259
4.619654
4.578099
4.706255
4.692024
4.743726
4.630999
4.6192045
4.577498
4.5994353
4.5207214
4.4177623
4.633174
4.4877644
4.495103
4.539247
4.6091156
4.582197
4.5874977
4.513631
4.591177
4.564087
0
0
0
4.118038
4.208479
4.1394205
4.221193
4.2835517
4.2294073
4.4291844
4.388009
4.466799
4.4601383
4.4533114
4.495043
4.439953
4.520919
4.4510436
4.4291096
4.351202
4.4062376
4.3894734
4.4388685
4.320983
4.3369102
4.4496665
4.4140377
4.3052425
4.373599
4.3602
4.361368
4.4250965
4.3753996
4.466402
4.397519
4.386335
4.441789
4.363576
4.370178
4.481263
4.4289517
4.442419
4.4503393
4.3702583
4.435308
4.4300528
4.304185
4.4093857
4.3922997
4.3062143
4.3056993
4.207615
4.3403015
4.2965574
4.368716
4.3099656
4.3273897
4.340993
4.370859
4.3753934
4.3576517
4.4136543
4.450725
4.304937
4.4710712
4.330568
4.324447
4.449408
4.250511
4.2824793
4.246871
4.2732143
4.322453
4.2555814
4.190584
4.2211747
4.137085
4.116695
4.1729136
4.1258492
0
4.367585
4.5662556
4.572934
4.520997
4.625642
4.7782474
4.7465496
4.679554
4.929227
4.9025793
5.041365
4.9712834
4.644854
4.8522077
5.0099177
5.124135
5.2005563
5.0617976
5.0872107
4.5639763
4.3223114
4.1981864
4.0626664
0
0
4.3148417
4.236894
0
0
4.3207316
4.264882
4.198487
4.4565277
4.5071673
4.2569685
4.05894
0
4.1822205
0
0
4.225271
0
4.161308
4.1699705
0
0
0
0
4.8902383
4.899719
5.1529512
5.1515007
5.0603666
5.110878
5.073771
5.2016935
5.3166924
5.2178097
4.9357023
5.0356474
5.2021017
5.3281136
5.0618653
5.2363915
4.8145175
5.2227526
5.1196237
5.096262
5.256246
5.163251
5.0023184
4.8739467
5.237147
5.34305
5.1108003
5.2322793
5.304496
5.1310143
5.1736984
5.0925074
5.172288
5.142078
5.1314445
5.207878
5.2929635
5.350063
5.222016
5.3823285
5.3403354
5.4125767
5.7787447
5.594047
5.586294
5.237948
5.5410094
5.5738564
5.625361
5.3299284
5.5555754
5.5414753
5.732692
5.568904
5.719951
5.7197113
5.438932
5.5771074
5.548171
5.287676
5.3037066
5.198565
5.3174133
5.304776
5.452223
5.4641194
5.50002
5.4628277
5.505397
5.466968
5.503027
5.5231175
5.4968843
5.3075414
5.3833
5.566019
5.4695487
5.323691
5.4076977
5.3714566
5.3224497
5.3997564
5.21052
5.274002
5.3929553
5.598529
5.614824
5.4724874
5.6143084
5.5736456
5.4181376
5.5975523
5.7246456
5.7628293
5.547817
5.52054
5.510573
5.6045637
5.592103
5.3851027
5.412669
5.6077194
5.5745873
5.5645723
5.398047
5.2928514
5.2515225
5.270918
5.2704678
5.2157164
5.2466574
5.122282
0
0
0
4.089257
4.2816267
4.4157686
4.3940754
4.348555
4.4000416
4.4323425
4.4977674
4.476611
4.4545703
4.299484
4.3241105
4.2213564
4.243925
4.3028197
4.339037
4.404678
4.4810667
4.390199
4.376143
4.3314233
4.4344206
4.2428603
4.2599807
4.450003
4.3279953
4.409321
4.226881
4.242646
5.9354606
5.8737373
6.028675
6.0082984
5.9494815
5.8675475
5.9047823
5.931548
6.016321
6.056932
6.0080156
6.0299473
6.136677
6.1515374
6.037306
6.2596135
6.32997
6.0687532
6.1543937
5.959104
5.6138926
5.185095
4.523527
4.206421
4.1540294
0
0
4.442415
4.5253572
4.467351
4.6164846
4.671575
4.5157785
4.234767
4.3073874
4.3934617
4.5931287
4.898021
5.04822
4.9590597
5.387754
5.399208
5.719288
5.823707
5.8075314
5.786624
6.055029
6.055967
6.023317
6.0741625
6.093079
6.1994715
6.2362537
6.088161
6.0269227
5.963484
5.928702
5.7605457
5.778763
5.9369497
5.8218017
5.8757434
5.849431
5.8546796
5.7004027
5.8196077
5.6670666
5.730085
5.7280016
5.8040695
5.6954393
5.736357
5.773832
5.7207303
5.714515
5.6992893
5.719388
5.7464576
5.7315617
5.8328886
5.7065425
5.6418705
5.6360917
5.586168
5.5865264
5.5968165
5.2897277
5.2754245
5.205832
5.274453
5.109815
5.0465355
5.1031747
5.0323353
4.870008
4.95866
5.0499415
4.991368
4.921407
4.8981137
4.9015346
4.8600354
4.989971
5.055077
5.0440683
5.2062545
5.2941227
5.1129885
5.306975
5.256268
5.396287
5.4373064
5.507209
5.7059417
5.7166057
5.8711286
5.975696
6.0228457
5.973425
5.956898
5.973841
6.0976458
6.0794997
6.0123262
6.009799
6.0008903
5.9324045
5.8404846
5.9540544
5.8599005
5.87236
5.991023
5.8338904
5.9202895
5.9330964
5.9071975
6.016858
5.894619
5.986254
5.9310255
5.9242992
5.9656076
5.9552135
5.94169
5.9457417
5.856833
5.863647
5.974186
5.8545265
5.822814
5.8758
5.824296
5.78034
5.9127283
5.9835243
6.165842
6.126045
6.15926
6.295042
6.106303
6.226856
6.1772194
6.126197
6.173521
6.142778
6.1224647
6.24748
6.1119275
5.952547
6.083496
5.8505087
5.7217226
5.8549113
5.8339176
5.805248
5.803014
5.8897424
5.7794676
5.771097
5.8829923
5.641913
5.7903557
5.869164
5.8810825
5.9777856
5.9324846
5.865206
5.8491073
5.839666
5.8534245
5.8763604
5.9216313
5.971376
6.0032206
6.053938
6.000294
6.059112
6.0816827
5.9714494
6.051016
6.0028095
6.0604973
5.968828
5.947155
5.9512167
5.9302697
5.9013886
5.8715973
5.9157786
5.927046
5.8001647
5.9368906
5.8876038
5.8882113
5.925331
5.6262317
5.7965894
5.696163
5.6171174
5.6186996
5.5943127
5.659897
5.7000403
5.8312597
5.83705
5.8964777
5.862251
5.817558
5.860224
5.802428
5.7007556
5.6138377
5.7688785
5.8435283
5.887435
5.8632298
5.791811
5.846628
5.883402
5.826038
5.7900386
5.7217126
5.8980207
5.8255057
6.024553
6.0135365
6.0330553
5.9381766
6.028422
6.0072627
5.985748
6.2393312
6.1663437
6.1388016
6.0209637
5.9468617
6.112428
6.134687
6.0796356
6.0945487
6.1693954
6.076788
5.938355
5.95772
5.903231
6.007731
5.9796867
6.0475616
6.0758905
5.9846177
5.994778
6.0620112
5.900135
6.0722675
6.018708
6.0014205
5.9611034
5.997349
6.059834
6.066544
6.044185
5.9644523
6.0394936
6.0689316
6.0072145
5.9975
6.045251
5.932401
6.0180154
5.962492
6.097749
6.031241
6.021833
5.93309
6.014598
5.8925695
5.8446193
5.8327093
5.9510365
5.8956122
6.0431232
5.8675766
5.836785
5.9359636
5.938916
5.9536467
5.9937525
6.0115843
6.0919886
6.0591087
6.040756
5.9814196
5.9722714
6.0393133
5.979071
5.9060907
6.004876
6.024661
6.07137
6.0081806
6.075397
6.063163
6.024203
6.078435
6.130769
6.068499
5.9928966
6.017266
5.8007307
5.9420595
5.8977323
5.94649
5.9579735
6.098442
6.0690565
6.014085
6.043503
5.909786
5.950639
5.907463
5.717434
5.667296
5.658776
5.7186346
5.5911145
5.519508
5.506292
5.296651
5.438308
5.516294
5.5160704
5.575904
5.6037946
5.6526394
5.732058
5.8035917
5.9906735
6.0219526
6.154068
6.1722374
6.2127914
6.132612
6.119775
6.1227293
6.079641
6.052238
6.0816994
6.1905313
6.1652775
6.0073595
6.2266803
6.197854
6.078946
6.0816193
6.0647726
6.086875
5.880128
5.980586
5.9609485
6.052955
5.766741
5.579071
5.5633297
5.5171103
5.500397
5.4853716
5.4369345
5.5234566
5.4771547
5.5062327
5.657835
5.659229
5.754228
6.0910244
6.162737
6.0984397
6.0844483
5.9602213
6.074395
6.0938935
6.043388
6.0028286
6.0381136
6.4225307
6.5055885
6.420275
6.4991136
6.3311906
6.4557414
6.352056
6.4185677
6.3188467
6.1723914
6.1504936
6.2104654
6.162879
6.4208536
5.90056
5.8117256
5.8836575
5.719515
5.8090324
5.828951
6.0589232
6.0038667
6.239895
6.0723696
6.1573734
6.156186
5.8499737
6.0214944
5.977843
6.042406
6.2318225
6.27389
6.29037
6.5549603
6.358702
6.2698507
6.2072344
6.050393
5.7928843
5.5409837
5.353924
5.3621244
5.185209
5.293927
5.236847
5.584449
5.547104
5.837879
6.0039372
5.721243
5.2476826
5.433174
5.2382135
5.2127323
5.1648836
5.250581
5.2043853
5.248392
5.4968014
5.631996
5.627343
5.6727858
5.722121
5.7212734
5.766012
5.8073797
5.823837
5.8255153
5.993443
5.9269075
5.9822745
5.9696417
6.049978
6.0654726
6.0208607
6.140454
6.0011683
6.063228
6.142666
6.0815496
6.028569
6.030487
5.531847
5.4686317
5.370333
5.271418
5.278773
5.4178996
5.2970304
5.3876133
5.3825617
5.3650312
5.264556
5.2823153
5.3660054
5.2929716
5.3133473
5.2006016
5.2089233
4.8616858
4.972504
4.9461937
4.9058967
4.8045816
4.8619256
4.866952
4.910755
4.767972
4.791254
4.968349
4.9694033
5.1253223
5.135224
5.0709014
5.052251
4.9995465
5.1255817
5.1188283
5.045086
5.0520635
5.055771
5.007144
5.084307
5.0564966
5.089444
5.031453
5.0261736
5.024592
4.9540854
4.9993677
4.868521
4.8810053
4.913589
4.9325233
4.967778
4.9058695
4.907968
4.9359007
4.9571457
4.8827558
4.8890347
4.817142
4.844344
4.885876
4.9675045
4.900491
4.91839
4.9280686
4.899105
4.826038
4.7856793
4.795578
4.826974
4.950296
4.91915
4.9621754
4.9315033
4.9763894
4.7792006
4.814458
4.914122
4.805476
4.9277797
4.9455156
4.912073
4.9187474
4.914288
4.929828
4.8470497
4.824708
4.7982903
4.8292346
4.8552904
4.8187685
4.627299
4.8397694
4.7717233
4.721988
4.678416
4.800473
4.751882
4.8527827
4.8451204
4.914063
4.874729
4.7499638
4.8519197
4.8508277
4.8276334
4.81916
4.9650955
4.9297986
4.857575
4.8675175
4.9241357
4.9092565
4.877292
4.9003525
5.0155993
4.979058
5.0301604
4.9283433
4.9789786
4.993455
5.113265
5.069683
5.11541
5.150685
5.0560617
5.063567
5.0590816
5.0404615
5.1416316
5.168955
5.237878
5.047121
5.0295196
5.0742946
5.159125
5.0568943
5.004237
4.9857593
5.1410613
5.1699333
5.1581607
5.1080575
5.139969
5.1361437
5.089903
4.967492
4.8934646
5.1377373
5.1144557
5.086913
5.1102448
5.2116394
5.177355
5.097896
5.176051
5.156803
5.10577
5.1196017
5.027119
5.049965
5.1618457
5.174448
5.1444626
5.1286793
5.06476
5.1142006
5.07935
5.043373
4.968029
5.7047343
5.7672343
5.745309
5.7108316
5.7695208
5.7770405
5.7916436
5.6891794
5.7416677
5.8248253
5.7965493
5.7695236
5.849651
5.781234
5.835708
5.903512
5.876544
5.822639
5.728919
5.8328533
5.8774776
5.956786
5.931171
5.9127493
5.8239865
5.8282113
5.857017
5.841177
5.881956
5.907164
5.9930363
5.98573
5.949847
6.0771036
6.013233
6.053015
6.051112
6.0095797
6.011726
6.0209093
6.11976
6.0286193
6.0213976
5.998477
6.1124973
6.0914993
6.1083536
6.069076
6.0927963
5.991664
6.1065006
6.0452538
6.0241985
6.0334883
5.9965115
6.0875225
6.1192584
6.0025096
6.04206
5.9658175
6.0549526
6.060719
6.095332
6.128845
6.037695
6.0079794
6.1379213
6.0989685
6.009175
6.003249
6.1987762
6.0995407
6.122094
6.111564
6.1550274
6.0640736
6.1732473
6.2005024
6.1996994
6.0127854
6.115099
6.0236044
6.2220964
6.1656775
6.0560656
6.150447
6.1070576
6.0077944
6.118224
6.097422
6.126717
6.1654
6.045124
6.03366
6.1117096
6.0589194
6.0490522
6.071236
6.057312
6.0512843
6.0760555
6.013959
6.0756035
6.1291513
6.0481005
6.2166076
6.10763
6.1201677
6.004027
6.060262
6.0337267
5.927692
5.968523
5.896406
5.823698
5.8579235
6.009936
5.842781
5.779019
5.8858013
5.583824
5.4837704
5.4285097
5.5285254
5.5807056
5.3793488
5.3619766
5.389065
5.2328534
5.2556744
5.361186
5.414066
5.5021553
5.6143537
5.5912175
5.829257
5.907716
5.8131766
5.9716187
6.2051153
6.268511
6.39657
6.335225
6.322577
6.206796
6.197347
6.23149
6.12129
4.3493567
4.2786617
4.3429413
4.3034573
4.257187
4.1693063
4.2732544
4.2710104
4.270914
4.327478
4.3103895
4.206009
4.3095546
4.509645
4.5032773
4.5424023
4.451117
4.4526
4.4024034
4.4268003
4.580094
4.680515
4.680274
4.6639166
4.673359
4.707608
4.631977
4.908818
4.850461
4.801743
4.782465
4.916273
4.974524
4.9524226
4.964518
5.1196694
5.049208
5.162419
5.081771
5.1083636
5.100937
5.143286
5.2855206
5.2179375
5.210761
5.2453575
5.292083
5.2235646
5.088395
5.1457796
5.154216
5.1170416
5.064234
5.1696534
5.2445307
5.2601457
5.246501
5.284315
5.248829
5.248033
5.163677
5.2131033
5.207753
5.2042828
5.3164253
5.291976
5.135858
5.1844893
5.104201
5.1327915
5.1128197
5.0174704
5.2154107
5.2572803
4.8230386
5.0712423
5.152112
5.2219152
5.194913
5.2440524
5.232432
5.0587754
5.012643
5.079329
5.1371827
5.1621857
4.8356066
4.9749784
4.9228535
4.840574
4.9413624
4.967246
4.9069104
4.826545
4.8551416
4.831924
4.885445
4.8487277
4.861055
4.8856683
4.924233
4.8376975
4.94822
4.9330506
4.9437337
4.921633
5.023557
5.043026
5.0068173
4.8700013
4.852355
5.0504017
5.0098867
4.930531
4.9715233
4.8479047
4.933074
5.003959
5.213257
5.123147
5.083124
5.0051727
5.17311
5.197806
5.3025436
5.466875
5.44328
5.2537904
5.249121
5.4762797
5.4439335
5.499387
5.380359
5.3209877
5.308242
5.494637
5.5617433
5.634656
5.44331
5.491498
5.6743145
5.527339
5.670385
5.701812
5.6539125
5.6090975
5.5783052
5.5587673
5.662565
5.707748
5.555133
5.6234837
5.6329074
5.5953794
5.6699324
5.517684
5.612089
5.5619545
5.5915437
5.6518035
5.6235704
5.6996694
5.651204
5.6960106
5.6831126
5.6397657
5.6888647
5.767887
5.7949667
5.7177343
5.6655283
4.472166
4.424391
4.537525
4.519848
4.685765
4.809234
5.031615
5.00116
5.208758
5.1711135
5.3000126
5.2496123
5.23546
5.2347927
5.3989606
5.694728
5.6971636
5.875011
5.812209
5.7738147
5.846237
6.0615516
6.116937
6.0051994
6.257765
6.0557547
6.1755486
6.0598335
6.034422
6.0695763
6.0548353
6.0921893
6.34282
6.421323
6.2453313
6.1854315
6.0791826
6.0403395
6.079781
6.147595
6.1146116
6.175648
6.210541
6.0976396
6.31928
6.4971056
6.430107
6.31048
6.26454
6.0055513
5.970868
5.9443464
6.198156
6.0042663
6.386658
6.195802
6.2446055
6.189289
6.153289
6.2941103
6.0439453
6.008373
6.0528617
6.146904
6.0331345
6.007408
6.118085
5.9107924
5.9783397
6.0043287
5.970464
6.103335
6.0993853
5.941118
6.0099287
4.549697
4.474969
4.568628
4.5220695
4.5330625
4.556597
4.514099
4.4707727
4.5313716
4.636882
4.571187
4.634781
4.756521
4.668771
4.735912
4.7176385
4.694453
4.859608
4.8912683
5.04394
5.0273647
5.3619776
5.4017396
5.5685935
5.8526387
6.087271
6.0893707
6.113452
6.1039877
6.160621
6.053512
5.94309
5.9285135
5.962923
5.943997
5.8343244
5.67041
5.711512
5.5915594
5.5573893
5.650122
5.6050105
5.654085
5.6039824
5.529373
5.530447
5.440584
5.4151716
5.4669533
5.3153267
5.2665453
5.2411017
5.1361737
5.1403246
5.1309834
4.857821
4.8277464
4.839613
4.8756223
4.786249
4.9164853
4.8382864
4.981089
4.930917
4.919654
4.9304137
5.0229974
5.135183
4.8960943
5.093793
5.0070906
5.0926466
5.15438
5.113292
5.144177
5.111115
5.232238
5.2955213
5.2173796
5.235738
5.1953654
5.3287363
5.304286
5.1918435
5.326405
5.4085956
5.4806614
5.435146
5.4762754
5.480452
5.429462
5.424149
5.3755035
5.4558263
5.3737264
5.3621497
5.424709
5.529559
5.4962287
5.450194
5.419871
5.3534307
5.451002
5.441906
5.367677
5.41824
5.3312893
5.344865
5.4732304
5.3353314
5.3346934
5.372675
5.4139633
5.3239393
5.4682026
5.3498116
5.5315876
5.454588
5.5899153
5.3824844
5.4154115
5.4696875
5.4932537
5.6551695
5.4854503
5.514146
5.5729804
5.487942
5.5787015
5.5963025
5.555717
5.6460257
5.6228228
5.650776
5.649649
5.6109047
5.6803055
5.668363
5.741382
5.761288
5.7969933
5.796361
5.8025
5.789856
5.812298
5.643365
5.7114716
5.7254515
5.733304
5.8586397
5.742679
5.6569967
5.7341003
5.66346
5.6439505
5.861728
5.698837
5.7499456
5.680377
5.6307125
5.6323957
5.8207316
5.662078
5.704584
5.6701703
5.817761
5.784059
5.6522384
5.786453
5.7281637
5.6043053
5.5475264
5.616369
5.5957007
5.5746007
5.46253
5.515231
5.4645567
5.492478
5.5541263
5.5385695
5.526818
5.55511
5.567771
5.669671
5.6502914
5.6867175
5.546125
5.594817
5.5678315
5.5207443
5.496209
5.545498
5.598033
5.5937743
5.517596
5.6600595
5.679004
5.7515974
5.733403
5.7130466
5.728285
5.7612567
5.689011
5.7563367
5.7091455
5.7490306
5.6494703
5.828748
5.694904
5.795652
5.9048986
5.824349
5.8240104
5.816358
5.985403
5.7236547
5.81353
5.9033246
5.737401
5.915919
5.788928
5.671061
5.949786
5.7439094
5.895621
5.6634684
5.639944
5.729354
5.7301674
5.88375
5.7640452
5.667142
5.904821
5.8840857
5.802292
5.746433
5.7593274
5.7916775
5.8722563
5.648946
5.8690267
5.805688
5.872094
5.8166122
6.0044255
6.198689
6.229992
6.2128916
6.1806498
6.139918
6.1127996
6.0811152
6.0731635
6.1482897
6.108253
6.1091404
6.103017
6.059878
6.1715345
6.08511
6.3085537
6.084731
6.2960753
6.0837793
6.3787465
6.0975723
6.3777175
6.1233344
6.43266
6.1428847
6.202442
6.2072163
6.1988893
6.387393
6.3302064
6.3546705
6.223434
6.322899
6.157714
6.132679
6.1564846
6.2683864
6.1456566
6.179696
6.15318
6.19996
6.2090073
6.219414
6.2393737
6.133015
6.271571
6.199585
6.225913
6.1364594
6.2754908
6.202853
6.210576
6.146769
6.1945105
6.101656
6.1974483
6.183168
6.172485
6.1332703
6.175661
6.1006474
6.1609526
6.115141
6.1319194
6.065815
6.1101246
6.130013
6.083625
6.1154704
6.0878797
6.069583
6.0304213
6.0393076
6.376952
6.0958467
6.2297897
6.0500937
6.019207
6.1378036
6.0417304
6.136789
6.0703554
6.0569544
6.082985
6.129613
6.1214504
6.08599
6.0036297
5.9239383
6.170178
5.79709
5.6193943
5.753051
5.4498997
5.272906
5.1880245
4.9692526
5.0275517
5.060683
4.9413357
4.8899775
4.918538
5.2047625
4.945195
4.9278636
4.86484
4.9195023
4.949095
5.6993456
5.604166
5.5785637
5.5712886
5.619523
5.58872
5.58023
5.5170264
5.485691
5.4367275
5.4049635
5.4342756
5.4945645
5.5796423
5.55354
5.514742
5.6321297
5.658102
5.5478296
5.737929
5.697335
5.646205
5.7154417
5.7034655
5.6565084
5.7242746
5.5536737
5.6994233
5.6333885
5.595528
5.6191955
5.5898924
5.5614324
5.6171074
5.575276
5.615617
5.6176815
5.681942
5.6616716
5.676931
5.6431484
5.6916847
5.6509976
5.672327
5.5459776
5.7253146
5.7340155
5.714815
5.6995726
5.7041717
5.6619267
5.669768
5.641039
5.6178703
5.658901
5.6954985
5.614852
5.6102915
5.6118746
5.637783
5.649206
5.5367007
5.6950293
5.5842123
5.6872797
5.7226787
5.742076
5.674765
5.7154007
5.688322
5.609809
5.6647325
5.6723065
5.6970944
5.6895585
5.6876526
5.717093
5.7791185
5.759229
5.782215
5.78758
5.7775536
5.8220553
5.8057055
5.9486685
5.6857634
5.6813374
5.616518
5.868715
5.856963
5.9527583
5.907529
5.6645722
5.5289927
5.509939
5.2374086
5.045387
0
0
6.4723334
6.4330473
6.322743
6.277853
6.209123
6.266149
6.2329483
6.1334968
6.0901775
6.118951
6.0971103
6.0012717
6.0596538
6.0291705
5.9792795
6.025626
6.0136304
6.0468626
5.900255
5.957432
6.007626
6.024612
6.0007224
6.029766
6.0389605
6.0152802
6.0416346
5.9418936
6.0086956
6.023754
5.975426
5.9828186
5.927198
5.9957657
5.971755
5.9729433
5.978389
6.021809
5.9610205
5.9552884
6.0106106
6.029776
5.9257765
6.0176516
5.045729
5.2654495
5.1110277
5.201909
5.1850934
5.1420164
5.1509585
5.1304593
5.179184
5.243797
5.233986
5.167221
5.2215815
5.2687798
5.245821
5.2581253
5.2017198
5.2713933
5.153212
5.240916
5.281671
5.233509
5.258079
5.284105
5.2274327
5.301216
5.2838273
5.2908034
5.306491
5.2529383
5.2770667
5.29438
5.2174478
5.192949
5.2336717
5.2595415
5.215004
5.221049
5.305209
5.303026
5.165234
5.3276052
5.322969
5.29284
5.325352
5.3163133
5.2645454
5.3292828
5.2700257
5.313467
5.23725
5.2551436
5.1264076
5.19102
5.2533064
5.170248
5.2451634
5.185107
5.244744
5.2892084
5.3022413
5.3313513
5.39065
5.3925695
5.3363924
5.410244
5.3461943
5.2793636
5.324076
5.3551917
5.3408737
5.3365736
5.4020967
5.369051
5.378824
5.414381
5.426545
5.4389615
5.407841
5.374957
5.3233676
5.328994
5.315346
5.261099
5.341369
5.278225
5.30899
5.3821797
5.255674
5.198946
5.321213
5.298014
5.326214
5.3123007
5.384663
5.3798857
5.4066167
5.3933897
5.3576884
5.4389734
5.31145
5.4379325
5.414318
5.472985
5.3415527
5.267228
5.319871
5.2893476
5.38142
5.3679233
5.3799458
5.342366
5.4445953
5.361437
5.4544773
5.439573
5.3762946
5.403876
5.462021
5.4043236
5.470187
5.414339
5.4394393
5.401698
5.293157
5.249124
5.315546
5.3879747
5.3905406
5.4034643
5.392102
5.390682
5.3694396
5.2666364
5.373688
5.368616
5.3776054
5.219497
5.2643423
5.351442
5.3563204
5.3917913
5.3041544
5.291441
5.262597
5.232056
5.258237
5.302784
5.362875
5.2846003
5.295538
5.3555007
5.3668227
5.4320745
5.377326
5.346937
5.3145976
5.3685384
5.3329268
5.301092
5.2860847
5.299912
5.399328
5.3841267
5.377614
5.384634
5.360074
5.3985453
5.4229317
5.407393
5.366779
5.3201456
5.428487
5.2903695
5.2370934
5.420273
5.422495
5.367297
5.453882
5.390838
5.39602
5.3635097
5.3841133
5.4621058
5.1981893
5.2987742
5.392404
5.4258895
5.3395376
5.386727
5.4133606
5.3978796
5.4422383
5.2708683
5.3787513
5.361779
5.24269
5.357254
5.292358
5.2642374
5.4276037
5.3449874
5.225988
5.3706446
5.4658113
5.4213157
5.4055014
5.445102
5.4430537
5.3226376
5.3790874
5.3214045
5.3432274
5.3940105
5.531911
5.287806
5.378262
6.0938044
6.093216
6.047573
6.0298
6.0461583
6.0192523
6.0334873
6.0527635
6.0781865
6.112958
6.1330357
6.0377684
6.000031
6.123982
5.988924
6.0422425
5.9901676
6.1343565
6.0821457
6.0838947
6.0133934
6.0645823
6.040973
6.0336037
6.092141
4.8129764
4.9132786
4.9727435
4.8664627
4.8724785
4.890473
4.9305153
4.804355
4.8003426
4.8559346
4.7784214
4.7977734
4.79544
4.740075
4.7908115
4.9011083
4.8289557
4.786053
4.76832
4.8094997
4.715516
4.8074036
4.8377995
4.870796
4.9089594
4.922807
4.919363
4.8019004
4.7244277
4.7401257
4.76943
4.7351484
4.7543516
4.793935
4.782906
4.840705
4.7984576
4.7911716
4.779726
4.732476
4.724788
4.7438374
4.573903
4.6818266
4.61502
4.5855913
4.5471325
4.59993
4.6665096
4.5530834
4.643986
4.5522423
4.652697
4.5159397
4.6026998
4.563029
4.531165
4.5715065
4.4933968
4.4247236
4.394105
4.317396
4.3436604
4.3863173
4.639371
4.6575823
4.6790547
4.5357413
4.646798
4.5301604
4.5306315
4.677204
4.6016207
4.6028237
4.6085644
4.506041
4.753935
4.6396337
4.641137
4.6702585
4.723149
4.616967
4.522847
4.5951777
4.5331516
4.4952354
4.31461
4.4492326
4.306928
4.3224115
4.3382764
4.281751
4.337495
4.8751316
5.3053465
5.398335
5.322938
5.2881107
5.4246693
5.4079633
5.5244083
5.457306
5.5313706
5.5364833
5.576519
5.526194
5.5847673
5.710788
5.693111
5.707902
5.652308
5.695949
5.7751913
5.773674
5.7854977
5.7591324
5.656843
5.816238
5.8873696
5.7454977
5.850928
5.8048315
5.94932
5.911772
5.906369
5.8710203
5.812443
5.9919987
5.9926505
5.9506307
5.939481
5.919687
6.011682
5.852353
5.8551693
6.0173483
6.0264974
6.052609
6.1726847
6.113233
6.0430627
6.1388516
6.090185
6.163917
6.1119404
6.0937767
6.0638175
6.0542283
6.0609775
6.10703
6.1070986
6.0327845
6.159214
6.099328
6.1309195
5.946336
5.9200697
5.927327
5.924694
5.7861376
5.6992655
5.6688876
5.667113
5.668846
5.595846
5.5238433
5.54904
5.5593834
5.6375017
5.581657
5.766326
5.693139
5.7587566
5.661684
5.645809
5.6856227
5.700351
5.7122154
5.680519
5.7604914
5.687702
5.650203
5.7174215
5.7405524
5.7125716
5.6054864
5.690617
5.650455
5.708206
5.668536
5.6989894
5.66333
5.708683
5.702308
5.639272
5.6157103
5.5982947
5.619235
5.6505647
5.5976667
5.610646
5.695219
5.603685
5.612186
5.527092
5.6364594
5.638627
5.561656
5.5124664
5.56946
5.506711
5.620208
5.542199
5.4520206
5.45864
5.5236053
5.6327424
5.4156704
5.4889097
5.5319357
5.593608
5.423263
5.636566
5.4757195
5.4738364
5.4381113
5.383894
5.226466
5.434425
5.4053235
5.3234324
5.327393
5.0970883
5.1072555
5.1263995
5.128863
5.0193963
5.009188
5.014181
5.1122856
5.0412974
5.005328
5.0832877
4.943384
5.0938015
5.0796585
5.1254606
4.9343405
4.996941
4.998579
5.029805
4.9896874
5.0299706
4.9909525
5.0623336
4.9982204
4.9454184
4.9441495
4.9601145
4.8937144
4.971241
4.997394
4.785828
4.9622393
4.860546
4.97961
4.8515434
4.907853
4.9327345
4.9716845
4.9310465
4.878951
4.888524
4.830121
4.881075
4.7929087
4.823263
4.8137074
4.743009
4.8369102
4.796948
4.825156
4.836147
4.7583914
4.848381
4.8696074
4.8047867
4.7356167
4.7000446
4.766489
4.805754
4.8260784
4.8926005
4.7521305
4.810799
4.880064
4.821674
4.756262
4.869145
4.788012
4.850711
4.835658
4.8721538
4.899087
4.847197
4.9960613
4.948236
4.948383
4.9709144
5.0020623
5.020108
5.066581
5.016449
5.039951
5.090019
4.8858194
5.0230236
5.0580072
5.0395384
4.9470854
5.0412292
5.0005393
5.0332637
5.0544343
4.968715
4.9531126
5.0623903
4.940996
4.949989
4.9003534
5.06071
5.034104
5.012357
4.972816
4.9559093
4.883504
4.9685698
4.9146852
4.8681583
4.9317927
4.8569446
4.949343
4.8299694
4.956771
4.959405
4.952263
4.9398627
4.9908476
4.950767
4.817661
4.8254347
4.988911
4.7313232
4.909943
4.9076443
4.926941
4.8725047
4.9219074
4.921857
5.92399
5.8955426
5.833757
5.856086
5.9228864
5.907064
5.8540688
5.843952
5.9200954
5.9428673
5.845293
5.792657
5.895834
5.9131184
5.8704777
5.9598393
5.919651
5.9494243
5.9454985
5.907365
6.009844
5.907031
6.039254
5.978733
6.01245
5.9885826
6.069212
5.9577603
6.0283365
5.9716234
5.967965
5.949643
6.0809765
5.9529734
6.081937
5.9769864
5.9809494
6.0196753
5.9856973
6.115897
6.1181974
6.042032
5.9879656
6.042285
5.992403
6.041894
6.083005
5.178737
5.2244024
5.215242
5.33233
5.1912966
5.123973
5.0553575
5.272931
5.1481886
5.261635
5.1393104
5.257951
5.203381
5.216735
5.0445213
5.05821
5.1050944
5.2538195
5.1295896
5.1833286
5.1078043
5.0931635
5.130545
5.260496
5.1595316
5.1841083
5.1988716
5.1142616
5.107542
5.129617
5.220956
5.232217
5.1199036
5.188142
5.215209
5.1651144
5.202218
5.35865
5.318901
5.2914085
5.123264
5.2695675
5.1539564
5.202792
5.250574
5.2442617
5.1129227
5.3663864
5.2265453
5.222231
5.0864697
5.088905
5.2330775
4.9781103
5.2118487
5.1077323
5.103875
5.120951
5.254781
5.274822
5.336484
5.1062183
5.2145805
5.317242
5.338422
5.2521405
5.3660984
5.2411575
5.264244
5.3052306
5.260839
5.2772055
5.2477913
5.3989267
5.3536673
5.2012224
5.2675056
5.3785663
6.220873
6.318222
6.183735
6.184029
6.2607403
6.1731343
6.198476
6.1715055
6.280017
6.22312
6.2494235
6.1747375
6.2427464
6.158926
6.278908
6.215273
6.273489
6.2075796
6.338495
6.3491125
6.2866235
6.328467
6.3202205
6.357091
6.281024
6.307963
6.304831
6.2566614
6.2181673
6.222038
6.1771135
6.5348163
6.7979436
6.9465523
6.8752294
6.93513
6.881155
6.6009407
6.455913
6.4469333
6.3738585
6.2062106
6.262895
6.1218247
6.182115
6.1322713
6.0994806
6.0400505
6.0178127
6.0687504
6.2398167
6.1303344
6.053382
6.048585
6.0417686
6.0594697
6.010597
6.249876
6.0085554
6.000715
6.213391
6.3078146
6.3131657
6.373338
6.3599124
6.4655137
6.4719987
6.439574
6.5363755
6.4487424
6.607299
6.5888295
5.409005
5.447173
5.345687
5.368565
5.4039636
5.4613485
5.3538036
5.40784
5.302243
5.5036545
5.453754
5.384591
5.4485817
5.339861
5.379743
5.474927
5.368914
5.4372087
5.4240284
5.4432926
5.4828196
5.4503365
5.437319
5.425228
5.495139
5.479959
5.514249
5.394525
5.4694614
5.55536
5.520746
5.4715652
5.52538
5.457845
5.524624
5.4533305
5.560481
5.5595055
5.455099
5.4252343
5.4851594
5.494303
5.568332
5.490733
5.5344296
5.5149617
5.504661
5.5853534
5.519921
5.6223016
5.5120125
5.4945188
5.5279846
5.5139904
5.5944986
5.647763
5.72793
5.549458
5.6542897
5.6474833
5.7682366
5.6979446
5.7005734
5.7110853
5.701121
5.894043
5.793833
5.9039817
5.7335043
5.893696
5.7205296
5.6897726
5.7257233
5.789328
5.7143774
5.807272
5.6623487
5.7534437
5.7739644
5.756616
5.8714976
5.7970505
5.7006974
5.740724
5.7504416
5.7032804
5.7307754
5.6327534
5.819343
5.7499237
5.676728
5.788344
5.690215
5.6373463
5.618806
5.6146097
5.609665
5.675811
5.6460915
5.577519
5.7663355
5.72751
5.683935
5.620127
5.814522
5.7140036
5.8718605
5.789631
5.732654
5.8030825
5.7137012
5.788311
5.7236986
5.7111897
5.6879582
5.746986
5.6906366
5.7714868
5.7231765
5.9345345
5.948728
5.8171763
5.9483805
5.8977785
5.7845683
5.700519
5.824129
5.8226657
5.8464437
5.873439
5.925103
5.733668
5.7920437
5.8892927
5.693322
5.8575583
5.6629667
5.759769
5.823526
5.6898746
5.700528
5.7932553
5.781496
5.8365617
5.800557
5.8284426
5.8206973
5.731319
5.7918735
5.7993464
5.6053505
5.6751184
5.8027773
5.7503004
5.759327
5.6847844
5.6638136
5.673913
5.6934547
5.5785904
5.707745
5.5564384
5.663313
5.731189
5.5628004
5.634919
5.7317953
5.647303
5.541732
5.685259
5.523438
5.6354294
5.633193
5.649517
5.613631
5.525324
5.5846868
5.6144385
5.5477657
5.5981255
5.6537066
5.592003
5.6272206
5.6291704
5.6142344
5.6102376
5.553787
5.503416
5.580924
5.63056
5.5134287
5.480546
5.5157905
5.5438433
5.531574
5.595335
5.537183
5.5326147
5.5334144
5.5709567
5.4533033
5.505103
5.422543
5.5396504
5.446577
5.479239
5.4624896
5.5014725
5.5219626
5.555682
5.49796
5.514967
5.493953
5.3871436
5.3894305
5.498784
5.3706284
5.510482
5.554639
5.458168
5.471187
5.546457
5.444919
5.4373426
5.4691253
5.380729
5.468455
5.4201736
5.50436
5.467212
5.469571
5.4079065
5.3927045
5.529438
5.4869523
5.4855494
5.4839473
5.5056214
5.48005
5.587537
5.3727274
5.4669814
5.5692368
5.5133834
5.4204
5.4787846
5.5508976
5.527379
5.609002
5.536802
5.623777
5.5920477
5.610999
5.685577
5.5101347
5.648515
5.647818
5.6462097
5.598398
5.5171404
5.532983
5.6104674
5.512553
5.414367
5.632896
5.5356417
5.51295
5.6499443
5.6011133
5.7027364
5.69662
5.6593213
5.733135
5.6070757
5.6171923
5.6876655
5.6447783
5.677499
5.608646
5.6662426
5.6361
5.69045
5.8072977
5.7294664
5.82839
5.7425776
5.8519554
5.7507954
5.7397823
5.8433375
5.7525215
5.7775245
5.910592
5.8102174
5.788537
5.84699
5.887882
5.8137884
5.7733383
5.891525
5.804614
5.843772
5.8165436
5.8414383
5.851196
5.8546166
5.864951
5.8258696
5.875201
5.8651714
5.8776145
5.8302603
5.8100576
5.8737574
5.791716
5.7735057
5.7635374
5.7705545
5.6952252
5.677394
5.815361
5.7517614
5.8446236
5.779841
5.693533
5.7074747
5.713162
5.6971693
5.6064024
5.6448197
5.548641
5.5979223
5.5231614
5.433298
5.4714947
5.6099076
5.6063104
5.4690256
5.6212354
5.624993
5.5897093
5.49415
5.6157775
5.4997506
5.6550894
5.6727586
5.6727586
5.7788506
5.6759014
5.663904
5.7285376
5.7533126
5.7943015
5.8515244
5.9051805
5.9280295
5.9137554
5.994485
5.9783583
5.940459
5.972372
5.8343897
5.987171
5.8859873
6.0272675
5.9020386
5.9469156
6.009591
6.048516
6.0397224
6.045096
5.945285
6.066553
6.112406
6.119076
6.0018826
6.097935
6.1483707
6.088242
6.146013
6.001235
6.185942
5.9626102
6.018573
6.0769224
6.085877
6.028327
6.088629
6.1535206
6.130138
5.9526324
5.9645543
6.018034
6.0892835
6.001259
5.9871397
6.0142503
6.0497437
5.9487863
6.0953436
6.093299
6.0278306
6.021205
5.9900756
6.0735416
5.9511724
5.983416
6.02809
5.995913
5.9760227
6.107171
6.1022983
6.070262
5.973832
5.979417
6.0249352
6.103039
6.0705614
5.9945464
6.04572
6.0949106
6.066066
5.924652
6.023962
6.0276256
6.16031
6.058074
6.197868
6.0497694
6.0196285
6.0865536
6.212858
6.2312837
6.1932583
6.120679
6.071381
6.1004314
6.01506
6.094264
6.081342
5.9026384
5.990909
5.931756
6.144326
6.1023126
5.984414
5.9992657
6.058655
6.054243
6.163677
6.0563984
5.9457684
6.0288363
5.9172544
5.9146852
5.855465
5.9022427
5.8241806
5.806542
5.84229
5.9186673
5.818315
5.753896
5.7666693
5.6811166
5.7264585
5.740367
5.7626286
5.6941586
5.657934
5.6651907
5.7498803
5.54049
5.7191887
5.7156672
5.676687
5.725907
5.6928525
6.209684
6.3094263
6.284596
6.265026
6.3207865
6.359313
6.4459295
6.4727173
6.4561453
6.5126486
6.6392784
6.6559715
6.559065
6.5764146
6.7646484
6.663943
6.7708993
6.8155446
6.7951736
6.809158
6.751232
6.669623
6.5462894
6.6150784
6.444998
6.439165
6.368088
6.344007
6.3014965
6.33343
6.342073
6.4368095
6.3795323
6.462257
6.3072977
6.4683995
