10000
7.7511845
7.73363
7.4747224
7.291233
7.1894517
6.899269
6.5796366
6.540385
6.675044
6.9069076
6.986092
7.12603
7.169147
7.172887
7.251564
7.314823
7.15878
7.038637
7.1956196
7.1991615
7.6444283
7.709879
7.5958977
6.9268956
6.2345133
7.2090344
7.5741577
7.577408
7.414351
6.0951214
0
4.0946035
4.58842
4.6193924
4.9426727
5.232597
5.3500414
5.319587
5.2211814
5.117418
5.000402
5.073084
5.420986
5.412944
0
0
0
4.1732054
4.4173098
4.7969475
5.1596828
5.622281
6.299618
5.8280816
5.2987967
4.7337584
4.7880316
4.785621
4.572705
4.622203
4.6559124
4.681201
4.888612
5.0070586
5.4356456
5.686131
6.032669
6.0224204
5.810857
6.0148396
6.349128
6.413309
6.474874
6.7637696
6.9474673
7.0480943
7.4119077
7.628263
7.339151
6.8752985
6.1763244
5.276378
5.1752224
5.3894567
4.7539177
4.4200373
4.25263
4.279429
4.15611
0
0
4.459973
4.6203027
4.2905517
0
4.3015223
4.6706276
5.104121
5.2568913
5.3396506
4.9190173
4.1800904
5.185269
5.739874
6.452732
7.2587376
7.9147964
8.22164
8.333906
8.258173
7.7395024
7.690465
7.8507347
7.4075556
7.0058656
6.979951
7.15851
7.654098
7.723839
7.4890738
7.2767887
7.152952
7.519346
7.9102154
7.746312
7.734459
7.6269693
7.6397157
7.6682324
7.4003425
6.9620414
5.9492507
4.470743
0
0
0
0
0
0
0
0
0
0
4.5224857
4.6714954
0
0
0
0
0
0
0
4.1147904
0
0
0
0
0
0
0
0
0
0
0
0
0
0
0
0
0
0
0
0
0
0
0
0
0
0
0
0
0
0
0
0
0
0
5.3483753
5.3148494
5.7388067
5.9582686
6.008052
6.0759535
6.0642385
6.026709
6.059756
6.046581
5.844095
5.564474
5.2620964
0
0
0
0
0
0
0
0
0
5.031501
4.5701313
0
0
4.7550306
4.9051642
0
0
0
0
0
4.621576
0
0
4.3442135
4.5320754
4.9738283
0
4.0787992
0
0
4.6895065
0
0
0
0
0
0
0
0
4.3593464
0
0
0
0
0
0
0
0
0
0
0
0
0
0
4.68729
5.0728087
4.8989263
4.829874
4.4973254
4.6437187
4.466345
4.1071634
0
0
0
0
4.1239915
4.1857176
4.418666
4.539546
4.7761116
4.9833827
5.0225773
4.890405
4.9017158
4.7841353
4.891135
4.401615
0
0
4.105915
0
4.490488
4.228942
4.3917603
4.215777
4.358096
4.2401705
4.136486
4.099545
4.06585
4.2244205
4.213355
4.2707686
4.4435844
4.562412
4.6527
5.095192
4.855418
4.6729593
4.7862716
4.8562665
4.7682395
4.8907366
4.685852
4.674732
4.34041
4.365826
0
0
0
0
0
0
0
5.950731
5.7784276
5.9025574
5.769654
5.7696695
5.5182137
5.422286
5.349674
5.4255943
5.795744
5.9705596
5.63859
5.6993766
5.6956124
5.5556054
5.648479
5.775022
5.539187
5.2951484
5.1464562
4.8639965
4.868207
4.642614
4.67403
4.7795396
4.8019257
5.1073914
5.4306426
5.6632004
5.603284
5.6321406
5.760311
6.503025
6.6464486
6.4786673
6.232429
6.1755867
6.3312516
6.238918
6.2964773
6.5348377
6.693834
6.5324454
6.321095
6.052177
5.442355
4.833608
4.7608423
5.2128263
5.285837
5.3538103
5.8758836
6.05545
6.0007124
6.0595813
5.880735
5.970034
6.0833654
6.202198
6.173748
5.806441
5.568519
5.010156
5.277269
5.1428766
5.038273
5.151901
5.361417
5.212972
4.5191245
5.23396
5.025087
4.6569576
4.863163
5.274217
5.6235247
5.826023
6.0165277
5.1798463
0
4.1516685
0
0
4.1412663
4.8595967
4.345835
4.2208757
0
0
0
0
0
0
0
5.4514284
5.564352
5.6012354
5.5954056
5.6899195
5.6124325
5.649629
5.658007
5.665582
5.6308346
5.7948675
5.7294865
5.7380595
5.8526726
5.87241
5.930808
5.931685
5.859204
5.8725348
5.85449
5.8213267
5.8629007
5.8141956
5.7609158
5.7413583
5.7516346
5.718842
5.6757245
5.59787
5.4887075
5.207321
5.0984793
4.5256157
0
4.2716813
4.3425283
4.2452345
4.281374
4.9497666
4.72545
4.9605055
0
0
0
0
0
0
0
0
4.2878957
0
0
0
0
4.957302
5.226678
5.234645
5.2787385
5.2748747
5.0345263
4.764611
4.7322817
4.835709
4.8219323
5.0705924
5.6054688
5.9570403
6.2295995
6.1815333
6.05153
5.776542
0
0
0
0
4.7768736
5.8185153
6.0500607
6.028586
4.7184033
0
0
4.88483
5.081545
5.1069713
4.986937
0
4.1183496
0
0
0
0
0
0
0
0
5.2800236
0
0
0
0
4.7754855
4.67165
4.7593207
4.44273
4.283656
4.123149
4.1835117
0
0
0
0
4.3413286
4.209298
0
0
0
4.17898
4.729714
4.7210946
5.023493
4.9447565
4.698313
4.5089984
4.4295225
4.4152412
5.1031947
4.959243
0
0
4.2325006
0
0
0
0
4.4434094
4.1014385
0
0
0
0
0
0
0
0
0
4.3586783
4.528958
0
4.045132
0
0
0
0
0
4.1719303
0
4.216646
4.0810747
0
0
4.524932
0
0
4.3736897
4.780004
5.20398
5.391145
5.572668
5.4548326
5.4584227
5.492797
5.341591
5.051736
4.656358
4.4708447
4.626298
4.5708423
4.3045797
4.655454
5.0067453
4.733188
4.6765027
4.8282423
4.8567657
4.8713017
4.8805366
4.761969
4.869625
4.8383136
4.750705
4.8177
4.712311
4.7062793
4.5717287
4.798211
4.5697436
4.760471
4.6663785
4.902496
5.020029
5.0411158
5.2804084
5.0512376
5.236413
5.222617
5.241062
5.29789
5.316597
5.5278077
5.438418
5.349287
5.5215263
5.5611434
5.5215225
5.3472137
5.3293195
5.2613273
5.2740192
5.0716085
5.17925
5.1119914
5.1738005
4.950735
5.0973115
5.3142285
5.382244
5.4367504
5.5365644
5.367125
5.360938
5.2844014
5.1551924
5.347561
5.3852916
5.274779
5.129361
5.1738973
5.127542
5.197486
5.0489626
5.388839
5.315615
5.316869
5.1979966
5.31642
5.337382
5.2967014
5.4622555
5.2650533
5.1883926
5.1128516
5.017824
5.014057
5.0562673
4.773646
4.8529253
4.629962
4.844368
4.663676
4.576662
4.5760984
4.5592356
4.7121286
4.587917
4.4902525
4.283784
4.546538
4.4847355
4.187039
4.226612
4.175966
4.106827
4.156639
4.0833673
0
4.3291693
4.314179
4.540329
4.3408146
4.148999
0
0
0
0
5.9373946
6.136238
5.944886
5.9385552
5.887516
5.8157597
5.800538
5.9551463
6.095086
6.2037735
6.070611
6.0774074
6.0353127
6.0911427
6.1393485
6.186614
6.399976
6.5208673
6.345885
6.1923666
6.177691
6.209632
6.015769
6.2126718
6.180109
6.3141136
6.406212
6.468689
6.5468926
6.395582
6.281257
6.185073
6.098942
6.493581
6.4374533
6.3355527
6.248125
6.3926005
6.2486186
6.1998143
6.2757297
6.047866
6.0972733
6.112644
6.2899256
6.250023
6.0582275
6.1277723
6.230081
6.4070854
6.529854
6.590081
6.4142656
6.2329497
6.0819893
6.009534
6.221085
5.9116497
5.1506314
4.711922
4.639619
4.437688
4.296639
0
4.0861435
4.3583884
4.327505
4.3357325
4.535311
4.507009
4.5846043
4.5647397
4.6010895
4.639006
4.9137826
4.781878
5.24783
0
4.977013
4.7648387
4.634783
4.245752
0
0
0
0
4.3563633
4.288064
4.36803
4.3108373
4.296139
0
0
0
0
0
0
0
4.3025575
4.395634
4.530441
4.422533
4.3272443
4.3580694
0
0
0
4.9044085
4.8263702
5.8490257
5.49033
5.7419357
5.786424
5.145222
6.041354
6.5767922
7.067645
7.1182523
7.0730515
6.7882338
7.3298297
7.4264007
7.5716867
7.1506824
7.2585406
7.278947
7.1962585
7.0730877
7.194114
6.7834706
6.847262
7.034177
6.846399
6.6363807
6.414093
6.269591
6.2256637
6.3810287
6.447069
6.413575
6.362547
6.229285
6.21816
6.120507
6.4112887
6.389694
6.1658187
6.6099677
6.1796255
6.3455048
5.639269
4.7710567
4.436944
0
0
0
4.8128214
5.458954
5.552068
6.2652287
6.3880386
6.6198525
6.525794
6.5604286
6.734272
6.7740026
6.6732306
6.4384217
6.51318
6.664447
6.5978365
5.8638635
5.5484486
0
0
0
0
0
0
0
4.1824055
4.6688237
4.1802125
4.3267674
4.870215
0
0
0
0
0
0
5.0703745
0
0
0
0
4.9298735
0
0
0
0
0
4.875827
5.3416104
5.280756
4.259581
0
0
0
0
0
0
0
4.3889384
4.4540944
4.9825544
5.0747914
5.0549707
5.409826
5.62248
5.5545855
5.7033696
6.1004176
6.462491
6.8283596
6.908047
6.6783814
6.5289526
6.550935
6.676957
6.718713
6.720402
6.7358766
6.1524105
6.3159103
6.1113734
5.7955294
5.453037
5.278916
4.87796
4.5900054
4.504474
4.673805
4.6583624
4.9881887
4.673964
4.152241
0
0
0
4.274109
4.716317
5.034914
5.309774
5.322336
5.251304
5.6780515
5.931903
6.193599
5.3669376
4.3988543
4.5957975
4.6849604
4.478728
0
0
0
0
4.504725
4.4257746
4.3541303
4.3201194
4.3012733
4.2868085
4.23312
4.2111
4.2365217
4.2182837
0
4.444738
0
0
0
0
5.2342634
5.867499
6.1014466
6.589944
6.6331935
6.61383
6.913327
6.6211486
6.515918
6.873251
6.457877
5.3935633
5.9049587
5.87586
5.871383
5.8637733
5.4697533
5.4534655
5.426676
5.4114337
5.298067
6.0615206
6.589224
6.522437
6.78065
6.55369
6.414962
6.2783527
6.1946344
6.190393
6.0054717
5.8629
5.7572384
5.864795
6.033497
6.159651
6.160729
6.2394633
6.54505
6.7408323
6.577963
6.430298
6.7241783
6.779128
7.1838994
7.2666616
7.33103
7.279736
7.4002423
7.3524494
7.3374753
7.363306
7.338881
7.4075646
7.3040905
7.286912
7.008174
7.205455
7.0861907
7.1452274
7.233077
7.2010775
7.414854
7.441464
7.349685
7.1536245
7.1257825
7.495517
7.1022854
6.8683047
4.5323715
6.8951645
6.7652
6.860458
6.804563
6.804811
6.674122
6.5248384
6.3249426
6.134347
6.091599
6.098386
5.920545
5.9606223
6.030625
6.1390104
6.1770325
6.146347
6.184374
6.181813
6.3109007
6.5189137
6.646543
6.7185097
6.7494216
6.693157
6.571708
6.7445645
6.644947
6.5204363
6.566464
6.4761505
6.43876
6.460757
6.508044
6.378589
6.431566
6.5796733
6.678464
6.7095046
6.698091
6.6929846
6.9232483
6.9870434
6.980876
7.199703
7.4501896
7.607711
7.691415
7.659069
7.62311
7.6567454
7.4936733
7.5248785
7.34955
7.2255874
7.484167
7.5012555
7.6959352
7.5216722
7.50166
7.2856507
7.269642
7.252384
7.336998
7.128004
7.040601
6.921481
7.0321956
6.8862314
7.0061674
6.9832034
7.3173885
7.3646603
7.204524
7.0939555
6.6628633
6.4306116
6.5633264
6.669729
6.3478203
6.3792624
6.456738
6.544842
6.167871
6.0587435
6.5777183
6.6242857
6.2615075
6.395606
5.938559
5.6953363
5.4005814
5.098721
5.0434318
4.8371058
4.893265
4.7603784
5.876298
5.4935293
4.8865814
4.425399
4.30236
4.329878
4.273201
4.1719112
4.1113706
4.323922
4.46548
5.929104
5.178306
4.9635468
5.126917
5.2647495
4.973031
4.549841
4.4158998
4.471804
4.852948
5.141576
5.086115
4.6275787
4.4816737
4.167939
0
0
6.6130753
6.745542
6.607907
6.522933
6.658988
6.5338244
6.6037884
6.3351707
6.2883525
6.2577243
6.1198277
5.8859687
5.7042656
5.738055
5.7374983
5.5898147
5.4827285
5.5941153
5.6138372
5.811163
5.912776
5.80634
5.7538652
5.855191
5.825866
5.707406
5.748079
5.6975555
5.8657365
6.0338244
6.1451797
6.277731
6.194815
6.243168
6.190797
6.1499057
6.2510214
6.44126
6.4236794
6.2442904
6.2788672
6.117146
6.0420623
6.273276
6.4750276
6.5060134
6.311675
6.4331136
6.6923113
6.7824483
6.8616047
6.996517
7.047007
6.8196697
6.5249796
6.2608547
6.21737
6.09806
6.2044044
6.3171782
6.5314474
6.521269
6.8964224
6.789997
7.109123
7.16368
7.20695
7.20164
7.2565455
7.3549876
7.571021
7.4386916
7.5709553
7.7171383
7.7036686
7.661854
8.122451
7.983348
8.052215
7.808542
7.7713466
7.6691737
7.5727725
7.507839
7.6067615
7.2472196
6.785997
6.674038
6.8770614
6.8262424
6.7269893
6.637606
6.574956
6.4591403
6.453509
6.6023846
6.509822
6.5968003
6.7580433
6.4860697
6.10256
6.1040874
5.7959538
4.8184376
0
0
0
0
0
0
0
0
0
4.540227
7.1118593
7.231268
0
0
0
5.108158
4.982309
5.2215557
5.250063
5.182946
5.159799
5.2750773
5.275838
5.536208
5.375408
5.32585
5.213561
5.1862803
5.0795546
5.099788
5.153841
4.896159
4.804713
4.7032914
4.755547
4.65906
4.5293427
4.4434037
4.518604
4.4931345
4.6690097
4.6593027
4.58592
4.5875635
4.6571918
4.5268974
4.5953507
4.45341
4.347972
4.2767663
4.5585885
4.5986824
0
4.2434845
4.4167237
0
5.291818
5.958555
4.095279
0
0
0
0
4.2686896
5.8401823
6.389791
6.135821
6.2208285
6.2393594
6.494968
6.4486637
6.680128
7.108971
7.5651436
7.885013
7.825979
7.7516456
7.6229944
7.247388
7.24294
7.1597323
7.1807747
7.21212
7.2366104
7.201762
7.216173
7.226281
6.2165303
4.9757986
4.8139234
4.404606
4.2974653
4.7864413
5.0014925
4.8004584
4.7786646
4.6215887
4.092551
4.305196
4.76089
4.7138157
4.5610523
4.5842648
4.4354916
4.1328998
4.593841
5.10913
5.0755115
5.445981
5.0604806
0
0
0
0
0
0
0
0
0
0
0
0
0
0
0
4.566225
5.2675095
4.147374
4.098454
4.4809136
5.1666594
4.877188
0
0
0
0
0
0
0
0
0
0
0
0
6.228912
0
5.2206607
6.072603
4.3428135
0
4.832144
0
0
0
0
0
0
5.87594
6.3845296
7.0628295
7.3633194
7.21503
6.783771
5.597384
4.7184696
0
0
0
0
0
0
0
0
0
0
0
4.904717
5.4701157
6.450894
7.0941963
7.1244097
6.884224
6.771286
6.645071
6.595438
6.5657625
6.636093
6.4716372
6.4911
6.4318714
6.4041853
6.310235
6.2349544
6.534371
6.5051947
6.4066224
6.5211897
6.609767
6.491212
6.618264
6.6829615
6.7009363
6.7521477
6.71092
6.7641687
6.8388286
6.9590306
7.149358
7.3586383
7.4596477
7.4070015
7.537683
7.570921
7.6234655
7.5831223
7.5719457
7.537993
7.5198298
7.563088
7.5417657
7.4747434
7.5668635
7.59197
7.5063896
7.416729
7.5049825
7.301473
7.2003818
7.108234
6.975147
6.9376507
6.9100256
6.8408732
6.776669
6.736473
6.6920705
6.6286807
6.6340265
6.485956
6.4950356
6.438821
6.443441
6.4387326
6.5449247
6.5825734
6.6138034
6.610573
6.564394
6.583996
6.5436993
6.605788
6.6670847
6.713895
6.8051667
6.854593
7.0733037
7.1882963
7.2506785
7.3382034
7.3430853
7.546807
7.3570533
7.061555
7.067192
7.1116242
7.2004743
7.045921
7.2721767
6.923444
6.693693
6.7946315
6.586011
6.4649453
6.4315095
6.3941708
6.472543
6.389047
6.4086313
6.3829594
6.2627015
6.2527847
6.2472544
6.2580457
6.4662642
6.450306
6.658925
6.6634636
6.859833
7.000685
7.015121
7.0228963
7.0980706
7.14477
7.156357
7.231844
7.274725
7.258172
7.2811613
7.271512
7.1453443
7.137016
7.131369
7.297162
7.30583
7.152231
7.1658726
7.0063457
6.824318
6.820245
6.468261
6.389372
6.134021
5.876084
5.6517286
5.581679
5.5679874
5.7756553
6.025207
6.0585437
6.0646505
6.0962696
5.887069
5.777313
5.8537164
5.7946258
5.8477345
5.70293
5.8334465
5.9118094
6.012177
6.0485034
6.065095
6.0065317
5.976413
5.987462
5.929288
5.9191413
6.1210194
6.3008657
6.3696055
6.4893613
6.558649
6.665806
6.7893996
6.924656
6.9843626
7.062953
7.165973
7.445723
7.5889435
7.4381475
7.272898
6.7345514
6.197355
6.1108103
6.626342
7.0178647
7.20112
7.140518
7.648554
7.7039576
7.8262525
7.6873784
7.561721
7.195761
6.750359
6.348341
6.071993
5.7856894
5.3563
5.2468886
5.0463867
5.018893
5.1449065
5.5206532
6.3601046
6.623373
6.8941803
7.0220094
6.9534307
7.184766
7.189384
7.118798
7.253893
7.0126777
7.095233
7.1910286
6.8345804
6.9665565
6.915223
6.9356318
6.723645
6.8045387
6.7213264
6.850828
7.146999
7.1990185
7.2619057
7.256571
7.0766344
7.191512
7.199783
7.2079983
7.0009327
7.2441006
7.1615963
6.759555
6.8196945
6.9290066
6.567218
6.520445
6.3763733
6.5060773
6.459983
6.673745
7.009988
6.84533
6.712665
6.5935016
6.6340036
6.7138987
6.6203814
6.5182495
6.1340623
5.4743676
4.9805927
5.7661614
6.485722
6.4242268
5.433495
4.6404676
0
0
0
5.1138377
5.2952843
5.5737834
5.5003986
5.1816025
4.2215323
0
0
0
5.359479
5.80331
5.9579077
5.3662004
4.946079
5.0799937
5.2061725
5.142316
5.1263924
5.1455507
4.860389
4.715557
4.5250807
4.355594
4.325939
4.6559663
4.1601315
4.3405232
0
0
0
0
0
0
0
4.8076744
0
0
0
0
0
0
0
0
0
0
0
0
0
0
0
4.6412783
6.885818
6.5894585
5.6264796
5.9336534
6.065733
6.2207847
5.2083654
6.3337803
6.488782
6.510838
6.275576
6.3108983
6.1595507
5.9249682
5.7931643
5.7234993
5.9266644
6.009479
6.0422187
6.023169
6.0443788
6.0158286
5.8110213
5.671668
5.4109626
4.543574
0
0
0
0
0
0
0
0
0
4.591625
4.7646327
4.9838886
5.0501294
4.4452395
0
0
4.1682105
0
0
4.120478
0
5.2624774
5.1213355
4.475666
5.167486
4.386591
4.7829614
4.8240857
4.5701456
4.543963
4.1905046
4.31168
4.1114726
4.1309958
4.126961
4.1019793
4.2441993
4.3463306
4.132072
4.2065396
4.7587543
4.9111204
4.9675894
4.9210696
4.980477
5.1899934
5.149077
5.233576
5.366067
5.413636
5.243925
5.305263
5.031297
4.9827538
5.03248
5.1118813
5.1954045
5.272893
5.365257
5.2264915
5.3223333
5.443786
5.4259944
5.64005
5.648242
5.6158776
5.609341
5.4934077
5.7092295
5.6114836
5.8096504
5.7699223
5.7951617
5.556837
5.347137
5.2175655
5.051107
4.8553042
4.520033
4.0895348
0
0
5.5238943
6.3588734
6.088464
6.455403
6.0730305
6.3808975
6.6192837
6.514839
6.5008607
6.4663506
6.659682
6.715657
6.5684342
6.154293
6.88768
6.4104486
6.348725
6.312889
6.332266
6.1830077
6.453141
6.3062634
6.2886615
6.231851
6.1016335
6.129985
6.119982
6.0965457
6.2621884
6.0407076
6.071103
6.168104
6.163817
6.071207
6.312756
6.5607047
6.577066
6.7217474
6.6807995
6.7845144
6.774313
6.778168
6.588823
6.7376466
6.805652
6.284027
5.6544676
5.7072077
5.9464035
6.1182585
6.2569833
6.050213
6.2607627
6.731786
7.236142
7.1402683
6.9722004
6.343901
6.0690203
6.097174
5.976399
5.850593
6.285363
6.4952617
6.7190266
6.6839232
6.7213087
6.669717
6.5767303
6.6035347
6.387388
6.442151
6.5778894
6.5962653
6.774892
6.934823
6.796348
6.696417
6.5679917
6.760979
6.883309
6.803968
6.9486265
7.176408
6.4849124
6.0311575
6.1111875
6.28133
6.018129
5.537499
5.1472692
4.2511444
0
0
0
0
0
0
0
4.080109
4.4036746
4.381029
4.575069
0
4.782623
4.259235
0
0
0
0
7.2869053
7.500079
7.4424176
7.5009837
7.472665
7.3676424
7.71935
7.3157005
6.820797
6.6500683
6.680531
6.65691
6.6529255
6.889429
6.9553404
6.695168
6.389123
6.5830936
6.7036657
6.604253
6.4375896
6.453462
6.0798135
6.0927353
5.884905
5.420443
5.234449
5.042149
4.8999486
4.8278995
4.1810493
4.178326
0
4.207416
4.148695
4.364101
4.3603964
4.395932
4.398447
4.3452806
4.3626394
4.1648207
0
0
0
4.10767
4.4424734
4.31166
0
0
0
0
0
0
0
0
0
0
4.153763
4.009177
4.1601596
4.502183
5.2292404
0
0
0
0
0
0
4.379994
5.0760393
4.4239974
0
0
0
0
0
0
0
0
0
0
0
0
0
0
0
0
0
0
0
0
0
0
0
0
0
0
0
0
0
0
0
0
0
0
0
0
0
0
0
0
0
0
0
0
0
0
0
0
0
0
0
0
0
0
0
0
0
0
0
0
0
4.596166
4.5747366
4.487468
4.3111963
4.1573343
4.1291857
4.1228595
4.0702896
4.0940466
4.1882753
4.112011
4.1533995
4.1361876
0
0
0
0
0
4.9448786
4.4856515
4.626832
0
0
4.2174497
0
0
4.084658
0
0
0
0
0
0
0
5.036181
4.851555
4.829006
5.057748
5.5193496
5.7570543
5.98386
6.0795026
6.1640754
6.2419767
6.4951673
6.558466
6.4121346
6.220625
5.90193
5.816932
5.818298
6.003556
6.150927
6.114669
6.203519
6.1976357
6.3487988
6.3916073
6.1687517
6.019062
5.997237
6.100339
6.241287
6.45331
6.596963
6.7354817
6.906905
6.936528
6.868088
7.0375786
6.959979
7.0178876
7.110733
7.0773273
7.130393
7.141251
7.1698656
6.9301553
6.705498
6.609774
6.3906384
6.4933825
6.46082
6.8190236
6.7188597
6.887874
7.05814
7.063087
7.107461
6.8246236
6.6947794
6.711892
6.6453857
6.605716
6.770389
6.9477477
6.7678294
6.648136
6.708112
6.7566113
6.561843
6.543396
6.3734984
6.0211587
5.528166
5.189145
4.5449257
0
0
0
0
0
4.2016873
4.434538
4.4620056
4.3959017
4.3801374
4.384155
4.342378
4.0963545
4.16
4.0537324
4.1477165
4.094076
4.0950575
0
0
4.1067843
0
0
0
0
0
4.304564
4.4422636
4.4647136
4.476225
4.639655
4.487567
4.381147
4.2511654
4.0960917
0
0
0
0
0
4.740058
4.7802405
4.7775087
4.9711695
5.034803
5.074973
4.9024158
4.842549
5.0113945
5.0875254
4.5096908
4.533902
4.3079658
0
0
0
0
0
0
0
0
0
0
0
4.3580136
4.839672
4.8884416
5.0149355
5.18526
5.416004
5.393915
5.2195396
5.059167
5.3726387
5.8356705
5.903487
5.8231483
5.9714055
6.024541
6.1478376
5.8643494
5.6906843
5.521724
5.238902
4.979044
4.962967
4.8609233
5.1456027
5.0689125
4.8767557
4.8237944
4.9973416
5.0716195
5.099398
5.195797
5.361946
5.507141
5.624299
6.0019774
6.008363
6.0159616
5.925437
6.0955043
6.226021
6.536476
6.5094047
6.4935193
6.599356
6.7227497
6.787183
6.8458967
6.8723364
6.7372284
6.717907
6.9676094
7.116547
7.0859675
6.9775987
6.819974
6.8565335
6.75066
6.6810346
6.732599
6.6674123
6.6849318
6.887417
6.7665286
6.7199736
6.595265
6.479169
6.1895633
6.112301
6.391501
6.502163
6.440379
6.0881853
5.74152
5.6547146
5.0736203
5.7229624
5.139845
5.3504686
6.045225
5.7745504
5.2650476
5.3504415
5.6761794
5.7268004
6.0305505
5.9305305
6.260802
6.2536426
6.2018275
6.832842
6.8341837
7.2683654
7.638962
7.787017
7.6631255
7.878022
7.8406906
8.023718
7.9236665
7.1923857
6.554346
6.5977125
6.6158414
7.050187
6.731044
6.6055613
6.883391
7.074999
7.3479333
7.8621616
7.8811774
7.837005
7.7128496
7.6484795
7.4447618
7.11297
7.373332
7.4046144
7.362416
7.275461
7.0185194
7.057473
7.3645964
7.232485
7.258066
7.3039465
7.3267765
7.319941
7.5589037
7.6760674
7.71106
7.8173294
7.843807
7.85392
7.5786533
7.5221205
7.4760976
7.447132
7.3453116
7.282357
7.116282
7.293151
7.196757
7.233808
7.404817
7.4687443
7.1961555
6.678746
6.3125544
6.5475645
6.488953
6.5963707
7.0321198
6.9020486
6.7367654
6.753914
6.6412425
6.682254
6.5450096
6.6899476
6.7045975
6.7922454
6.995325
6.9915986
6.8558455
6.9333153
6.8661194
7.056778
7.147846
6.881964
6.808669
6.702391
6.8918414
7.2127023
7.1609364
7.1962967
7.3220205
7.379993
7.5410986
7.441463
7.5615892
7.3404293
7.2595778
7.3608418
7.2241454
7.129348
7.0143366
6.9072447
6.816562
6.6788588
6.596531
6.6830683
6.6931243
6.710623
6.6109147
6.492447
6.4409113
6.287422
6.2890635
6.2416544
6.1173496
6.172284
6.2876773
6.20425
6.203789
6.1245556
6.1263914
6.134638
6.1265807
6.03537
6.060862
6.072272
6.1182175
6.1482
6.0211596
6.1134424
6.0340405
5.878101
6.0557227
6.1044483
6.152564
6.0820007
6.1087356
6.0508137
6.093975
6.2716827
6.425231
6.329708
6.4266276
6.670598
6.7460804
6.732498
6.771811
6.7691574
6.7755976
6.8343396
7.094008
7.2546067
7.5630293
7.5675282
7.6223383
7.5384254
7.336444
7.2997537
7.296187
7.371183
7.3424606
7.306087
7.1638584
7.05005
6.8402915
6.998976
6.895851
6.815245
6.821055
6.9657564
6.8463407
6.8831835
6.8784766
6.820232
6.848502
6.578853
6.4796042
6.5542727
6.477755
6.478324
6.406187
6.364215
6.319885
6.302562
6.453407
6.4379597
6.3779936
6.4909487
6.7177105
7.127746
7.1293087
7.0487385
7.1903954
7.2915435
7.304848
7.443647
7.573569
7.629792
7.4808536
7.619052
7.6145124
7.8058434
7.8222227
7.7616396
7.8008566
7.7040596
7.5684614
7.159369
6.9140596
6.7168255
6.674016
6.5025177
6.27546
6.14711
6.055768
5.8753843
5.9025383
5.8933163
5.872781
5.922305
5.861677
5.820114
5.849337
5.997011
5.9346256
6.018248
6.1170173
6.194052
6.162277
6.1797423
6.2495413
6.306674
6.4056787
6.6465473
6.773839
7.077269
7.447484
7.5970755
7.855645
8.030423
8.140512
8.182841
8.004251
7.934824
8.02428
7.789941
7.819401
7.655889
7.6177015
7.4361753
7.410776
7.307987
7.251527
7.359005
7.4197206
7.328648
7.389038
7.445503
7.219873
7.0802736
7.0931253
7.1373825
7.0922756
7.1305985
7.1388373
7.0539536
7.207947
7.3181877
7.4802475
7.772832
7.7157483
7.828914
7.79987
7.8149633
7.7714996
7.7334347
7.876428
8.102865
8.175382
8.208081
8.113753
8.168039
