10000
9.127789
9.237334
9.192924
9.400263
8.924653
8.979168
9.303608
9.143327
9.288074
9.190891
9.101281
9.1469555
8.960729
9.052376
9.050736
8.948598
8.835315
8.651083
8.737588
8.808566
8.737006
9.031334
8.938586
8.669897
8.637948
8.496953
8.630338
8.52417
8.505777
8.263142
8.211649
8.155885
8.358324
8.497121
8.436259
8.5275545
8.6330805
8.384254
8.866009
8.652438
8.649445
8.383406
8.490873
8.619668
8.734428
8.45199
8.339079
8.744357
8.748711
8.735387
8.870135
8.829734
8.854772
8.828054
8.762331
8.773754
8.7898
8.881703
8.794482
8.781959
8.784882
8.850288
8.764454
8.74542
8.815358
8.720584
8.679259
8.69367
8.568507
8.687879
8.645633
8.500795
8.796103
8.675662
8.780856
8.703583
8.829663
8.815726
8.883272
8.845203
8.831334
8.834729
8.69131
8.7313385
8.723713
8.620275
8.662733
8.66713
8.664998
8.720907
8.706743
8.708512
8.578754
8.590676
8.566034
8.644251
8.614129
8.60496
8.544348
8.358922
8.467907
8.400194
8.760511
8.588143
8.457733
8.557281
8.584904
8.535765
8.59687
8.64366
8.582481
8.647245
8.694017
8.677553
8.766081
8.806229
8.771422
8.780395
8.6232
8.609904
8.5564785
8.389732
8.4221
8.456354
8.37291
8.339328
8.470492
8.620369
8.534651
8.511654
8.535326
8.557391
8.496237
8.367112
8.434979
8.431688
8.456922
8.406261
8.499342
8.472478
8.594537
8.715669
8.78094
8.849518
8.661637
8.822108
8.878189
8.88934
8.78209
8.750102
8.743693
8.709783
8.844476
8.745004
8.847873
8.485456
8.31856
8.265937
8.340081
8.5062
8.537752
8.72778
8.796763
8.827259
8.850619
8.70761
8.845158
8.891992
8.873929
8.818895
8.628351
8.694807
8.643457
8.565092
8.470384
8.502606
8.369917
8.504975
8.52401
8.419135
8.414889
8.405285
8.387106
8.500761
8.466926
8.519149
8.586747
8.710486
8.562938
8.671989
8.849227
8.776607
8.711431
8.558473
8.365826
8.361824
8.357145
8.460427
8.323724
8.646445
8.40985
8.511318
8.383638
8.296761
8.128906
8.088095
8.062092
8.071295
8.117987
8.012057
7.9817166
7.8286057
7.837026
7.7781906
7.7531657
7.7588553
7.8385496
7.8287625
7.924158
8.058414
8.142305
8.02183
7.8705597
8.012459
7.8337045
7.771201
7.6978073
7.70104
7.6270227
7.698087
7.6940923
7.724455
7.8138447
7.8443956
7.937834
7.8499784
7.8218055
7.8232045
7.9184375
8.049482
8.134423
8.015779
8.129338
8.053057
8.017731
7.994604
7.893817
7.9406314
7.8959017
7.525655
7.7849474
7.581217
7.8514285
7.6814184
7.8643017
7.9181056
7.8492017
7.9121842
8.055623
8.030125
7.990496
7.90339
8.086821
8.055784
7.8919687
7.9915595
8.118207
8.054352
8.091424
8.290126
8.431804
8.38129
8.439159
8.355873
8.468561
8.274608
8.200718
8.201264
8.147515
8.219772
8.216752
8.420252
8.444992
8.419152
8.593321
8.398241
8.124973
7.958627
7.9273696
7.959091
7.931302
7.9954596
7.9589734
7.9782414
7.9974146
8.108933
8.018594
8.223171
8.268416
8.229863
8.261658
8.118756
8.256742
8.138025
8.042208
8.0178795
7.980826
7.9311113
8.099628
8.00458
7.827088
7.7429724
7.7168517
7.874232
7.866161
7.626312
7.8985066
7.742495
7.8761306
8.013558
8.200889
8.100247
8.1076
7.6909623
7.4631014
7.4035764
7.4186816
7.505213
7.6039453
7.711642
7.6550264
7.5658154
7.3907723
7.524501
7.6180344
7.5443854
7.534113
7.5524907
7.734207
7.673466
7.5882525
7.4964194
7.5214953
7.492511
7.5673485
7.684955
7.8842435
7.9745383
8.201442
8.144331
8.259205
8.327935
8.391151
8.324768
8.349378
8.253002
8.24307
8.276354
8.2537
8.186645
8.27139
8.111693
8.133135
8.003206
8.003018
7.899175
7.8806105
7.873353
7.6888785
7.4677396
7.584932
7.487033
7.2715907
7.377929
7.3203073
7.4463634
7.3338513
7.388501
7.493521
7.3273506
7.547092
7.640334
7.615507
7.7370677
7.717728
7.8798633
7.971598
8.019768
8.090392
8.054012
8.088377
8.009941
8.009667
7.935548
7.766923
7.6930494
7.9645724
7.6727858
7.5845723
7.828522
7.98356
8.108905
8.252741
8.384739
8.443631
8.302242
8.247438
8.015532
7.8513336
7.7135167
7.440186
7.4876246
7.443248
7.282933
7.3644404
7.3920584
7.386107
7.460197
7.5508533
7.646735
7.6952353
7.663324
7.518527
7.4718947
7.4911876
7.4515142
7.517375
7.684446
7.3261538
7.457932
7.5449643
7.478551
7.618462
7.2056847
7.2693815
7.408792
7.1600404
7.138264
7.087732
7.4358125
7.203275
7.1500645
7.0371943
6.9015946
6.917414
6.8019457
6.5651073
6.4717493
6.210549
6.25149
6.249653
6.1588097
6.2984357
6.242453
6.3964114
6.4667544
6.6210523
6.727249
6.6310463
6.630044
6.4870505
6.443962
6.3618946
6.3399377
6.4752345
6.27551
6.2479987
6.4003425
6.796799
6.6852293
7.012203
7.253029
7.0452285
6.8644733
6.6068974
6.2364826
6.107704
6.1995926
6.0949574
6.0403013
6.3340864
6.301154
6.22105
6.4285216
6.2470875
6.208134
6.2848725
6.029872
6.193575
6.1209636
6.2164826
6.210725
5.9554186
6.0008926
6.0171843
5.8894625
5.607226
5.615562
5.2624288
5.258991
5.2388835
5.3271093
5.1998916
5.1078734
5.226197
5.354205
5.3433194
5.524251
5.6544495
5.8251524
6.0922093
6.0457654
5.796715
5.621575
5.4614134
5.304022
5.458121
5.3878317
5.476141
5.3765087
5.4319487
5.290711
5.5483065
5.5548286
5.4762106
5.4825444
5.28346
5.3788967
5.2110147
5.48026
5.659563
5.886188
5.822056
5.861331
5.810684
5.6760206
4.65297
5.283853
5.2185774
5.342177
6.065468
6.3634553
6.2369266
6.0947967
6.027011
6.182095
6.1330376
6.0466237
6.302226
6.3573437
6.29049
6.2114925
6.5104523
6.376788
6.54819
6.7143
7.1101522
6.7779393
6.6667957
6.3252068
6.1758666
6.4634624
5.671149
5.750739
6.147793
6.3065863
6.2738748
6.2893815
6.267874
6.2906075
6.240343
6.306587
6.4014807
6.358574
6.0999513
6.4892554
6.627853
6.7282314
7.0102935
6.8329268
6.451833
6.476828
6.693782
6.521717
6.160747
6.030843
6.1864204
6.177888
6.324148
6.321919
6.4238176
6.606309
6.4982085
6.4564595
6.427584
6.4175687
6.586154
6.8338203
6.9311547
6.8138065
6.930967
6.848013
6.8432536
6.823005
6.6878657
6.507738
6.3554826
6.291826
6.3351417
6.228141
6.2685947
6.2626066
6.566575
6.534895
6.40742
6.5905943
6.5820003
6.652364
6.77728
6.8349895
6.7677054
6.750426
6.966207
6.8939624
6.88799
6.70294
6.690003
6.6078963
6.8526816
6.560901
6.5174637
6.358072
6.3604183
6.332538
6.3395424
6.393232
6.437599
6.314865
6.451211
6.517345
6.685411
6.900197
7.082363
6.928488
7.1020064
6.95012
6.727504
6.9689417
7.3014646
7.0902176
6.8032413
6.7499733
6.961605
6.854322
6.845532
6.9623117
7.023494
6.879208
6.5888085
6.9520497
6.8081098
6.6989856
6.966832
6.5968337
6.399489
6.444787
6.6474986
6.767788
6.86523
6.9133434
6.683734
6.3410516
6.270358
6.123555
6.087078
5.871568
5.798608
5.57983
5.5229793
5.360635
5.2687154
5.285822
5.5429554
5.49198
5.713559
5.3775816
5.6709003
5.5848465
5.7716494
5.3486023
5.212707
5.537994
6.0944448
6.58163
6.5054483
6.438201
6.016309
5.75798
5.2575817
5.363256
5.1924844
5.146114
5.2937417
5.5450244
5.9086165
5.75089
5.9574113
5.8995423
5.7107234
5.934531
6.085694
6.3178034
6.6057773
6.821161
6.785269
6.527809
6.5874615
6.8185563
7.026719
6.850989
6.4853253
6.1554165
6.3609176
6.4963827
6.492598
6.2545214
6.269048
6.4476786
6.3887553
6.290782
5.6979566
5.834696
5.9056153
5.796106
5.8580933
6.068094
6.0098715
5.9211254
5.840005
5.9768534
6.0245967
6.0620956
6.196479
6.395591
6.4777236
6.3755383
6.4343176
6.310347
6.309403
6.3412356
6.49758
6.352749
6.4328003
6.1753917
6.037475
5.8001175
6.019634
6.1997538
6.174845
6.0576725
6.276166
6.056749
6.1864305
5.8884163
5.6821985
5.9425316
5.9232264
5.963662
5.683716
5.6506505
5.8389263
5.792729
5.582624
5.7714233
5.7006807
5.424263
5.336134
5.4273195
5.300857
5.5549335
5.7707014
5.88547
5.9689574
6.0683355
6.0440187
6.0085807
6.018268
5.910646
5.997075
5.890502
5.8815336
5.9227867
6.066972
6.0630674
6.1950054
5.9642944
6.0075607
6.1271234
6.2535973
6.445672
6.709655
6.5263944
6.400038
6.475161
6.086232
5.8347383
5.954425
6.262553
6.192423
6.2244616
6.192095
6.0674276
6.137413
6.139924
5.926179
6.077586
6.020889
6.0423255
6.0667396
6.2349467
6.3625593
6.3715982
6.253589
6.415145
6.6244416
6.5668783
6.4353285
6.498522
6.350777
6.519677
6.4800344
6.798787
6.6270885
6.651375
6.739749
6.7506123
6.473485
6.657851
6.817337
6.6688776
6.8939304
6.879981
6.8994355
6.9873037
6.909383
6.61097
6.8660116
6.8944345
6.8552723
7.137928
6.898055
7.0915546
7.15597
7.1794586
7.324726
7.3334613
7.4151735
7.2375584
7.3428497
7.4399233
7.150423
6.9890537
6.97211
6.901949
7.019309
7.0267935
7.0951924
7.1444516
7.247586
7.323348
7.197054
7.1696596
7.1791205
7.193171
7.2562923
7.1168256
7.0601864
7.024813
7.016937
7.0227227
7.1070466
7.09785
7.2152386
7.25562
7.206339
7.2255754
7.1101785
7.0314612
7.2287145
6.787882
6.539885
6.2893267
6.0324783
5.9275107
5.98832
6.265872
6.010303
6.084169
6.045856
6.00737
6.3535204
6.2870455
6.2485867
6.4384136
6.5160856
6.386271
6.538073
6.3465543
6.666594
6.544548
6.834811
6.771116
6.6849155
6.8416224
6.9363184
7.247164
7.4326205
7.093434
7.0332985
6.92078
6.987422
6.773922
6.753798
6.7091093
6.590983
6.688505
6.788438
6.909505
6.749595
6.9397316
6.7562757
6.8135724
6.8176274
6.902262
6.779715
6.98044
6.934943
6.8225107
6.71546
6.9292197
7.0003886
7.1427603
7.3124943
7.125084
6.9986305
7.2752223
7.118199
7.388584
7.513009
7.519787
6.998596
6.874612
7.017723
6.9525313
7.0792274
7.061675
7.0297318
7.273059
7.1083403
7.059206
6.7848577
6.6026278
6.500081
6.673086
6.7458076
6.3543625
6.486687
6.5309763
6.738671
6.7592144
6.528548
6.5175924
6.5116673
6.8757043
7.087702
6.772298
6.506181
6.14153
6.2091675
6.3454185
6.468099
6.720167
6.9989395
6.8355317
6.724497
6.8125763
7.036371
7.041657
7.0539284
7.1226687
7.0011415
6.701202
6.9862175
7.10823
7.3323393
7.18971
6.93752
6.935627
6.9247637
6.830429
6.547403
6.6460176
6.870858
6.667069
6.5175285
6.5668583
6.660809
6.5144386
6.777693
6.489192
6.86583
6.5710382
6.9260416
6.7787533
6.8542757
6.763427
6.666991
6.9212894
6.970621
6.8629465
6.895541
6.839914
6.6773663
6.699186
6.1718407
6.3661947
6.223586
6.521873
6.6127253
6.439971
6.2925634
6.6011815
6.798215
6.6334596
6.68588
6.556975
6.7305155
6.9675617
6.77188
6.7657795
6.759177
6.6380644
6.544073
6.6541686
6.7905335
6.8638906
6.9620533
6.7040424
6.9095035
6.6617956
6.809964
6.6924
6.6180964
6.645187
6.850835
6.4513407
6.335408
6.485935
6.346919
6.173074
6.2140718
6.000949
5.903755
5.858447
5.722292
5.6637435
5.6735487
5.8722773
6.080142
6.412016
6.902775
7.0988426
6.619088
6.681919
6.8023586
6.8337836
6.9289756
7.084526
6.857072
6.8431473
6.3388867
6.109148
6.1241283
6.2381516
6.157894
5.9661274
5.980629
6.034998
6.156252
6.062217
6.2256713
6.917479
7.1143575
6.988902
6.809936
6.84054
6.9181924
6.943389
7.0281925
6.8560057
6.9874
6.902438
6.961045
6.895542
6.5848556
6.7065973
6.8463526
6.929843
6.49177
6.123437
5.596558
5.6374507
5.654764
5.9392705
6.0517545
6.0851097
6.025952
6.111807
6.291291
6.1816864
6.2103276
6.23286
6.455379
6.517914
6.716162
6.5728006
6.722898
6.5091124
6.468622
6.4699693
6.540697
6.492169
6.7034345
6.728904
6.748941
6.83367
6.839079
7.0187693
6.9447546
6.8667083
6.9478436
6.9132347
6.653616
6.7412057
6.7393603
6.753646
6.7924805
6.695174
6.4777493
6.5094028
6.3766613
6.3787155
6.3356133
6.187508
6.2027063
6.075774
6.1239753
6.059617
6.0719295
5.963139
5.8908105
5.9630966
5.917888
5.973791
6.112088
6.1822987
6.1802797
6.5978928
7.2339063
7.33598
7.0952015
7.0171537
7.0582504
6.8899527
6.849352
6.821144
6.347763
6.4070916
6.29403
6.493306
6.6060667
6.5508614
6.75622
6.7347717
6.8416142
6.9134364
6.8129807
6.901698
6.823095
7.024042
6.9079766
6.7775364
6.866864
6.7006893
6.654925
6.587962
6.82022
6.5122066
6.752976
6.6075373
6.8848515
6.652032
6.891345
6.84258
6.998029
6.873484
6.7388506
6.69719
6.4611864
6.7465734
6.593366
6.8912973
7.060938
6.899679
6.8544292
7.094557
6.9562445
6.9426575
6.7225513
6.7317877
6.7142973
6.6908836
6.8415833
6.7351265
6.907633
6.8083067
6.994209
6.94232
7.0708413
7.188094
7.1619844
7.108078
7.2287464
7.400996
7.4767313
7.3951173
7.387167
7.38423
7.428081
7.399704
7.4452643
7.6370807
7.5091143
7.624536
7.2044477
7.328366
7.2624936
7.3792596
7.268989
7.260083
7.18027
7.024502
6.9548736
7.000516
6.956464
6.971958
6.900206
6.74037
6.636596
6.6816406
6.7267833
7.039773
7.270515
7.300707
7.129851
7.0444283
7.0519204
7.046445
7.070533
6.9412556
7.1075435
7.0469317
7.122766
7.182188
7.1466026
7.1335855
6.890769
7.0549273
7.020045
6.9694653
7.007838
6.937374
6.7881765
6.8188214
6.7472715
6.889599
6.5851307
6.680973
6.518289
6.3929834
6.288008
6.3519335
6.2467294
6.146408
6.364079
6.296218
6.113315
6.0749297
6.1598926
5.904065
5.7817135
5.7633066
5.885901
6.129383
6.000174
6.1397724
6.1769686
6.060908
6.15775
6.186416
6.006383
6.0058455
6.267176
6.375165
6.6475763
6.5466638
6.477746
6.482606
6.436857
6.676759
6.488212
6.650111
6.4219685
6.444199
6.408646
6.6470804
6.5906796
6.4846926
6.6036105
6.5565085
6.751967
6.750154
6.0082912
6.0403476
6.0596724
6.0771
5.9365788
6.0841107
6.0776777
6.157446
6.0088735
6.079758
6.0425158
6.2659507
6.331323
6.3166265
6.5804563
6.6634154
6.639655
6.859898
6.9634995
7.0812836
6.719745
6.5039515
6.599873
6.704537
6.6141376
6.616985
6.6198063
6.7334847
6.727841
6.6215653
6.4997916
6.4807444
6.411357
6.491377
6.5147386
6.779251
6.793854
6.791603
6.656525
6.338791
6.4482226
6.314431
6.713193
6.7037997
6.8184423
6.762404
6.6705933
6.495588
6.3791246
6.4386954
6.5846624
6.557014
6.479603
6.482417
6.3631506
6.595659
6.5968447
6.714624
6.603487
6.616442
6.310418
6.3220267
6.4013677
6.329143
6.335581
6.152981
6.298904
6.616016
6.3688693
6.3128176
6.4578714
6.2575154
6.123483
6.2880154
6.2701283
6.386358
6.2800937
6.3648844
6.182379
6.2245693
6.210485
6.329224
6.362354
6.478828
6.2475376
6.253748
6.3564672
6.475668
6.484351
6.4961596
6.36659
6.302097
6.1175733
6.139904
6.2316074
5.98186
5.8862925
5.8919244
5.7654705
5.9184785
5.777987
5.8674326
5.943475
5.8441224
5.693129
5.9314013
5.852068
5.870141
5.8965206
5.640669
5.534366
5.268589
5.1319923
4.973447
5.153629
5.0248213
5.0833216
5.418394
5.845571
5.95654
5.9432015
6.048046
6.0490584
6.0020714
5.915053
6.0868845
5.996025
6.338881
6.062811
6.0952363
6.0043955
5.8449874
5.6334906
5.596157
5.6724834
5.5686965
5.9673433
5.767521
5.6191444
4.9591374
5.046074
4.8563933
5.006739
5.462921
5.7573547
5.4597545
5.322752
5.058703
5.0474663
5.2020025
5.290828
5.5463424
5.6182523
5.5593143
5.508417
5.5302615
5.7071905
5.6659117
5.6975455
5.628731
5.5428457
5.3589835
5.3989735
5.130125
5.212943
5.103161
5.299005
5.3436446
5.313221
5.081364
5.0578485
4.8990893
4.6976094
4.7170873
4.538364
4.4463463
4.637361
4.8181367
4.960435
4.989279
5.1158295
5.204529
5.3152184
5.2315683
5.097014
5.0473104
5.041711
5.2427096
5.271077
5.484386
5.427941
5.3614388
5.466023
5.276914
5.1252313
4.792725
4.809404
4.8823853
5.0281253
4.9888425
4.9755783
4.9419885
5.0618258
5.045847
5.086218
5.084424
4.9668503
5.0012307
4.85273
4.9127226
4.7444468
4.8131566
4.717923
4.8021636
4.7331567
4.750082
4.6283793
4.823869
4.764298
4.8801823
4.9431868
4.879833
4.8328433
4.694537
4.66479
4.575724
4.6178184
4.5965104
4.742495
4.7677064
4.9364686
4.9149914
5.0171013
5.0132113
5.0051184
4.966021
4.935498
5.0036693
4.967287
4.971393
4.7794757
4.910569
5.004913
5.071677
5.120246
5.235
5.382736
5.4590845
5.5560293
5.5677752
5.5338783
5.60292
5.5691757
5.458166
5.4622936
5.4201336
5.360672
5.241925
5.486938
5.4041815
5.728681
6.0493927
6.060266
6.032707
6.096347
5.9178686
5.64905
5.634475
5.608267
5.5685244
5.4457664
5.4675193
5.824463
5.945138
6.068627
6.158678
6.137819
6.0816736
6.2269163
6.1586075
5.949334
5.970034
5.7930117
5.806693
5.795726
5.909123
6.0928473
6.0439644
6.0247545
6.086626
6.1967797
6.1998744
6.0678854
6.173676
6.10229
6.2924185
5.8330255
5.8177333
5.7527275
5.7516313
5.8745375
5.9763165
6.0076632
6.1417303
6.042738
5.8867846
6.004057
6.052421
5.934019
5.9164343
6.0964065
6.120374
6.0531335
5.9952064
5.896572
5.707076
5.7564583
5.66833
5.8185124
6.082332
5.9302382
5.9902143
6.122805
6.3286576
6.492086
6.5492954
6.6467614
6.406915
6.6017413
6.832268
7.3102336
7.255581
7.1664214
7.159252
6.922532
6.625614
6.9390616
6.7859035
6.5478406
6.5048923
6.541091
6.8243604
6.594137
6.3786516
6.245448
6.052287
6.2204494
6.1245985
5.9573183
5.7838645
5.748744
5.75079
5.808216
5.785433
5.743266
5.787734
6.022449
5.8564057
6.056093
6.1034675
6.0985727
5.9664507
5.6984577
5.60319
5.9171233
5.952585
6.09991
6.14267
6.1080112
6.0214796
6.353196
6.5612764
6.811677
7.055073
7.246977
7.3131375
7.6141562
7.735577
7.915418
7.5744157
7.1375422
7.0912204
7.131235
7.336048
7.1352124
7.0389676
6.757231
6.9259205
6.7679
6.8545065
6.9201097
6.579056
6.50557
6.2992253
6.2158685
6.121314
6.2192903
6.0742216
5.861646
5.7750235
5.7693396
5.7767887
5.763398
5.6589603
5.990877
6.080569
6.327299
6.61325
6.5650616
6.7288446
7.094897
7.110308
7.2022324
7.2423496
7.2415915
7.5416117
7.6306734
7.7088203
7.992833
7.928592
7.7956133
7.32365
7.299536
7.334214
7.3818693
7.5554967
7.787593
7.735526
7.6270957
7.539259
7.6681447
7.520311
7.7041
7.364923
7.3355093
7.129898
7.1051884
6.9356213
7.1991167
6.921612
7.0236
6.8146796
6.8526044
6.5393457
6.424206
6.3054543
6.3007474
6.333007
6.653346
7.018322
7.2047033
7.1872215
7.186566
6.9753366
6.9040785
6.807026
6.65454
6.845137
7.0324183
7.227309
7.081388
7.2363076
7.4208674
7.8053956
7.9652104
8.044055
7.908015
7.522754
7.257579
7.179744
7.6104474
7.704672
7.7684
7.471692
7.563626
7.480285
7.394641
7.2476306
7.26775
7.052043
6.8825912
6.758273
6.769294
6.46158
6.4451647
6.244947
6.284745
6.1969976
6.391084
6.2388964
6.2633195
6.054515
6.2910824
6.2573833
6.716047
6.99754
7.1468487
7.066837
6.9867086
6.78775
6.8979244
6.760213
6.6361103
6.6206365
6.7254763
6.4658613
6.350117
6.0577526
6.2678614
6.1965933
6.2951074
6.0102715
6.103487
6.4603157
7.0396657
7.186458
7.1956167
7.2303257
6.9088345
6.6173153
6.4147596
6.1873507
5.881176
6.1215057
6.5241694
6.6846666
6.4002533
6.634735
6.33716
6.69105
6.8447847
6.9143286
6.865452
7.145188
7.0363407
6.9452333
6.9073057
6.9474034
7.0685697
6.8872128
7.0003858
6.9576955
6.9922953
7.053914
6.9764047
6.958037
6.6991343
6.4446945
6.3673334
6.5325713
6.9883857
7.057207
7.231366
7.3741503
7.692608
7.7088633
7.8816786
7.6992583
7.7610216
7.5462046
7.47735
7.6930733
7.7810597
7.887319
7.861457
7.8009295
7.734758
7.9178295
7.783743
7.7286906
7.4799047
7.719855
7.6243434
7.7447186
7.530216
7.678158
7.5270553
7.4183517
7.488317
7.462699
7.4610343
7.276002
7.1360464
6.985532
6.861285
6.7691116
6.919909
6.852896
6.811574
6.600377
6.3490634
6.405258
6.253429
6.365083
7.0175276
7.007747
7.347145
7.185056
7.516685
7.323355
7.629741
7.818224
7.6514273
7.8498287
7.8943496
7.807406
7.909024
7.9917216
7.9693236
8.108475
7.7351093
7.4568963
7.0971117
6.8857756
7.2048383
7.074232
7.2127423
7.277033
7.0754538
7.099698
6.713919
6.902222
6.6600194
6.6845126
6.520324
6.41533
6.5305495
6.264036
6.31145
6.5782013
6.562311
6.5183697
6.791512
6.5963554
6.705919
6.447486
6.574555
6.596294
6.559232
6.7973127
6.9596844
7.1320243
7.0640435
7.4240103
7.320049
7.575122
7.685232
7.6860995
7.637448
7.4583836
7.4035378
7.3147764
7.2999415
7.0000763
7.0612135
7.098114
7.302403
7.14843
7.162696
6.8776355
6.7996116
6.93253
6.8338566
7.172138
7.148884
7.3038177
6.998428
7.0113964
6.673127
6.562637
6.514649
6.492534
6.244072
6.344683
6.354616
6.36202
6.4251924
6.100198
6.1110353
6.0194044
5.998002
6.0186996
6.111544
6.0972266
6.2695904
6.6768894
6.4912205
6.8209305
7.336208
7.5008254
7.4066286
7.1554666
7.3728857
7.16838
7.129298
7.1831822
7.291954
7.1677704
7.077155
7.129614
7.23879
7.224429
7.002641
6.9021244
6.7599545
6.7024164
6.7071905
6.406377
6.0908504
6.0595884
5.905643
6.0303783
6.189455
6.040753
6.148734
6.383562
6.134703
6.1642103
6.1477737
6.019404
6.173072
5.930513
6.072805
6.2898088
6.684042
6.9852996
7.096489
7.1994786
7.2019577
7.183621
7.668324
7.5279717
7.717775
7.875166
7.733857
7.9498186
7.963964
7.814167
7.6423254
7.5322757
7.628658
7.53713
7.2465625
7.2608624
7.145784
6.9729342
7.179695
6.7909737
6.498694
6.483512
6.211287
6.261259
6.159981
6.049044
6.0696816
6.1971917
5.8247995
5.6649084
5.5607815
5.4211106
5.676874
5.4738593
5.451596
5.654066
5.7296066
6.0414476
6.270226
6.472136
6.7532196
6.6819124
6.869384
6.694078
6.862444
6.8828163
7.1131196
7.5231376
7.7275276
7.6630225
7.7483544
7.6089487
7.8607836
7.852907
7.4073386
7.5230265
7.2335496
7.2244124
7.134285
6.9741054
6.990368
6.966016
6.968562
6.9761734
6.993662
6.844692
6.8043356
6.9013324
6.603492
6.6982327
6.8912253
7.194097
7.004895
6.9165206
6.8916087
6.66698
6.741831
6.458252
6.3698573
6.066855
6.140377
6.2366304
6.365288
6.5292354
6.615436
7.103717
7.0680685
7.2913837
7.244185
7.353226
7.2017703
7.4857574
7.3929195
7.3874288
7.661953
7.318819
7.1765084
7.2358556
6.6135106
6.15787
6.2499056
6.3283916
6.4867516
6.397198
6.29463
6.3306274
6.34475
6.332259
6.540592
6.3882523
6.300522
6.23697
6.1766815
6.0658545
6.218262
6.2026925
6.0640154
5.944322
5.9789968
6.0278945
6.1910276
6.3428087
6.396949
6.5775723
6.8145475
6.7162123
6.746148
7.092845
6.774425
6.970909
6.9804754
6.852107
6.9870644
6.8487196
6.341539
6.318352
6.4169674
6.569627
6.6468287
6.364619
6.412243
6.4392686
6.4018545
6.4029803
6.417739
6.3317046
5.8797727
5.7373743
5.7910576
6.040998
6.200325
6.352132
6.0826488
6.1112027
6.3298917
6.276984
6.5934343
6.508031
6.497309
6.492264
6.907882
6.9424963
6.8985357
7.0629134
6.9422464
6.946544
7.0986357
7.0349774
7.080964
6.969789
6.9564257
6.2244096
6.590929
6.397583
6.403144
6.4844503
6.317036
6.2367144
6.050955
6.265958
6.0669208
6.015514
6.1197343
5.8772492
5.5735264
5.874627
6.0110703
6.204832
6.145224
6.006871
6.530538
6.240914
6.389042
6.0803623
6.266818
6.0138335
6.175734
6.100169
6.005661
5.868945
5.540458
5.342368
5.635735
5.882928
6.0853896
6.1237626
6.261758
6.347542
6.2558336
6.0844717
6.2569957
5.9833636
5.9904966
5.9600244
6.0849056
6.4553595
6.325637
6.4230056
6.567149
6.447354
6.634118
6.283746
6.5055037
6.5413156
6.4153605
6.1357865
6.281673
6.226011
6.2563233
6.312214
6.464101
6.3857303
6.254291
6.521397
6.478692
6.474364
6.425661
6.348902
6.1621113
6.067862
5.9323797
6.0817795
5.884789
6.0558615
6.094709
6.3891945
6.498229
6.799105
6.8279247
6.9616637
7.2692366
7.424114
7.418814
7.1813445
7.1035314
6.9572
6.5759516
6.510489
6.3645883
6.436593
6.9797897
6.622868
6.6160216
6.4976907
6.283736
6.4252005
6.469319
6.584241
6.126029
6.256793
5.691902
6.1143255
6.6122417
6.624783
6.588876
6.9406805
7.1908636
7.2081842
7.204164
7.094838
6.992796
7.1383286
6.921443
7.352328
7.369219
7.2901373
6.905883
7.0613484
7.5483522
6.8942847
7.0406485
6.031642
6.378657
6.1970954
6.824574
6.8296146
7.2083826
7.4990726
7.318055
7.1752276
7.235784
7.2621646
7.1575723
7.2108116
7.3208776
7.0267205
6.9101334
6.8782973
6.8349934
6.963514
6.669807
6.892162
6.861835
7.1162934
6.8845186
6.82165
6.72712
6.842495
6.631795
6.746849
6.833951
6.710738
6.922639
6.7065654
6.710619
6.718692
6.718483
6.785979
6.780096
6.633232
6.7562237
6.7246323
6.6420493
6.811374
6.5850353
6.9129796
6.693854
6.8523474
7.286873
7.1650214
7.2554603
7.146892
6.8911595
6.71027
6.8330283
6.986659
7.1094494
6.8193493
6.751008
6.4348135
6.485421
6.837883
6.6414022
6.5272465
6.3736396
6.3945856
6.302843
6.232922
6.0881696
6.1517043
6.3178477
6.1713204
6.0938964
6.101528
6.234091
6.0789633
6.3361263
6.5322027
6.3461266
6.083845
6.076359
6.3075805
6.3861976
6.7557936
6.843722
6.836001
6.74207
6.886843
7.1203732
7.2702127
7.1161585
7.1604023
6.9524884
7.277956
7.7448287
7.6970053
6.9719396
7.0991645
6.9472113
6.717155
6.449865
6.7199183
6.522853
6.4695225
6.2903523
6.2583876
6.214136
6.03819
6.075837
6.0609365
6.177025
6.1589
6.1133614
6.079854
5.87734
6.046073
6.0023284
5.9698
5.7226267
5.776085
5.658871
5.530192
5.484734
5.287322
5.5004897
5.3862696
6.2392926
6.9578953
6.973969
6.977029
7.0158887
6.7191315
6.8339243
6.940012
6.8595357
6.7959485
6.2778115
6.173203
6.014984
6.065404
5.91916
5.952501
5.8563232
5.773573
5.7060986
5.665513
5.6970224
5.616611
5.7574778
5.994191
5.838242
5.90443
6.2642984
6.0463724
5.7927
5.34139
5.102884
5.021925
4.936076
5.177057
5.4046245
5.362271
5.210616
5.492263
5.6016407
5.3730555
5.107602
4.710839
0
0
0
4.6722918
4.72849
4.6326127
4.6918764
4.700483
4.6413903
4.5943103
4.7592554
4.7338734
4.713037
4.757231
4.503953
4.7057915
4.7346215
4.7616067
4.736529
4.6850595
4.586551
4.638486
4.668111
4.6929626
4.705474
4.728742
4.73673
4.6479306
4.799162
4.74367
4.886823
4.7899146
4.8109064
4.8814507
4.8999915
4.7045336
4.755517
4.950155
4.7283645
4.7758236
4.766163
4.903098
4.9075427
4.8467226
4.926113
4.351528
0
0
0
0
0
0
0
0
0
0
0
0
0
0
0
0
0
0
0
0
0
0
0
0
0
0
0
0
0
0
0
0
0
0
0
0
0
0
0
0
0
0
0
0
0
4.3905063
4.5772986
4.6301327
4.5717473
4.6406674
4.840516
4.734948
4.857128
4.7359557
4.83735
4.7192516
4.8774886
4.817958
4.8949575
4.693025
4.6999674
4.7890897
4.573996
4.559234
4.7637386
4.836822
4.7573366
4.622555
4.2954593
0
0
0
0
0
0
0
0
0
0
0
0
0
0
4.323199
4.4259586
4.457132
4.2339425
4.2692976
4.323826
4.2572756
4.442908
4.324338
4.09647
0
0
0
0
0
0
0
0
0
0
0
0
0
0
0
0
0
0
0
4.1797953
4.5542903
4.676815
4.6881356
4.5048165
4.4580655
4.489176
4.635704
4.9768353
4.864596
5.207456
5.045156
4.861529
4.425378
4.397628
4.5201764
4.446005
4.7910085
4.886289
4.7254977
4.970627
5.0478806
5.186524
5.142408
5.2286496
5.0938587
5.195812
5.3493404
5.3196826
5.3183217
5.275853
5.44034
5.3700747
5.4379787
5.37306
5.338716
5.3176775
5.2843995
5.3071704
5.0539265
5.010147
4.813366
4.929699
4.8040133
4.807884
4.632579
4.758152
4.7502728
4.775017
4.426074
4.4236617
4.278701
4.238361
4.2879553
4.189316
0
4.116541
0
4.1318727
4.290583
4.158871
4.2168336
4.2662196
4.3604116
4.526003
4.7775335
4.8004866
4.9543304
5.042196
4.866229
4.8829865
4.897575
4.8418384
4.872096
4.7859516
4.896377
4.9543476
4.9096327
4.8861623
4.920538
4.860654
4.741937
4.593353
4.505885
4.7719946
5.057906
5.5801587
5.7893815
5.721093
5.7042975
5.745545
5.7739973
5.760286
5.7359495
5.942025
5.674323
6.1280584
5.9640613
5.8358827
5.9145885
5.8710527
5.932858
6.1442595
5.6796746
6.0659475
5.9163094
5.847457
5.719396
5.9257536
5.867819
5.831409
5.665908
5.891792
5.813096
6.0310926
5.7444296
5.753854
5.7989545
5.761368
6.042315
5.984012
5.8775983
5.866207
5.870428
5.85411
5.9923587
5.986432
6.079443
5.951633
6.0136333
6.0111485
6.020003
5.966464
5.8764086
5.879426
5.736366
5.6953807
5.430015
4.9654083
4.868614
4.899108
4.80089
5.161913
5.286809
5.404884
5.4711304
5.621707
5.618791
5.7263947
5.715671
5.473251
5.323012
5.0079165
4.799865
4.748328
4.2962365
4.0987244
0
0
4.1204686
4.259817
4.321924
4.169422
4.251157
0
0
0
0
0
0
0
0
0
0
0
0
0
0
4.734462
4.8628683
4.805429
4.923893
5.0153127
5.0101557
5.339551
5.259623
5.232068
5.005804
5.0661516
5.0560865
4.9231815
4.7275596
4.34058
4.25799
4.2047405
0
0
0
0
0
0
0
0
0
0
4.157564
4.461276
4.3118134
4.4315157
4.393235
4.3651323
4.1741924
0
4.407634
0
0
4.1594067
4.1766524
0
0
0
4.1781864
0
4.086785
4.7977266
4.9175215
5.2482367
5.382026
5.464304
5.430929
5.580861
5.346739
5.337788
4.9901648
5.1862783
5.5417786
5.7238426
5.542731
5.5338683
5.5937395
5.6789365
5.65487
5.568372
5.3845587
5.4076777
5.2772055
5.4152174
5.4432683
5.452282
5.260964
4.8583875
4.9846516
4.909437
4.979567
4.984366
4.9579306
4.9911833
4.9990683
5.109258
5.0585594
4.717147
4.7591805
4.9869137
4.986211
4.9402514
4.908283
4.846273
4.866004
4.741594
4.8867645
5.096002
4.9290013
4.8017974
4.7811
4.6753316
4.8862424
4.471579
4.3326993
4.6031637
4.7700415
4.804954
4.690609
4.766245
4.8508496
4.7899613
4.7087975
4.7291746
4.743769
4.72587
4.726571
4.5375204
4.5255365
4.5351505
4.5565395
4.500865
4.477278
4.596347
4.5328116
4.5844817
4.554371
4.6013737
4.6638093
4.6588583
4.550748
4.4734373
4.761831
4.7905493
4.816428
4.7615843
4.5203214
5.429141
5.4589615
5.4599304
5.526843
5.6187057
5.488796
5.3109665
4.9939747
4.936166
4.8730497
4.886461
4.657105
4.8604217
4.8588552
5.0185814
5.316538
5.4562087
5.284206
5.164229
5.044084
5.041368
5.008998
5.0242004
5.1158
5.026888
5.06184
4.9278703
4.7898474
4.852442
4.683995
4.769996
4.8109856
4.5849137
4.7712727
4.844478
4.649858
4.565386
4.6138306
4.676196
4.7897577
4.902209
4.541036
4.415297
4.626067
4.6477222
4.4452667
4.427346
0
4.347263
4.540421
4.7647486
4.807949
4.77302
4.69644
4.9741807
4.8794866
4.9673033
4.793622
4.6155825
4.2293797
0
0
0
0
0
0
0
4.049929
4.569333
4.9009953
4.9563737
4.903474
5.0493093
5.107569
5.0643525
4.9168825
4.986757
4.9583416
4.892802
5.0134106
5.107577
5.1960025
5.26888
5.4263844
5.2453613
4.8162203
4.742251
5.0169177
4.6381288
0
0
0
0
0
4.3932047
4.3827877
4.4917183
4.37663
4.390977
4.455055
4.7295103
4.4326534
4.6517067
4.243252
4.4854593
4.3397446
4.202719
4.243107
4.1986766
4.1362395
4.1049075
0
0
0
4.11462
4.2843876
4.2073007
4.26619
4.3117375
4.420708
4.4492035
4.6723914
4.6656303
4.7359443
4.9211836
4.847275
4.7208385
4.637391
4.4219513
4.1577682
4.1443496
0
0
4.958267
0
4.1715755
0
4.24724
4.113969
4.189107
4.126637
4.088079
4.183022
4.3543386
4.5536494
4.5337944
4.728315
4.431623
4.422836
4.23675
6.135942
5.2823706
5.3938584
5.1657014
4.7817655
5.203542
5.0023656
5.045813
5.5010877
5.6119604
5.910486
5.924495
6.447734
6.470203
6.2146378
6.1643453
6.5745564
6.648571
6.5847793
6.504913
6.656033
6.7166085
6.7407417
6.717226
6.702921
6.7526116
6.7730174
6.5092044
6.252829
6.0375724
6.1374993
6.248501
6.131642
6.0367436
6.117427
6.139591
5.983313
6.027492
6.0970798
6.072501
6.027543
6.027028
6.1241536
6.176524
6.2439585
6.0772805
6.172901
6.287934
5.937579
5.7991867
5.642812
5.678213
5.585465
5.556599
5.532559
5.5358524
5.451977
5.6225514
5.4283867
5.550162
5.4353075
5.509577
5.3687997
5.229125
5.070352
4.9837627
4.924229
4.8107367
4.9829903
5.133629
5.098693
5.029767
4.5486712
4.461512
0
0
0
0
0
0
0
0
0
0
0
0
0
0
0
0
0
0
0
0
0
0
0
0
0
0
0
0
0
0
0
0
0
0
0
0
0
0
0
0
0
0
0
0
0
0
0
0
0
0
0
0
0
0
0
0
0
0
0
0
0
0
0
0
0
0
0
0
0
0
0
0
0
0
0
0
0
0
0
0
0
0
0
0
0
0
0
0
0
0
0
0
0
0
0
0
0
0
0
0
0
0
0
0
0
0
0
0
0
0
0
4.115801
0
4.4065423
4.179225
4.2293553
4.1455097
4.180076
4.2032413
4.264785
4.325799
4.1782374
0
4.217383
4.2722516
4.1202826
0
4.179218
4.1980424
4.2193055
4.0866365
4.1404057
4.157501
4.5183115
4.44129
4.324429
4.6599665
4.5256786
4.59578
4.410627
4.5984106
4.6924047
4.4520416
4.62226
4.6465263
4.4450374
4.6187887
4.6398435
4.616959
4.5802813
4.393334
4.5336876
4.598833
4.572337
4.7702947
4.731772
4.7398686
4.8731904
4.9042864
4.910434
4.9618645
4.904697
4.4587255
4.476762
4.4897327
4.3936124
4.4021378
4.484762
4.519977
4.530485
4.7518463
4.668609
4.7782583
4.682634
4.730426
4.7750034
4.7373295
4.7379823
4.6681094
4.856857
4.7279925
4.571648
4.652529
4.807225
4.9122124
4.693751
4.8592362
4.8418317
4.619011
4.607942
4.487063
4.6071587
4.801493
4.8422604
4.933546
4.7946796
4.6651654
4.6668577
4.7941723
4.8240967
4.672988
4.583667
4.582649
4.6205587
4.773852
4.7738366
4.989989
4.770257
4.7403283
4.8674197
4.75825
4.9731007
4.927247
4.969814
4.9177084
5.1130743
5.0273848
4.976738
4.895693
4.825344
4.840375
4.7357497
4.4750996
4.440672
4.377102
4.5132155
4.5844297
4.4678974
4.52105
4.606832
4.425595
4.62182
4.475514
4.456107
4.6876826
4.457098
4.5670724
4.7102346
4.5207863
4.557297
4.5697656
4.4618697
4.621847
4.4679837
4.6902857
4.581496
4.5860076
4.658451
4.726634
4.7575846
4.770173
4.607213
4.6469164
4.495526
4.7609267
4.7377543
4.7281823
4.6901617
4.6336966
4.557946
4.602454
4.7500024
4.640569
4.7412486
4.7618985
4.8219266
4.763245
4.6977253
4.5323944
4.5261664
4.37426
4.477557
5.7214794
6.1707997
6.054123
5.7634807
5.7759
5.328009
5.230677
5.143012
5.228939
5.396864
5.29549
5.1739445
4.7563734
4.561444
4.2646766
0
0
0
0
0
0
0
0
