10000
8.855927
8.894523
8.842504
8.898614
8.876286
8.818639
8.897636
8.863002
8.824459
8.865964
9.019703
9.002474
9.009505
9.023269
9.070319
8.941683
8.81535
8.83766
8.878697
8.887021
8.89477
8.972813
9.032061
9.059419
9.097399
9.073155
9.13482
9.136293
9.157336
9.156447
9.135529
9.143057
9.054901
9.007467
8.942004
8.964037
8.935316
9.023958
9.007795
9.043767
9.060872
9.128093
9.135689
9.1272
9.0686865
9.139683
9.132027
9.063202
9.007658
8.935921
8.905517
8.902406
8.962894
9.055112
9.091397
9.189305
9.191887
9.193497
9.202222
9.152626
9.094898
9.039895
8.985227
8.968882
8.978756
9.048578
9.022446
9.054139
9.029939
9.042385
9.00243
9.062538
9.027552
9.06214
9.045878
8.999374
8.993872
8.949207
8.966639
8.931813
8.784894
8.762965
8.77005
8.805946
8.760651
8.783475
8.860575
8.829331
8.874772
8.789043
8.877854
8.8734045
8.934476
8.881392
8.91311
8.911772
8.9209795
8.9423065
8.851833
8.837875
8.839069
8.810022
8.795839
8.819379
8.821537
8.810495
8.814132
8.868129
8.78342
8.867212
8.827812
8.930565
8.887436
8.87069
8.860885
8.85177
8.871674
8.858453
8.920187
8.942296
8.813358
8.876244
8.816055
8.839989
8.915879
8.827248
8.840491
8.835584
8.8288355
8.899777
8.851974
8.940543
8.922441
8.918577
8.873641
8.8371935
8.853267
8.810209
8.868862
8.891906
8.970711
8.925594
8.893681
8.827155
8.850346
8.750452
8.77826
8.73415
8.7195
8.709308
8.698689
8.759768
8.669946
8.800436
8.712616
8.770988
8.724005
8.685238
8.606501
8.546911
8.493783
8.411882
8.416214
8.420811
8.61073
8.564949
8.521001
8.507239
8.44859
8.350359
8.282502
8.249123
8.124146
8.14872
8.001348
8.026137
7.896616
7.8699303
7.7575846
7.659137
7.3286066
7.114939
6.784622
6.443978
6.031219
5.42157
4.9192924
4.4075108
4.360301
4.5124536
4.6983037
5.12811
5.3225236
5.5718403
5.6679926
5.824242
6.2192674
6.4438224
6.6429534
6.8984575
6.9582524
7.143713
7.2925234
7.362835
7.540551
7.544255
7.479259
7.481918
7.622676
7.6672072
7.8574433
8.070501
8.109896
8.038767
8.104224
8.140429
8.069596
8.074013
7.9273424
8.003818
7.8789897
7.908435
7.926331
7.938454
7.911534
7.973705
7.9825206
7.995883
7.9743834
8.026916
7.956475
8.1046095
7.9472256
8.071261
8.001006
8.005408
7.976664
8.066347
8.088198
8.053706
8.025625
7.9954033
8.107649
8.072361
8.101847
7.9981914
8.042222
7.9782376
7.9795594
7.9951544
8.003102
8.015863
7.9502025
8.071525
8.103022
8.092542
8.096933
8.108933
8.110275
8.108073
8.245992
8.2379055
8.238523
8.260449
8.254369
8.266074
8.27265
8.261496
8.279914
8.251527
8.30095
8.355298
8.347088
8.350715
8.313875
8.350578
8.320003
8.354037
8.310339
8.325332
8.316647
8.317632
8.333614
8.342086
8.332294
8.362809
8.358402
8.396655
8.312074
8.378997
8.421542
8.466303
8.535138
8.483924
8.503583
8.426231
8.351425
8.282141
8.374672
8.380854
8.467222
8.454279
8.487359
8.476193
8.493457
8.503547
8.480692
8.474653
8.468179
8.452553
8.457854
8.483738
8.481252
8.4498825
8.47989
8.473788
8.4493065
8.438093
8.433661
8.3958235
8.3510475
8.297232
8.275705
8.277503
8.250797
8.337869
8.309263
8.382884
8.316447
8.382707
8.334614
8.399721
8.42348
8.377562
8.453176
8.4120035
8.489707
8.389006
8.415701
8.38084
8.375885
8.365854
8.380172
8.375171
8.408758
8.415057
8.397675
8.437924
8.345152
8.278351
8.398348
8.329415
8.330011
8.255632
8.274439
8.245137
8.266266
8.288395
8.276454
8.305465
8.277048
8.257279
8.272484
8.253801
8.2895355
8.284351
8.260346
8.232668
8.23316
8.373139
8.440336
8.514799
8.522317
8.478659
8.472462
8.505035
8.431738
8.463407
8.4529085
8.459425
8.469261
8.417667
8.461781
8.327639
8.386111
8.285411
8.274416
8.256129
8.259655
8.240878
8.246044
8.235368
8.221641
8.259061
8.204043
8.307552
8.186572
8.2950735
8.194445
8.259969
8.227973
8.255524
8.214098
8.263312
8.18718
8.306014
8.170112
8.320065
8.267167
8.400262
8.256273
8.347901
8.271466
8.296324
8.281224
8.312687
8.298515
8.4240885
8.334822
8.376495
8.349459
8.488111
8.357447
8.491158
8.359089
8.410155
8.239445
8.234941
8.04479
8.193403
8.124174
8.31451
8.406875
8.535481
8.445671
8.551663
8.453593
8.556344
8.448172
8.552176
8.403635
8.384783
8.146422
8.185318
8.085979
8.161769
8.119449
8.241145
8.171579
8.347947
8.210196
8.363766
8.184144
8.221515
7.975298
8.038949
8.013896
8.100606
7.942545
8.028817
7.9474344
7.8506308
7.968363
8.009385
7.918518
7.923876
7.917554
7.970425
7.892842
8.012006
8.0024605
8.048205
8.003697
8.012582
7.9838014
8.130912
8.074694
8.167576
8.221139
8.201475
8.122095
8.079186
8.103346
8.1235695
8.085462
8.036477
8.121899
8.15968
8.157799
8.121772
8.091704
8.179125
8.242836
8.156995
8.2748785
7.913253
7.8610497
7.644072
7.4781504
7.5015893
7.3609276
7.0942645
7.1241345
7.0982437
7.0291505
7.026491
6.9688325
6.827386
6.6628823
6.331012
6.2492085
6.3901863
6.211234
6.057835
5.7936277
5.5138984
5.2180233
5.2349424
5.0526676
4.8520966
5.140883
4.6752253
4.6127577
5.010274
5.212361
5.757109
5.4743114
5.2522817
5.122059
5.055393
5.4953365
5.467796
5.425145
5.0002556
4.4940095
4.835819
5.337034
5.401098
5.0775003
5.3170924
4.7859774
4.722516
4.969942
5.03497
4.9921794
4.779152
3.9887528
4.3111525
4.3184576
3.9966059
4.3032465
5.147938
5.263194
6.1559277
6.6343064
6.825425
7.357353
7.033562
6.454771
6.0630975
5.405262
5.158284
5.0538816
6.3571873
6.9904146
7.98919
7.5137534
6.8259926
7.249719
5.900289
6.7271214
6.6655617
7.3600545
7.3760138
6.8887014
6.9654546
7.205666
6.646209
6.8273067
7.137637
7.6894765
8.048391
7.7374525
7.7923083
7.821442
7.6080737
6.493406
7.301563
7.567183
7.467966
7.619914
7.240996
6.863297
5.9841185
4.6449275
3.6776001
4.219533
3.6134982
3.0309181
3.6480632
3.4520757
3.3242521
3.3541262
3.2945237
3.387317
3.5735564
3.7131057
3.5840542
3.3743186
3.6686635
3.5683365
3.5547152
3.9489098
4.0627327
3.9283123
4.0456815
4.1488853
4.1701584
3.8991752
3.6154795
3.6292295
3.340342
3.2625513
3.2375107
3.2724051
3.1736748
3.3029943
3.1983159
3.215027
3.3988771
3.4723918
3.5774102
3.540562
3.1212256
3.08812
2.7676826
2.8526905
2.9591281
2.812949
2.7222786
2.7622664
2.7523594
2.8410637
2.787629
2.9428594
3.1840222
2.9750283
2.3071058
2.1274698
2.4770007
2.6783197
2.8426785
2.723345
2.9381173
2.8024313
2.9682355
3.415311
3.7922926
4.023236
4.098068
4.0369086
3.9358277
3.603439
3.3836937
3.4549873
3.381474
3.3771856
3.31047
3.4038002
3.197587
3.350308
3.4532964
3.5162313
3.7394216
3.6938736
3.8435657
3.8548586
3.7536502
4.0171757
3.9135423
3.5040042
3.4205933
3.3958611
3.4166772
3.1682062
3.1463532
3.2797017
3.1756096
3.1108322
3.1386793
3.1048841
3.1113834
3.1552274
3.1287599
3.1446755
3.1832724
3.097627
3.1943967
3.1216195
3.1185737
3.1674187
3.0341542
3.248622
3.196387
3.1537957
3.063372
3.0777764
3.2616878
3.0783834
3.102233
2.9753196
3.0015388
2.9002776
3.0798094
2.9332461
3.0079792
2.9293141
2.8714814
2.8823829
3.0053222
2.882091
2.6542792
2.733941
2.872623
3.134625
2.738499
2.6160457
2.701349
2.9417286
2.7733307
4.4287643
3.3061311
2.1794672
2.1282375
2.44869
2.9046652
2.8722994
3.028963
2.4568226
2.4367166
2.8490922
2.834299
2.4896708
2.310968
2.3663113
2.5409703
2.6841035
2.8698852
3.1025634
3.266626
3.1539333
3.0298567
2.7638993
2.246365
2.0670962
2.1663842
2.0170164
2.3020923
2.0941472
2.2368062
2.2364042
2.1977222
2.2015512
2.1374393
2.1984525
2.120112
2.12772
2.2737908
2.2548692
2.2298243
2.1490138
2.0349784
1.9183288
1.8912919
1.7611133
1.7984912
1.9630747
1.9607878
2.0146663
2.067103
2.0103016
2.0266974
2.0788507
2.220419
2.230265
2.276919
2.1503513
2.226919
2.3608413
2.344966
2.4358566
2.4551873
2.4634676
2.5048008
2.3574207
2.516118
2.4948196
2.503705
2.3704379
2.550324
2.3535266
2.5385277
2.3882525
2.4344444
2.50675
2.3513377
2.4367642
2.3038695
2.4334989
2.40199
2.4130433
2.24947
2.2510507
2.152146
2.2140317
2.12112
2.1598377
2.032917
2.1493742
2.0090084
2.118774
1.9296205
2.0175428
1.9868447
1.9283907
1.9357867
1.8898547
1.8897457
1.8719634
1.9769757
1.9822875
2.017879
2.1071172
2.0203023
2.15655
2.0650313
2.1156807
2.0144165
2.0635629
2.0593977
2.0637405
2.0075889
2.0717306
1.9020993
1.9843856
1.8955541
2.0292394
1.9693838
1.920022
1.9905462
1.9374331
1.9626561
1.8757493
1.9750007
1.9222401
2.0108533
1.931009
1.9924251
1.9199599
2.0023994
1.973716
1.9302658
1.9383082
1.9669454
1.9675946
1.9185632
1.9355564
1.9101018
1.9662437
1.9963026
1.9527676
2.006168
1.9574962
1.9372463
1.8927755
1.9958235
1.941978
1.9936395
1.9298648
1.9737134
1.9638704
1.9412576
1.92069
1.9825734
1.9032962
2.0037441
1.9949375
1.9789729
1.9651985
1.9310555
1.9555613
1.9562175
1.9955899
1.980172
1.9761702
1.9952633
2.0139465
1.9706442
1.9973767
2.0281174
1.9918953
2.0745482
2.0220037
2.0320463
2.0306864
1.9803009
2.0593421
1.9519149
2.05558
2.0966637
2.0071313
2.0306795
2.1200352
2.0123086
2.136404
2.0520601
2.194114
2.0494537
2.1505504
2.0883431
2.2078152
2.120783
2.1738682
2.2158375
2.211023
2.1487277
2.2894123
2.2264428
2.276998
2.2990255
2.2170532
2.2978456
2.2261014
2.3244572
2.3696265
2.2088804
2.309461
2.2094483
2.3110561
2.3191528
2.3061004
2.336417
2.2600873
2.3574915
2.3608112
2.3144827
2.1940117
2.3920782
2.179402
2.3921218
2.364571
2.339545
2.3300297
2.3534937
2.2768939
2.3860934
2.3905675
2.4768012
2.3547642
2.5452073
2.4565876
2.4244144
2.4395704
2.3681943
2.3032365
2.3428118
2.2797446
2.22994
2.2793596
2.2495375
2.173366
2.2018342
2.161451
2.2001112
2.169304
2.2357614
2.259256
2.0986462
2.0778968
2.200663
2.1874323
2.281767
2.2533185
2.4740582
2.5369728
2.8317986
2.8332314
3.1073081
3.1417599
3.2984498
3.2892504
3.3703518
3.4120831
3.2511406
3.1995203
3.45541
3.926787
3.7832189
3.147186
2.9493475
2.8049457
2.7000651
2.5190454
2.3310707
2.3080578
2.6025803
3.6929314
4.0988617
4.6298084
4.835887
4.890279
4.843218
4.5658765
4.66623
4.3479776
3.6370058
3.2987325
3.6071506
3.6305928
3.8707714
4.09579
4.095641
4.115183
3.968903
3.584181
3.6764889
3.348794
3.61292
3.974596
3.4255362
2.8410206
2.7553306
2.690084
1.3311546
2.506403
2.4045324
2.5454683
2.416255
2.5966172
2.8384926
2.8123806
2.809735
2.9778636
2.84964
2.8506143
2.8822932
2.9779658
3.0675108
3.0326004
2.939977
3.004951
2.9358184
3.0961668
3.0866015
3.1180813
3.161189
3.1386642
3.156439
3.137976
3.263866
3.1785078
3.1041203
3.1549904
3.1601422
3.17924
3.2477763
3.3292449
3.2231796
3.1341121
3.3243947
3.320244
3.2876034
3.3433275
3.3494406
3.3779275
3.382258
3.4011996
3.286061
3.1160426
3.115335
3.2581964
3.2343032
3.2365077
3.2966726
3.352048
3.2430992
3.42417
3.3947647
3.3909314
3.3483386
3.4072747
3.3924866
3.4543283
3.4181473
3.469302
3.3165658
3.4129896
3.3112967
3.4096828
3.387362
3.3796895
3.3052309
3.4283774
3.310919
3.4154925
3.2210023
3.2961876
3.181165
3.2155898
3.2186112
3.2191467
3.1846461
3.1893017
3.2106616
3.255479
3.3136744
3.2769883
3.261285
3.3285646
3.2026443
3.2390928
3.2557688
3.1702769
3.1909704
3.2408712
3.2597494
3.4018815
3.3062377
3.1811538
3.2684906
3.3704157
3.339467
3.3335776
3.326385
3.2821126
3.349602
3.3375046
3.3272898
3.269412
3.133727
3.3456492
3.2597892
3.3346248
3.2450328
3.3593998
3.3375475
3.352689
3.366209
3.3146372
3.290118
3.307854
3.1720161
3.3287604
3.2297542
3.2335112
3.2303038
3.363491
3.3699186
3.4033825
3.3347366
3.4020667
3.322982
3.2524724
3.299302
3.3178155
3.234539
3.2466393
3.2549012
3.2666302
3.2220912
3.2286725
3.231737
3.2012196
3.1876097
3.2085137
3.2560623
3.2348492
3.2385688
3.2475574
3.1144974
3.2285013
3.2076445
3.0251517
3.267726
3.2474582
3.2251973
3.2209737
3.2290976
3.2186391
3.2055645
3.172632
3.201212
3.1620097
3.166502
3.2067792
3.2235167
3.2021644
3.1172197
3.2084804
3.121033
3.2555666
3.2613502
3.126633
3.2366045
3.0943828
3.2114897
3.2605152
3.3164542
3.2860594
3.347897
3.342951
3.3589113
3.3450327
3.3665829
3.3475778
3.3896282
3.3379147
3.3537014
3.36566
3.4302769
3.4270675
3.2904534
3.2408063
3.277604
3.2703135
3.3636515
3.2531347
3.2932987
3.1645267
3.272626
3.3346782
3.364735
3.2886946
3.2097354
3.277266
3.2339616
3.2859414
3.1233368
3.1620178
3.287851
3.259938
3.2102997
3.2300513
3.2272015
3.1598995
3.1944053
3.087459
3.1706898
3.2459135
3.293889
3.2432535
3.3043046
3.3058329
3.256572
3.126789
3.1687527
3.6222725
4.4089055
3.6441715
4.057057
4.037596
4.097711
4.5388994
5.0067015
4.6367826
4.6994224
4.2300816
3.9296958
3.8257108
3.650323
3.7405112
3.520011
3.4347553
3.7872984
3.8464563
3.7971618
4.070269
4.1613617
4.4388547
4.335941
3.7549057
4.1568403
3.879163
4.2054186
3.8594398
3.9012856
4.0206995
3.8197994
2.9466634
3.0170434
3.7547448
4.802141
5.2545576
3.8888288
3.987097
4.2996287
3.7049382
3.4323816
3.1959715
3.217886
3.180068
2.633692
2.6205995
3.1050074
3.2239845
3.2404587
3.4700584
3.5208812
3.4077358
3.3722482
3.5017347
3.3865128
3.375739
3.4442246
3.3700304
3.4055004
3.2719235
3.3420238
3.4021983
3.4531863
3.5018094
3.4548995
3.6110158
3.4388824
3.5387313
3.4713957
3.565319
3.35914
3.6116571
3.603578
3.564147
3.534699
3.563305
3.192472
3.3231668
3.3191044
3.2190394
3.1542869
3.2952912
3.8999224
3.8312716
2.781446
2.8795288
2.6697855
2.610481
2.6565468
2.5318673
2.3239682
2.285686
4.135883
4.520909
4.42821
4.5722995
4.661027
4.698152
4.5362597
4.477099
4.405594
4.4886637
4.671896
4.5593386
4.6064405
4.471972
4.529172
4.319012
4.328639
4.3769193
4.4521704
4.421353
4.5405135
4.5443654
4.5614085
4.6194806
4.621049
4.6035223
4.634241
4.6127954
4.6475015
4.6638503
4.5988283
4.643924
4.5806875
4.630623
4.572224
4.596081
4.6556683
4.6107683
4.6054664
4.669467
4.636354
4.7682505
4.679874
4.70527
4.687058
4.7780304
4.7421045
4.6633754
4.7563276
4.673988
4.751003
4.7491603
4.743503
4.716673
4.6932077
4.742193
4.757827
4.74224
4.763669
4.771458
4.7608767
4.735782
4.716067
4.7444105
4.7841434
4.7731924
4.743648
4.7875814
4.7821817
4.8182826
4.7560754
4.6891317
4.741588
4.777622
4.7710404
4.723833
4.7932262
4.7866063
4.7847347
4.770229
4.839895
4.8351736
4.8964005
5.030328
4.9887743
4.9588604
4.903266
4.921994
4.868461
4.8867664
4.8458967
4.870263
4.8661838
4.8670177
4.9665437
4.8242707
4.884085
4.834169
4.74117
4.781342
4.783313
4.78693
4.816345
4.824538
4.86001
4.853491
4.864518
4.873899
4.9028597
4.9219513
4.9068127
4.8959603
4.892643
4.8851347
4.868947
4.807239
4.796508
4.8374047
4.755871
4.818088
4.878497
4.854054
4.847786
4.851468
4.857669
4.8393
4.806596
4.8318386
4.74829
4.7675633
4.7552657
4.823487
4.78091
4.833561
4.832947
4.756462
4.8121004
5.061171
5.1508474
5.2233624
5.345895
5.4578714
5.450119
5.493222
5.4212203
5.436252
5.4282475
5.469624
5.417836
5.5464115
5.547686
5.4915404
5.5102816
5.4939218
5.5326376
5.5447283
5.5837264
5.5652347
5.470361
5.499801
5.462918
5.5410643
5.614974
5.6708813
5.6606627
5.6192484
5.5826397
5.584611
5.6352353
5.612116
5.6313167
5.650419
5.566158
5.618641
5.6760316
5.5914483
5.6683826
5.664611
5.6902375
5.596433
5.58445
5.6672573
5.557994
5.5874968
5.6391172
5.682808
5.7230387
5.6945977
5.6985607
5.883309
5.7048554
5.7619543
5.814211
5.877751
5.8580256
5.862711
5.801725
5.9415197
5.838133
5.917834
5.7324677
6.0160327
5.7882752
5.799301
5.82113
5.715657
5.9473934
5.800889
5.8096914
5.7217827
5.794191
5.759341
5.849721
5.6454053
5.784655
5.8099217
5.692923
5.7080474
5.7367196
5.7010336
5.7139874
5.7635193
5.7831774
5.7289476
5.7982216
5.7910404
5.7695975
5.7050114
5.777767
5.703601
5.78384
5.7645574
5.7605634
5.7651663
5.794276
5.6968017
5.8045754
5.7704263
5.887833
5.9809155
5.917301
5.880862
5.5756073
5.699667
5.618009
5.5586233
5.3410935
5.489911
5.707082
5.23572
4.44217
2.839998
2.6690688
3.0342884
3.1822712
3.794417
3.53636
2.401727
2.519957
2.1590843
2.2424743
2.1234345
2.4501414
2.6257997
3.048835
3.5308886
3.6900854
3.7459323
3.8148594
3.746448
3.4917836
3.576236
3.3812382
3.4378018
3.2656226
3.4304981
3.3668654
3.6066084
3.5448213
3.582042
3.7297773
3.6026595
3.4572833
3.239793
2.8797925
2.3842664
2.3617232
2.5186741
2.4970124
2.6793659
4.702543
5.5745664
5.907998
4.529995
2.7859669
3.029975
3.19287
3.8480318
3.855833
1.6114341
1.0935092
1.2907656
2.200511
1.9877071
2.146802
0.56815195
0.95227736
0.8955006
0.7423731
1.1000661
1.5941229
1.4552647
1.5070142
1.3390878
